-- // converted using mech's animoduler
local cfr = CFrame.new

return {
	{
		tm = 0;
		["Torso"] = {
			tm = .017;
			cf = cfr(0,0,0,.999,-.025,.044,.046,.797,-.602,-.02,.604,.797);
			es = "Linear";
			ed = "In";
		};
		["Left Leg"] = {
			tm = .017;
			cf = cfr(-.353,.128,0,.34,-.941,0,.941,.34,0,0,0,1);
			es = "Linear";
			ed = "In";
		};
		["Right Arm"] = {
			tm = .017;
			cf = cfr(0,0,0,.679,.724,-.119,-.713,.69,.125,.173,0,.985);
			es = "Linear";
			ed = "In";
		};
		["Head"] = {
			tm = .017;
			cf = cfr(0,0,0,1,.002,-.03,.013,.863,.506,.026,-.506,.862);
			es = "Linear";
			ed = "In";
		};
		["Right Leg"] = {
			tm = .017;
			cf = cfr(.165,.125,0,.327,-.945,0,.945,.327,0,0,0,1);
			es = "Linear";
			ed = "In";
		};
		["Left Arm"] = {
			tm = .017;
			cf = cfr(0,0,0,-.379,.917,-.124,-.872,-.398,-.285,-.311,0,.95);
			es = "Linear";
			ed = "In";
		};
	};
	{
		tm = .017;
		["Torso"] = {
			tm = .016;
			cf = cfr(0,.004,-.005,.999,-.023,.04,.043,.797,-.602,-.018,.604,.797);
			es = "Linear";
			ed = "In";
		};
		["Left Leg"] = {
			tm = .016;
			cf = cfr(-.386,.068,0,.333,-.943,0,.943,.333,0,0,0,1);
			es = "Linear";
			ed = "In";
		};
		["Right Arm"] = {
			tm = .016;
			cf = cfr(0,0,0,.689,.715,-.122,-.704,.7,.123,.173,.001,.985);
			es = "Linear";
			ed = "In";
		};
		["Head"] = {
			tm = .016;
			cf = cfr(0,0,0,1,.002,-.029,.013,.863,.505,.026,-.505,.863);
			es = "Linear";
			ed = "In";
		};
		["Right Leg"] = {
			tm = .016;
			cf = cfr(.213,.13,0,.332,-.943,0,.943,.332,0,0,0,1);
			es = "Linear";
			ed = "In";
		};
		["Left Arm"] = {
			tm = .016;
			cf = cfr(0,0,0,-.366,.923,-.121,-.877,-.386,-.286,-.311,.001,.95);
			es = "Linear";
			ed = "In";
		};
	};
	{
		tm = .033;
		["Torso"] = {
			tm = .017;
			cf = cfr(0,.016,-.021,.999,-.019,.03,.033,.797,-.603,-.013,.604,.797);
			es = "Linear";
			ed = "In";
		};
		["Left Leg"] = {
			tm = .017;
			cf = cfr(-.484,-.112,0,.314,-.95,0,.95,.314,0,0,0,1);
			es = "Linear";
			ed = "In";
		};
		["Right Arm"] = {
			tm = .017;
			cf = cfr(0,0,0,.717,.685,-.129,-.675,.729,.116,.174,.004,.985);
			es = "Linear";
			ed = "In";
		};
		["Head"] = {
			tm = .017;
			cf = cfr(0,0,0,1,.002,-.028,.013,.864,.503,.025,-.503,.864);
			es = "Linear";
			ed = "In";
		};
		["Right Leg"] = {
			tm = .017;
			cf = cfr(.357,.145,0,.346,-.938,0,.938,.346,0,0,0,1);
			es = "Linear";
			ed = "In";
		};
		["Left Arm"] = {
			tm = .017;
			cf = cfr(0,0,0,-.329,.938,-.111,-.892,-.347,-.29,-.31,.004,.951);
			es = "Linear";
			ed = "In";
		};
	};
	{
		tm = .05;
		["Torso"] = {
			tm = .017;
			cf = cfr(0,.034,-.045,1,-.011,.014,.018,.797,-.603,-.004,.604,.797);
			es = "Linear";
			ed = "In";
		};
		["Left Leg"] = {
			tm = .017;
			cf = cfr(-.631,-.381,0,.284,-.959,0,.959,.284,0,0,0,1);
			es = "Linear";
			ed = "In";
		};
		["Right Arm"] = {
			tm = .017;
			cf = cfr(0,0,0,.762,.632,-.141,-.624,.775,.104,.175,.009,.985);
			es = "Linear";
			ed = "In";
		};
		["Head"] = {
			tm = .017;
			cf = cfr(0,0,0,1,.001,-.027,.012,.866,.5,.024,-.5,.865);
			es = "Linear";
			ed = "In";
		};
		["Right Leg"] = {
			tm = .017;
			cf = cfr(.572,.167,0,.369,-.93,0,.93,.369,0,0,0,1);
			es = "Linear";
			ed = "In";
		};
		["Left Arm"] = {
			tm = .017;
			cf = cfr(0,0,0,-.264,.96,-.095,-.914,-.281,-.294,-.309,.009,.951);
			es = "Linear";
			ed = "In";
		};
	};
	{
		tm = .067;
		["Torso"] = {
			tm = .016;
			cf = cfr(0,.046,-.061,1,-.007,.003,.007,.797,-.604,.001,.604,.797);
			es = "Linear";
			ed = "In";
		};
		["Left Leg"] = {
			tm = .016;
			cf = cfr(-.729,-.561,0,.264,-.964,0,.964,.264,0,0,0,1);
			es = "Linear";
			ed = "In";
		};
		["Right Arm"] = {
			tm = .016;
			cf = cfr(0,0,0,.818,.554,-.156,-.548,.832,.086,.177,.015,.984);
			es = "Linear";
			ed = "In";
		};
		["Head"] = {
			tm = .016;
			cf = cfr(0,0,0,1,.001,-.025,.012,.868,.496,.022,-.496,.868);
			es = "Linear";
			ed = "In";
		};
		["Right Leg"] = {
			tm = .016;
			cf = cfr(.716,.182,0,.383,-.924,0,.924,.383,0,0,0,1);
			es = "Linear";
			ed = "In";
		};
		["Left Arm"] = {
			tm = .016;
			cf = cfr(0,0,0,-.172,.982,-.071,-.936,-.186,-.298,-.307,.015,.952);
			es = "Linear";
			ed = "In";
		};
	};
	{
		tm = .083;
		["Torso"] = {
			tm = .017;
			cf = cfr(0,.05,-.066,1,-.005,0,.004,.797,-.604,.003,.604,.797);
			es = "Linear";
			ed = "In";
		};
		["Left Leg"] = {
			tm = .017;
			cf = cfr(-.761,-.62,0,.258,-.966,0,.966,.258,0,0,0,1);
			es = "Linear";
			ed = "In";
		};
		["Right Arm"] = {
			tm = .017;
			cf = cfr(0,0,0,.879,.445,-.173,-.442,.895,.06,.181,.024,.983);
			es = "Linear";
			ed = "In";
		};
		["Head"] = {
			tm = .017;
			cf = cfr(0,0,0,1,.001,-.022,.011,.871,.491,.02,-.491,.871);
			es = "Linear";
			ed = "In";
		};
		["Right Leg"] = {
			tm = .017;
			cf = cfr(.764,.187,0,.388,-.922,0,.922,.388,0,0,0,1);
			es = "Linear";
			ed = "In";
		};
		["Left Arm"] = {
			tm = .017;
			cf = cfr(0,0,0,-.052,.998,-.041,-.952,-.062,-.301,-.303,.024,.953);
			es = "Linear";
			ed = "In";
		};
	};
	{
		tm = .1;
		["Torso"] = {
			tm = .017;
			cf = cfr(0,.048,-.063,1,-.005,0,.004,.797,-.604,.003,.604,.797);
			es = "Linear";
			ed = "In";
		};
		["Left Leg"] = {
			tm = .017;
			cf = cfr(-.787,-.52,0,.31,-.951,0,.951,.31,0,0,0,1);
			es = "Linear";
			ed = "In";
		};
		["Right Arm"] = {
			tm = .017;
			cf = cfr(0,0,0,.934,.303,-.188,-.304,.952,.026,.187,.033,.982);
			es = "Linear";
			ed = "In";
		};
		["Head"] = {
			tm = .017;
			cf = cfr(0,0,0,1,0,-.019,.009,.875,.484,.017,-.484,.875);
			es = "Linear";
			ed = "In";
		};
		["Right Leg"] = {
			tm = .017;
			cf = cfr(.786,.202,0,.463,-.886,0,.886,.463,0,0,0,1);
			es = "Linear";
			ed = "In";
		};
		["Left Arm"] = {
			tm = .017;
			cf = cfr(0,0,0,.097,.995,-.004,-.95,.091,-.298,-.297,.033,.954);
			es = "Linear";
			ed = "In";
		};
	};
	{
		tm = .117;
		["Torso"] = {
			tm = .016;
			cf = cfr(0,.04,-.052,1,-.004,0,.003,.797,-.604,.002,.604,.797);
			es = "Linear";
			ed = "In";
		};
		["Left Leg"] = {
			tm = .016;
			cf = cfr(-.864,-.218,0,.461,-.887,0,.887,.461,0,0,0,1);
			es = "Linear";
			ed = "In";
		};
		["Right Arm"] = {
			tm = .016;
			cf = cfr(0,0,0,.972,.127,-.2,-.133,.991,-.016,.196,.042,.98);
			es = "Linear";
			ed = "In";
		};
		["Head"] = {
			tm = .016;
			cf = cfr(0,0,0,1,-.001,-.016,.008,.879,.476,.013,-.476,.879);
			es = "Linear";
			ed = "In";
		};
		["Right Leg"] = {
			tm = .016;
			cf = cfr(.853,.249,0,.667,-.745,0,.745,.667,0,0,0,1);
			es = "Linear";
			ed = "In";
		};
		["Left Arm"] = {
			tm = .016;
			cf = cfr(0,0,0,.27,.962,.039,-.919,.269,-.288,-.288,.042,.957);
			es = "Linear";
			ed = "In";
		};
	};
	{
		tm = .133;
		["Torso"] = {
			tm = .0169;
			cf = cfr(0,.026,-.035,1,-.002,0,.001,.797,-.604,.001,.604,.797);
			es = "Linear";
			ed = "In";
		};
		["Left Leg"] = {
			tm = .0169;
			cf = cfr(-.98,.234,0,.663,-.749,0,.749,.663,0,0,0,1);
			es = "Linear";
			ed = "In";
		};
		["Right Arm"] = {
			tm = .0169;
			cf = cfr(0,0,0,.976,-.082,-.204,.07,.995,-.067,.208,.051,.977);
			es = "Linear";
			ed = "In";
		};
		["Head"] = {
			tm = .0169;
			cf = cfr(0,0,0,1,-.001,-.011,.006,.884,.467,.009,-.467,.884);
			es = "Linear";
			ed = "In";
		};
		["Right Leg"] = {
			tm = .0169;
			cf = cfr(.954,.32,0,.893,-.45,0,.45,.893,0,0,0,1);
			es = "Linear";
			ed = "In";
		};
		["Left Arm"] = {
			tm = .0169;
			cf = cfr(0,0,0,.458,.885,.085,-.845,.463,-.267,-.276,.051,.96);
			es = "Linear";
			ed = "In";
		};
	};
	{
		tm = .15;
		["Torso"] = {
			tm = .0170;
			cf = cfr(0,.008,-.01,1,.001,0,-.001,.797,-.604,-.001,.604,.797);
			es = "Linear";
			ed = "In";
		};
		["Left Leg"] = {
			tm = .0170;
			cf = cfr(-1.057,.536,0,.776,-.631,0,.631,.776,0,0,0,1);
			es = "Linear";
			ed = "In";
		};
		["Right Arm"] = {
			tm = .0170;
			cf = cfr(0,0,0,.929,-.314,-.195,.294,.948,-.123,.224,.057,.973);
			es = "Linear";
			ed = "In";
		};
		["Head"] = {
			tm = .0170;
			cf = cfr(0,0,0,1,-.002,-.006,.004,.89,.457,.005,-.457,.89);
			es = "Linear";
			ed = "In";
		};
		["Right Leg"] = {
			tm = .0170;
			cf = cfr(1.022,.367,0,.976,-.216,0,.216,.976,0,0,0,1);
			es = "Linear";
			ed = "In";
		};
		["Left Arm"] = {
			tm = .0170;
			cf = cfr(0,0,0,.648,.751,.13,-.716,.658,-.233,-.26,.057,.964);
			es = "Linear";
			ed = "In";
		};
	};
	{
		tm = .167;
		["Torso"] = {
			tm = .0159;
			cf = cfr(0,-.016,.021,1,.005,0,-.004,.797,-.604,-.003,.604,.797);
			es = "Linear";
			ed = "In";
		};
		["Left Leg"] = {
			tm = .0159;
			cf = cfr(-1.083,.637,0,.809,-.588,0,.588,.809,0,0,0,1);
			es = "Linear";
			ed = "In";
		};
		["Right Arm"] = {
			tm = .0159;
			cf = cfr(0,0,0,.817,-.552,-.17,.524,.832,-.182,.242,.06,.968);
			es = "Linear";
			ed = "In";
		};
		["Head"] = {
			tm = .0159;
			cf = cfr(0,0,0,1,-.002,-.001,.003,.896,.445,0,-.445,.896);
			es = "Linear";
			ed = "In";
		};
		["Right Leg"] = {
			tm = .0159;
			cf = cfr(1.044,.382,0,.991,-.135,0,.135,.991,0,0,0,1);
			es = "Linear";
			ed = "In";
		};
		["Left Arm"] = {
			tm = .0159;
			cf = cfr(0,0,0,.817,.552,.17,-.524,.832,-.182,-.242,.06,.968);
			es = "Linear";
			ed = "In";
		};
	};
	{
		tm = .183;
		["Torso"] = {
			tm = .0170;
			cf = cfr(0,-.04,.053,1,.008,0,-.007,.797,-.604,-.005,.604,.797);
			es = "Linear";
			ed = "In";
		};
		["Left Leg"] = {
			tm = .0170;
			cf = cfr(-.998,.67,0,.867,-.498,0,.498,.867,0,0,0,1);
			es = "Linear";
			ed = "In";
		};
		["Right Arm"] = {
			tm = .0170;
			cf = cfr(0,0,0,.648,-.751,-.13,.716,.658,-.233,.26,.057,.964);
			es = "Linear";
			ed = "In";
		};
		["Head"] = {
			tm = .0170;
			cf = cfr(0,0,0,1,-.003,.005,.001,.901,.433,-.005,-.433,.901);
			es = "Linear";
			ed = "In";
		};
		["Right Leg"] = {
			tm = .0170;
			cf = cfr(.96,.331,0,.999,-.042,0,.042,.999,0,0,0,1);
			es = "Linear";
			ed = "In";
		};
		["Left Arm"] = {
			tm = .0170;
			cf = cfr(0,0,0,.929,.314,.195,-.294,.948,-.123,-.224,.057,.973);
			es = "Linear";
			ed = "In";
		};
	};
	{
		tm = .2;
		["Torso"] = {
			tm = .0169;
			cf = cfr(0,-.059,.078,1,.011,0,-.009,.797,-.604,-.007,.604,.797);
			es = "Linear";
			ed = "In";
		};
		["Left Leg"] = {
			tm = .0169;
			cf = cfr(-.741,.769,0,.98,-.198,0,.198,.98,0,0,0,1);
			es = "Linear";
			ed = "In";
		};
		["Right Arm"] = {
			tm = .0169;
			cf = cfr(0,0,0,.458,-.885,-.085,.845,.463,-.267,.276,.051,.96);
			es = "Linear";
			ed = "In";
		};
		["Head"] = {
			tm = .0169;
			cf = cfr(0,0,0,1,-.003,.009,-.001,.906,.423,-.01,-.423,.906);
			es = "Linear";
			ed = "In";
		};
		["Right Leg"] = {
			tm = .0169;
			cf = cfr(.707,.177,0,.972,.235,0,-.235,.972,0,0,0,1);
			es = "Linear";
			ed = "In";
		};
		["Left Arm"] = {
			tm = .0169;
			cf = cfr(0,0,0,.976,.082,.204,-.07,.995,-.067,-.208,.051,.977);
			es = "Linear";
			ed = "In";
		};
	};
	{
		tm = .217;
		["Torso"] = {
			tm = .0160;
			cf = cfr(0,-.072,.095,1,.013,0,-.011,.797,-.604,-.008,.604,.797);
			es = "Linear";
			ed = "In";
		};
		["Left Leg"] = {
			tm = .0160;
			cf = cfr(-.356,.919,0,.96,.28,0,-.28,.96,0,0,0,1);
			es = "Linear";
			ed = "In";
		};
		["Right Arm"] = {
			tm = .0160;
			cf = cfr(0,0,0,.27,-.962,-.039,.919,.269,-.288,.288,.042,.957);
			es = "Linear";
			ed = "In";
		};
		["Head"] = {
			tm = .0160;
			cf = cfr(0,0,0,1,-.004,.014,-.002,.911,.413,-.014,-.413,.911);
			es = "Linear";
			ed = "In";
		};
		["Right Leg"] = {
			tm = .0160;
			cf = cfr(.328,-.054,0,.793,.609,0,-.609,.793,0,0,0,1);
			es = "Linear";
			ed = "In";
		};
		["Left Arm"] = {
			tm = .0160;
			cf = cfr(0,0,0,.972,-.127,.2,.133,.991,-.016,-.196,.042,.98);
			es = "Linear";
			ed = "In";
		};
	};
	{
		tm = .233;
		["Torso"] = {
			tm = .0169;
			cf = cfr(0,-.08,.106,1,.014,0,-.012,.797,-.604,-.009,.604,.797);
			es = "Linear";
			ed = "In";
		};
		["Left Leg"] = {
			tm = .0169;
			cf = cfr(-.099,1.018,0,.822,.569,0,-.569,.822,0,0,0,1);
			es = "Linear";
			ed = "In";
		};
		["Right Arm"] = {
			tm = .0169;
			cf = cfr(0,0,0,.097,-.995,.004,.95,.091,-.298,.297,.033,.954);
			es = "Linear";
			ed = "In";
		};
		["Head"] = {
			tm = .0169;
			cf = cfr(0,0,0,1,-.004,.018,-.003,.914,.405,-.018,-.405,.914);
			es = "Linear";
			ed = "In";
		};
		["Right Leg"] = {
			tm = .0169;
			cf = cfr(.076,-.208,0,.595,.804,0,-.804,.595,0,0,0,1);
			es = "Linear";
			ed = "In";
		};
		["Left Arm"] = {
			tm = .0169;
			cf = cfr(0,0,0,.934,-.303,.188,.304,.952,.026,-.187,.033,.982);
			es = "Linear";
			ed = "In";
		};
	};
	{
		tm = .25;
		["Torso"] = {
			tm = .0170;
			cf = cfr(0,-.083,.109,1,.015,0,-.012,.797,-.604,-.009,.604,.797);
			es = "Linear";
			ed = "In";
		};
		["Left Leg"] = {
			tm = .0170;
			cf = cfr(-.014,1.052,0,.757,.654,0,-.654,.757,0,0,0,1);
			es = "Linear";
			ed = "In";
		};
		["Right Arm"] = {
			tm = .0170;
			cf = cfr(0,0,0,-.052,-.998,.041,.952,-.062,-.301,.303,.024,.953);
			es = "Linear";
			ed = "In";
		};
		["Head"] = {
			tm = .0170;
			cf = cfr(0,0,0,1,-.004,.021,-.004,.917,.398,-.021,-.398,.917);
			es = "Linear";
			ed = "In";
		};
		["Right Leg"] = {
			tm = .0170;
			cf = cfr(-.008,-.259,0,.517,.856,0,-.856,.517,0,0,0,1);
			es = "Linear";
			ed = "In";
		};
		["Left Arm"] = {
			tm = .0170;
			cf = cfr(0,0,0,.879,-.445,.173,.442,.895,.06,-.181,.024,.983);
			es = "Linear";
			ed = "In";
		};
	};
	{
		tm = .267;
		["Torso"] = {
			tm = .0159;
			cf = cfr(0,-.076,.1,1,.016,-.003,-.014,.797,-.604,-.007,.604,.797);
			es = "Linear";
			ed = "In";
		};
		["Left Leg"] = {
			tm = .0159;
			cf = cfr(-.026,.977,0,.728,.685,-.003,-.685,.728,-.002,.001,.004,1);
			es = "Linear";
			ed = "In";
		};
		["Right Arm"] = {
			tm = .0159;
			cf = cfr(0,0,0,-.172,-.982,.071,.936,-.186,-.298,.307,.015,.952);
			es = "Linear";
			ed = "In";
		};
		["Head"] = {
			tm = .0159;
			cf = cfr(0,0,0,1,-.004,.023,-.005,.92,.392,-.023,-.392,.92);
			es = "Linear";
			ed = "In";
		};
		["Right Leg"] = {
			tm = .0159;
			cf = cfr(-.022,-.285,0,.491,.871,-.004,-.871,.491,-.001,.001,.004,1);
			es = "Linear";
			ed = "In";
		};
		["Left Arm"] = {
			tm = .0159;
			cf = cfr(0,0,0,.818,-.554,.156,.548,.832,.086,-.177,.015,.984);
			es = "Linear";
			ed = "In";
		};
	};
	{
		tm = .283;
		["Torso"] = {
			tm = .0170;
			cf = cfr(0,-.056,.074,1,.018,-.013,-.022,.797,-.603,0,.604,.797);
			es = "Linear";
			ed = "In";
		};
		["Left Leg"] = {
			tm = .0170;
			cf = cfr(-.062,.755,0,.636,.771,-.013,-.771,.636,-.007,.003,.015,1);
			es = "Linear";
			ed = "In";
		};
		["Right Arm"] = {
			tm = .0170;
			cf = cfr(0,0,0,-.264,-.96,.095,.914,-.281,-.294,.309,.009,.951);
			es = "Linear";
			ed = "In";
		};
		["Head"] = {
			tm = .0170;
			cf = cfr(0,0,0,1,-.004,.025,-.006,.922,.388,-.025,-.388,.921);
			es = "Linear";
			ed = "In";
		};
		["Right Leg"] = {
			tm = .0170;
			cf = cfr(-.062,-.364,0,.41,.912,-.015,-.912,.41,-.005,.002,.015,1);
			es = "Linear";
			ed = "In";
		};
		["Left Arm"] = {
			tm = .0170;
			cf = cfr(0,0,0,.762,-.632,.141,.624,.775,.104,-.175,.009,.985);
			es = "Linear";
			ed = "In";
		};
	};
	{
		tm = .3;
		["Torso"] = {
			tm = .0170;
			cf = cfr(0,-.026,.035,.999,.022,-.028,-.034,.797,-.603,.009,.604,.797);
			es = "Linear";
			ed = "In";
		};
		["Left Leg"] = {
			tm = .0170;
			cf = cfr(-.117,.422,0,.48,.877,-.029,-.877,.48,-.013,.003,.032,.999);
			es = "Linear";
			ed = "In";
		};
		["Right Arm"] = {
			tm = .0170;
			cf = cfr(0,0,0,-.329,-.938,.111,.892,-.347,-.29,.31,.004,.951);
			es = "Linear";
			ed = "In";
		};
		["Head"] = {
			tm = .0170;
			cf = cfr(0,0,0,1,-.005,.027,-.006,.923,.385,-.027,-.385,.923);
			es = "Linear";
			ed = "In";
		};
		["Right Leg"] = {
			tm = .0170;
			cf = cfr(-.122,-.481,0,.281,.959,-.032,-.96,.281,-.007,.002,.033,.999);
			es = "Linear";
			ed = "In";
		};
		["Left Arm"] = {
			tm = .0170;
			cf = cfr(0,0,0,.717,-.685,.129,.675,.729,.116,-.174,.004,.985);
			es = "Linear";
			ed = "In";
		};
	};
	{
		tm = .317;
		["Torso"] = {
			tm = .0160;
			cf = cfr(0,-.007,.009,.999,.024,-.038,-.042,.797,-.603,.016,.604,.797);
			es = "Linear";
			ed = "In";
		};
		["Left Leg"] = {
			tm = .0160;
			cf = cfr(-.153,.199,0,.366,.93,-.04,-.931,.366,-.015,.001,.043,.999);
			es = "Linear";
			ed = "In";
		};
		["Right Arm"] = {
			tm = .0160;
			cf = cfr(0,0,0,-.366,-.923,.121,.877,-.386,-.286,.311,.001,.95);
			es = "Linear";
			ed = "In";
		};
		["Head"] = {
			tm = .0160;
			cf = cfr(0,0,0,1,-.005,.028,-.006,.924,.383,-.027,-.383,.923);
			es = "Linear";
			ed = "In";
		};
		["Right Leg"] = {
			tm = .0160;
			cf = cfr(-.162,-.56,0,.192,.98,-.044,-.981,.192,-.008,.001,.045,.999);
			es = "Linear";
			ed = "In";
		};
		["Left Arm"] = {
			tm = .0160;
			cf = cfr(0,0,0,.689,-.715,.122,.704,.7,.123,-.173,.001,.985);
			es = "Linear";
			ed = "In";
		};
	};
	{
		tm = .333;
		["Torso"] = {
			tm = .0169;
			cf = cfr(0,0,0,.999,.025,-.041,-.045,.797,-.602,.018,.604,.797);
			es = "Linear";
			ed = "In";
		};
		["Left Leg"] = {
			tm = .0169;
			cf = cfr(-.165,.125,0,.327,.944,-.044,-.945,.326,-.015,0,.047,.999);
			es = "Linear";
			ed = "In";
		};
		["Right Arm"] = {
			tm = .0169;
			cf = cfr(0,0,0,-.379,-.917,.124,.872,-.398,-.285,.311,0,.95);
			es = "Linear";
			ed = "In";
		};
		["Head"] = {
			tm = .0169;
			cf = cfr(0,0,0,1,-.005,.028,-.006,.924,.382,-.028,-.382,.924);
			es = "Linear";
			ed = "In";
		};
		["Right Leg"] = {
			tm = .0169;
			cf = cfr(-.176,-.586,0,.163,.986,-.048,-.987,.162,-.008,0,.049,.999);
			es = "Linear";
			ed = "In";
		};
		["Left Arm"] = {
			tm = .0169;
			cf = cfr(0,0,0,.679,-.724,.119,.713,.69,.125,-.173,0,.985);
			es = "Linear";
			ed = "In";
		};
	};
	{
		tm = .35;
		["Torso"] = {
			tm = .0170;
			cf = cfr(0,.004,-.005,.999,.023,-.038,-.041,.797,-.603,.016,.604,.797);
			es = "Linear";
			ed = "In";
		};
		["Left Leg"] = {
			tm = .0170;
			cf = cfr(-.181,.136,0,.353,.934,-.043,-.935,.353,-.016,.001,.046,.999);
			es = "Linear";
			ed = "In";
		};
		["Right Arm"] = {
			tm = .0170;
			cf = cfr(0,0,0,-.366,-.923,.121,.877,-.386,-.286,.311,.001,.95);
			es = "Linear";
			ed = "In";
		};
		["Head"] = {
			tm = .0170;
			cf = cfr(0,0,0,1,-.005,.028,-.006,.924,.383,-.027,-.383,.923);
			es = "Linear";
			ed = "In";
		};
		["Right Leg"] = {
			tm = .0170;
			cf = cfr(-.132,-.596,0,.136,.99,-.044,-.991,.136,-.007,-.001,.045,.999);
			es = "Linear";
			ed = "In";
		};
		["Left Arm"] = {
			tm = .0170;
			cf = cfr(0,0,0,.689,-.715,.122,.704,.7,.123,-.173,.001,.985);
			es = "Linear";
			ed = "In";
		};
	};
	{
		tm = .367;
		["Torso"] = {
			tm = .0160;
			cf = cfr(0,.016,-.021,.999,.019,-.028,-.032,.797,-.603,.011,.604,.797);
			es = "Linear";
			ed = "In";
		};
		["Left Leg"] = {
			tm = .0160;
			cf = cfr(-.226,.169,0,.432,.901,-.04,-.902,.432,-.017,.002,.044,.999);
			es = "Linear";
			ed = "In";
		};
		["Right Arm"] = {
			tm = .0160;
			cf = cfr(0,0,0,-.329,-.938,.111,.892,-.347,-.29,.31,.004,.951);
			es = "Linear";
			ed = "In";
		};
		["Head"] = {
			tm = .0160;
			cf = cfr(0,0,0,1,-.005,.027,-.006,.923,.385,-.027,-.385,.923);
			es = "Linear";
			ed = "In";
		};
		["Right Leg"] = {
			tm = .0160;
			cf = cfr(0,-.625,0,.055,.998,-.033,-.998,.055,-.004,-.002,.033,.999);
			es = "Linear";
			ed = "In";
		};
		["Left Arm"] = {
			tm = .0160;
			cf = cfr(0,0,0,.717,-.685,.129,.675,.729,.116,-.174,.004,.985);
			es = "Linear";
			ed = "In";
		};
	};
	{
		tm = .383;
		["Torso"] = {
			tm = .0170;
			cf = cfr(0,.034,-.045,1,.011,-.013,-.017,.797,-.604,.004,.604,.797);
			es = "Linear";
			ed = "In";
		};
		["Left Leg"] = {
			tm = .0170;
			cf = cfr(-.302,.223,0,.556,.831,-.035,-.831,.555,-.018,.005,.039,.999);
			es = "Linear";
			ed = "In";
		};
		["Right Arm"] = {
			tm = .0170;
			cf = cfr(0,0,0,-.264,-.96,.095,.914,-.281,-.294,.309,.009,.951);
			es = "Linear";
			ed = "In";
		};
		["Head"] = {
			tm = .0170;
			cf = cfr(0,0,0,1,-.004,.025,-.006,.922,.388,-.025,-.388,.921);
			es = "Linear";
			ed = "In";
		};
		["Right Leg"] = {
			tm = .0170;
			cf = cfr(.197,-.67,0,-.067,.998,-.016,-.998,-.067,-.001,-.002,.015,1);
			es = "Linear";
			ed = "In";
		};
		["Left Arm"] = {
			tm = .0170;
			cf = cfr(0,0,0,.762,-.632,.141,.624,.775,.104,-.175,.009,.985);
			es = "Linear";
			ed = "In";
		};
	};
	{
		tm = .4;
		["Torso"] = {
			tm = .0169;
			cf = cfr(0,.046,-.061,1,.007,-.003,-.007,.797,-.604,-.001,.604,.797);
			es = "Linear";
			ed = "In";
		};
		["Left Leg"] = {
			tm = .0169;
			cf = cfr(-.408,.3,0,.71,.704,-.028,-.705,.709,-.018,.008,.032,.999);
			es = "Linear";
			ed = "In";
		};
		["Right Arm"] = {
			tm = .0169;
			cf = cfr(0,0,0,-.172,-.982,.071,.936,-.186,-.298,.307,.015,.952);
			es = "Linear";
			ed = "In";
		};
		["Head"] = {
			tm = .0169;
			cf = cfr(0,0,0,1,-.004,.023,-.005,.92,.392,-.023,-.392,.92);
			es = "Linear";
			ed = "In";
		};
		["Right Leg"] = {
			tm = .0169;
			cf = cfr(.329,-.699,0,-.148,.989,-.004,-.989,-.148,0,-.001,.004,1);
			es = "Linear";
			ed = "In";
		};
		["Left Arm"] = {
			tm = .0169;
			cf = cfr(0,0,0,.818,-.554,.156,.548,.832,.086,-.177,.015,.984);
			es = "Linear";
			ed = "In";
		};
	};
	{
		tm = .417;
		["Torso"] = {
			tm = .0160;
			cf = cfr(0,.05,-.066,1,.005,0,-.004,.797,-.604,-.003,.604,.797);
			es = "Linear";
			ed = "In";
		};
		["Left Leg"] = {
			tm = .0160;
			cf = cfr(-.545,.398,0,.865,.501,-.019,-.501,.865,-.016,.009,.023,1);
			es = "Linear";
			ed = "In";
		};
		["Right Arm"] = {
			tm = .0160;
			cf = cfr(0,0,0,-.052,-.998,.041,.952,-.062,-.301,.303,.024,.953);
			es = "Linear";
			ed = "In";
		};
		["Head"] = {
			tm = .0160;
			cf = cfr(0,0,0,1,-.004,.021,-.004,.917,.398,-.021,-.398,.917);
			es = "Linear";
			ed = "In";
		};
		["Right Leg"] = {
			tm = .0160;
			cf = cfr(.373,-.709,0,-.174,.985,0,-.985,-.174,0,0,0,1);
			es = "Linear";
			ed = "In";
		};
		["Left Arm"] = {
			tm = .0160;
			cf = cfr(0,0,0,.879,-.445,.173,.442,.895,.06,-.181,.024,.983);
			es = "Linear";
			ed = "In";
		};
	};
	{
		tm = .433;
		["Torso"] = {
			tm = .0170;
			cf = cfr(0,.048,-.064,1,.004,0,-.003,.797,-.604,-.003,.604,.797);
			es = "Linear";
			ed = "In";
		};
		["Left Leg"] = {
			tm = .0170;
			cf = cfr(-.681,.496,0,.964,.265,-.011,-.265,.964,-.012,.008,.014,1);
			es = "Linear";
			ed = "In";
		};
		["Right Arm"] = {
			tm = .0170;
			cf = cfr(0,0,0,.097,-.995,.004,.95,.091,-.298,.297,.033,.954);
			es = "Linear";
			ed = "In";
		};
		["Head"] = {
			tm = .0170;
			cf = cfr(0,0,0,1,-.004,.018,-.003,.914,.405,-.018,-.405,.914);
			es = "Linear";
			ed = "In";
		};
		["Right Leg"] = {
			tm = .0170;
			cf = cfr(.449,-.575,0,-.066,.998,0,-.998,-.066,0,0,0,1);
			es = "Linear";
			ed = "In";
		};
		["Left Arm"] = {
			tm = .0170;
			cf = cfr(0,0,0,.934,-.303,.188,.304,.952,.026,-.187,.033,.982);
			es = "Linear";
			ed = "In";
		};
	};
	{
		tm = .45;
		["Torso"] = {
			tm = .0170;
			cf = cfr(0,.043,-.057,1,.002,0,-.002,.797,-.604,-.001,.604,.797);
			es = "Linear";
			ed = "In";
		};
		["Left Leg"] = {
			tm = .0170;
			cf = cfr(-.788,.573,0,.998,.069,-.006,-.069,.998,-.007,.005,.008,1);
			es = "Linear";
			ed = "In";
		};
		["Right Arm"] = {
			tm = .0170;
			cf = cfr(0,0,0,.27,-.962,-.039,.919,.269,-.288,.288,.042,.957);
			es = "Linear";
			ed = "In";
		};
		["Head"] = {
			tm = .0170;
			cf = cfr(0,0,0,1,-.004,.014,-.002,.911,.413,-.014,-.413,.911);
			es = "Linear";
			ed = "In";
		};
		["Right Leg"] = {
			tm = .0170;
			cf = cfr(.68,-.174,0,.259,.966,0,-.966,.259,0,0,0,1);
			es = "Linear";
			ed = "In";
		};
		["Left Arm"] = {
			tm = .0170;
			cf = cfr(0,0,0,.972,-.127,.2,.133,.991,-.016,-.196,.042,.98);
			es = "Linear";
			ed = "In";
		};
	};
	{
		tm = .467;
		["Torso"] = {
			tm = .0159;
			cf = cfr(0,.035,-.046,1,-.002,0,.002,.797,-.604,.001,.604,.797);
			es = "Linear";
			ed = "In";
		};
		["Left Leg"] = {
			tm = .0159;
			cf = cfr(-.863,.627,0,.997,-.074,-.002,.074,.997,-.003,.002,.003,1);
			es = "Linear";
			ed = "In";
		};
		["Right Arm"] = {
			tm = .0159;
			cf = cfr(0,0,0,.458,-.885,-.085,.845,.463,-.267,.276,.051,.96);
			es = "Linear";
			ed = "In";
		};
		["Head"] = {
			tm = .0159;
			cf = cfr(0,0,0,1,-.003,.009,-.001,.906,.423,-.01,-.423,.906);
			es = "Linear";
			ed = "In";
		};
		["Right Leg"] = {
			tm = .0159;
			cf = cfr(1.025,.429,0,.684,.729,0,-.729,.684,0,0,0,1);
			es = "Linear";
			ed = "In";
		};
		["Left Arm"] = {
			tm = .0159;
			cf = cfr(0,0,0,.976,.082,.204,-.07,.995,-.067,-.208,.051,.977);
			es = "Linear";
			ed = "In";
		};
	};
	{
		tm = .483;
		["Torso"] = {
			tm = .0170;
			cf = cfr(0,.023,-.03,1,-.008,0,.006,.797,-.604,.005,.604,.797);
			es = "Linear";
			ed = "In";
		};
		["Left Leg"] = {
			tm = .0170;
			cf = cfr(-.909,.66,0,.987,-.159,-.001,.159,.987,-.001,.001,.001,1);
			es = "Linear";
			ed = "In";
		};
		["Right Arm"] = {
			tm = .0170;
			cf = cfr(0,0,0,.648,-.751,-.13,.716,.658,-.233,.26,.057,.964);
			es = "Linear";
			ed = "In";
		};
		["Head"] = {
			tm = .0170;
			cf = cfr(0,0,0,1,-.003,.005,.001,.901,.433,-.005,-.433,.901);
			es = "Linear";
			ed = "In";
		};
		["Right Leg"] = {
			tm = .0170;
			cf = cfr(1.255,.83,0,.882,.47,0,-.47,.882,0,0,0,1);
			es = "Linear";
			ed = "In";
		};
		["Left Arm"] = {
			tm = .0170;
			cf = cfr(0,0,0,.929,.314,.195,-.294,.948,-.123,-.224,.057,.973);
			es = "Linear";
			ed = "In";
		};
	};
	{
		tm = .5;
		["Torso"] = {
			tm = .0170;
			cf = cfr(0,.007,-.009,1,-.015,0,.012,.797,-.604,.009,.604,.797);
			es = "Linear";
			ed = "In";
		};
		["Left Leg"] = {
			tm = .0170;
			cf = cfr(-.924,.671,0,.982,-.187,0,.187,.982,0,0,0,1);
			es = "Linear";
			ed = "In";
		};
		["Right Arm"] = {
			tm = .0170;
			cf = cfr(0,0,0,.817,-.552,-.17,.524,.832,-.182,.242,.06,.968);
			es = "Linear";
			ed = "In";
		};
		["Head"] = {
			tm = .0170;
			cf = cfr(0,0,0,1,-.002,-.001,.003,.896,.445,0,-.445,.896);
			es = "Linear";
			ed = "In";
		};
		["Right Leg"] = {
			tm = .0170;
			cf = cfr(1.332,.964,0,.929,.371,0,-.371,.929,0,0,0,1);
			es = "Linear";
			ed = "In";
		};
		["Left Arm"] = {
			tm = .0170;
			cf = cfr(0,0,0,.817,.552,.17,-.524,.832,-.182,-.242,.06,.968);
			es = "Linear";
			ed = "In";
		};
	};
	{
		tm = .517;
		["Torso"] = {
			tm = .0160;
			cf = cfr(0,-.009,.011,1,-.022,0,.017,.797,-.604,.013,.604,.797);
			es = "Linear";
			ed = "In";
		};
		["Left Leg"] = {
			tm = .0160;
			cf = cfr(-.932,.573,0,.957,-.291,0,.291,.957,0,0,0,1);
			es = "Linear";
			ed = "In";
		};
		["Right Arm"] = {
			tm = .0160;
			cf = cfr(0,0,0,.929,-.314,-.195,.294,.948,-.123,.224,.057,.973);
			es = "Linear";
			ed = "In";
		};
		["Head"] = {
			tm = .0160;
			cf = cfr(0,0,0,1,-.002,-.006,.004,.89,.457,.005,-.457,.89);
			es = "Linear";
			ed = "In";
		};
		["Right Leg"] = {
			tm = .0160;
			cf = cfr(1.232,.97,0,.96,.279,0,-.279,.96,0,0,0,1);
			es = "Linear";
			ed = "In";
		};
		["Left Arm"] = {
			tm = .0160;
			cf = cfr(0,0,0,.648,.751,.13,-.716,.658,-.233,-.26,.057,.964);
			es = "Linear";
			ed = "In";
		};
	};
	{
		tm = .533;
		["Torso"] = {
			tm = .0170;
			cf = cfr(0,-.021,.027,1,-.027,0,.022,.797,-.604,.016,.604,.797);
			es = "Linear";
			ed = "In";
		};
		["Left Leg"] = {
			tm = .0170;
			cf = cfr(-.954,.277,0,.815,-.579,0,.579,.815,0,0,0,1);
			es = "Linear";
			ed = "In";
		};
		["Right Arm"] = {
			tm = .0170;
			cf = cfr(0,0,0,.976,-.082,-.204,.07,.995,-.067,.208,.051,.977);
			es = "Linear";
			ed = "In";
		};
		["Head"] = {
			tm = .0170;
			cf = cfr(0,0,0,1,-.001,-.011,.006,.884,.467,.009,-.467,.884);
			es = "Linear";
			ed = "In";
		};
		["Right Leg"] = {
			tm = .0170;
			cf = cfr(.933,.99,0,1,-.01,0,.01,1,0,0,0,1);
			es = "Linear";
			ed = "In";
		};
		["Left Arm"] = {
			tm = .0170;
			cf = cfr(0,0,0,.458,.885,.085,-.845,.463,-.267,-.276,.051,.96);
			es = "Linear";
			ed = "In";
		};
	};
	{
		tm = .55;
		["Torso"] = {
			tm = .0169;
			cf = cfr(0,-.029,.039,1,-.031,0,.025,.797,-.604,.019,.603,.797);
			es = "Linear";
			ed = "In";
		};
		["Left Leg"] = {
			tm = .0169;
			cf = cfr(-.988,-.166,0,.453,-.891,0,.891,.453,0,0,0,1);
			es = "Linear";
			ed = "In";
		};
		["Right Arm"] = {
			tm = .0169;
			cf = cfr(0,0,0,.972,.127,-.2,-.133,.991,-.016,.196,.042,.98);
			es = "Linear";
			ed = "In";
		};
		["Head"] = {
			tm = .0169;
			cf = cfr(0,0,0,1,-.001,-.016,.008,.879,.476,.013,-.476,.879);
			es = "Linear";
			ed = "In";
		};
		["Right Leg"] = {
			tm = .0169;
			cf = cfr(.485,1.019,0,.901,-.435,0,.435,.901,0,0,0,1);
			es = "Linear";
			ed = "In";
		};
		["Left Arm"] = {
			tm = .0169;
			cf = cfr(0,0,0,.27,.962,.039,-.919,.269,-.288,-.288,.042,.957);
			es = "Linear";
			ed = "In";
		};
	};
	{
		tm = .567;
		["Torso"] = {
			tm = .0160;
			cf = cfr(0,-.034,.045,.999,-.034,0,.027,.797,-.604,.02,.603,.797);
			es = "Linear";
			ed = "In";
		};
		["Left Leg"] = {
			tm = .0160;
			cf = cfr(-1.01,-.461,0,.148,-.989,0,.989,.148,0,0,0,1);
			es = "Linear";
			ed = "In";
		};
		["Right Arm"] = {
			tm = .0160;
			cf = cfr(0,0,0,.934,.303,-.188,-.304,.952,.026,.187,.033,.982);
			es = "Linear";
			ed = "In";
		};
		["Head"] = {
			tm = .0160;
			cf = cfr(0,0,0,1,0,-.019,.009,.875,.484,.017,-.484,.875);
			es = "Linear";
			ed = "In";
		};
		["Right Leg"] = {
			tm = .0160;
			cf = cfr(.187,1.039,0,.737,-.676,0,.676,.737,0,0,0,1);
			es = "Linear";
			ed = "In";
		};
		["Left Arm"] = {
			tm = .0160;
			cf = cfr(0,0,0,.097,.995,-.004,-.95,.091,-.298,-.297,.033,.954);
			es = "Linear";
			ed = "In";
		};
	};
	{
		tm = .583;
		["Torso"] = {
			tm = .0170;
			cf = cfr(0,-.036,.048,.999,-.034,0,.027,.797,-.604,.021,.603,.797);
			es = "Linear";
			ed = "In";
		};
		["Left Leg"] = {
			tm = .0170;
			cf = cfr(-1.018,-.56,0,.041,-.999,0,.999,.041,0,0,0,1);
			es = "Linear";
			ed = "In";
		};
		["Right Arm"] = {
			tm = .0170;
			cf = cfr(0,0,0,.879,.445,-.173,-.442,.895,.06,.181,.024,.983);
			es = "Linear";
			ed = "In";
		};
		["Head"] = {
			tm = .0170;
			cf = cfr(0,0,0,1,.001,-.022,.011,.871,.491,.02,-.491,.871);
			es = "Linear";
			ed = "In";
		};
		["Right Leg"] = {
			tm = .0170;
			cf = cfr(.087,1.045,0,.667,-.745,0,.745,.667,0,0,0,1);
			es = "Linear";
			ed = "In";
		};
		["Left Arm"] = {
			tm = .0170;
			cf = cfr(0,0,0,-.052,.998,-.041,-.952,-.062,-.301,-.303,.024,.953);
			es = "Linear";
			ed = "In";
		};
	};
	{
		tm = .6;
		["Torso"] = {
			tm = .0170;
			cf = cfr(0,-.033,.044,.999,-.034,.003,.029,.797,-.604,.018,.603,.797);
			es = "Linear";
			ed = "In";
		};
		["Left Leg"] = {
			tm = .0170;
			cf = cfr(-.965,-.505,0,.065,-.998,0,.998,.065,0,0,0,1);
			es = "Linear";
			ed = "In";
		};
		["Right Arm"] = {
			tm = .0170;
			cf = cfr(0,0,0,.818,.554,-.156,-.548,.832,.086,.177,.015,.984);
			es = "Linear";
			ed = "In";
		};
		["Head"] = {
			tm = .0170;
			cf = cfr(0,0,0,1,.001,-.025,.012,.868,.496,.022,-.496,.868);
			es = "Linear";
			ed = "In";
		};
		["Right Leg"] = {
			tm = .0170;
			cf = cfr(.093,.972,0,.643,-.766,0,.766,.643,0,0,0,1);
			es = "Linear";
			ed = "In";
		};
		["Left Arm"] = {
			tm = .0170;
			cf = cfr(0,0,0,-.172,.982,-.071,-.936,-.186,-.298,-.307,.015,.952);
			es = "Linear";
			ed = "In";
		};
	};
	{
		tm = .617;
		["Torso"] = {
			tm = .0160;
			cf = cfr(0,-.025,.032,.999,-.031,.014,.033,.797,-.603,.008,.603,.797);
			es = "Linear";
			ed = "In";
		};
		["Left Leg"] = {
			tm = .0160;
			cf = cfr(-.805,-.34,0,.138,-.99,0,.99,.138,0,0,0,1);
			es = "Linear";
			ed = "In";
		};
		["Right Arm"] = {
			tm = .0160;
			cf = cfr(0,0,0,.762,.632,-.141,-.624,.775,.104,.175,.009,.985);
			es = "Linear";
			ed = "In";
		};
		["Head"] = {
			tm = .0160;
			cf = cfr(0,0,0,1,.001,-.027,.012,.866,.5,.024,-.5,.865);
			es = "Linear";
			ed = "In";
		};
		["Right Leg"] = {
			tm = .0160;
			cf = cfr(.112,.751,0,.567,-.823,0,.823,.567,0,0,0,1);
			es = "Linear";
			ed = "In";
		};
		["Left Arm"] = {
			tm = .0160;
			cf = cfr(0,0,0,-.264,.96,-.095,-.914,-.281,-.294,-.309,.009,.951);
			es = "Linear";
			ed = "In";
		};
	};
	{
		tm = .633;
		["Torso"] = {
			tm = .0170;
			cf = cfr(0,-.012,.015,.999,-.028,.03,.04,.797,-.603,-.007,.604,.797);
			es = "Linear";
			ed = "In";
		};
		["Left Leg"] = {
			tm = .0170;
			cf = cfr(-.566,-.092,0,.246,-.969,0,.969,.246,0,0,0,1);
			es = "Linear";
			ed = "In";
		};
		["Right Arm"] = {
			tm = .0170;
			cf = cfr(0,0,0,.717,.685,-.129,-.675,.729,.116,.174,.004,.985);
			es = "Linear";
			ed = "In";
		};
		["Head"] = {
			tm = .0170;
			cf = cfr(0,0,0,1,.002,-.028,.013,.864,.503,.025,-.503,.864);
			es = "Linear";
			ed = "In";
		};
		["Right Leg"] = {
			tm = .0170;
			cf = cfr(.14,.42,0,.444,-.896,0,.896,.444,0,0,0,1);
			es = "Linear";
			ed = "In";
		};
		["Left Arm"] = {
			tm = .0170;
			cf = cfr(0,0,0,-.329,.938,-.111,-.892,-.347,-.29,-.31,.004,.951);
			es = "Linear";
			ed = "In";
		};
	};
	{
		tm = .65;
		["Torso"] = {
			tm = .0170;
			cf = cfr(0,-.003,.004,.999,-.026,.04,.045,.797,-.602,-.017,.604,.797);
			es = "Linear";
			ed = "In";
		};
		["Left Leg"] = {
			tm = .0170;
			cf = cfr(-.407,.073,0,.317,-.949,0,.949,.317,0,0,0,1);
			es = "Linear";
			ed = "In";
		};
		["Right Arm"] = {
			tm = .0170;
			cf = cfr(0,0,0,.689,.715,-.122,-.704,.7,.123,.173,.001,.985);
			es = "Linear";
			ed = "In";
		};
		["Head"] = {
			tm = .0170;
			cf = cfr(0,0,0,1,.002,-.029,.013,.863,.505,.026,-.505,.863);
			es = "Linear";
			ed = "In";
		};
		["Right Leg"] = {
			tm = .0170;
			cf = cfr(.159,.199,0,.356,-.934,0,.934,.356,0,0,0,1);
			es = "Linear";
			ed = "In";
		};
		["Left Arm"] = {
			tm = .0170;
			cf = cfr(0,0,0,-.366,.923,-.121,-.877,-.386,-.286,-.311,.001,.95);
			es = "Linear";
			ed = "In";
		};
	};
	{
		tm = .667;
		["Torso"] = {
			tm = 0;
			cf = cfr(0,0,0,.999,-.025,.044,.046,.797,-.602,-.02,.604,.797);
			es = "Linear";
			ed = "In";
		};
		["Left Leg"] = {
			tm = 0;
			cf = cfr(-.353,.128,0,.34,-.941,0,.941,.34,0,0,0,1);
			es = "Linear";
			ed = "In";
		};
		["Right Arm"] = {
			tm = 0;
			cf = cfr(0,0,0,.679,.724,-.119,-.713,.69,.125,.173,0,.985);
			es = "Linear";
			ed = "In";
		};
		["Head"] = {
			tm = 0;
			cf = cfr(0,0,0,1,.002,-.03,.013,.863,.506,.026,-.506,.862);
			es = "Linear";
			ed = "In";
		};
		["Right Leg"] = {
			tm = 0;
			cf = cfr(.165,.125,0,.327,-.945,0,.945,.327,0,0,0,1);
			es = "Linear";
			ed = "In";
		};
		["Left Arm"] = {
			tm = 0;
			cf = cfr(0,0,0,-.379,.917,-.124,-.872,-.398,-.285,-.311,0,.95);
			es = "Linear";
			ed = "In";
		};
	};
}
