-- // converted using mech's animoduler
local cfr = CFrame.new

return {
	{
		tm = 0;
		["Torso"] = {
			tm = .017;
			cf = cfr(.012,-.132,-.003,.995,-.099,.014,.1,.987,-.128,-.001,.129,.992);
			es = "Linear";
			ed = "In";
		};
		["Left Leg"] = {
			tm = .017;
			cf = cfr(.094,-.329,-.007,.057,-.992,-.111,.998,.056,.017,-.011,-.112,.994);
			es = "Linear";
			ed = "In";
		};
		["Right Arm"] = {
			tm = .017;
			cf = cfr(.425,-.304,.049,-.164,-.977,.137,.92,-.101,.378,-.355,.188,.916);
			es = "Linear";
			ed = "In";
		};
		["Head"] = {
			tm = .017;
			cf = cfr(0,0,.017,.994,.109,-.001,-.109,.993,.045,.006,-.044,.999);
			es = "Linear";
			ed = "In";
		};
		["Right Leg"] = {
			tm = .017;
			cf = cfr(.413,.061,-.01,.905,-.413,-.101,.416,.909,.012,.086,-.053,.995);
			es = "Linear";
			ed = "In";
		};
		["Left Arm"] = {
			tm = .017;
			cf = cfr(.597,-.114,.138,.362,-.93,-.057,.789,.273,.551,-.497,-.245,.833);
			es = "Linear";
			ed = "In";
		};
	};
	{
		tm = .017;
		["Torso"] = {
			tm = .016;
			cf = cfr(.012,-.18,.008,.996,-.092,.014,.093,.989,-.114,-.004,.115,.993);
			es = "Linear";
			ed = "In";
		};
		["Left Leg"] = {
			tm = .016;
			cf = cfr(.063,-.297,-.004,.074,-.992,-.1,.997,.073,.016,-.009,-.101,.995);
			es = "Linear";
			ed = "In";
		};
		["Right Arm"] = {
			tm = .016;
			cf = cfr(.409,-.323,.047,-.128,-.981,.145,.931,-.069,.358,-.342,.181,.922);
			es = "Linear";
			ed = "In";
		};
		["Head"] = {
			tm = .016;
			cf = cfr(0,0,.017,.994,.11,.015,-.11,.994,-.006,-.016,.004,1);
			es = "Linear";
			ed = "In";
		};
		["Right Leg"] = {
			tm = .016;
			cf = cfr(.407,.058,-.01,.933,-.347,-.094,.35,.937,.01,.084,-.042,.996);
			es = "Linear";
			ed = "In";
		};
		["Left Arm"] = {
			tm = .016;
			cf = cfr(.573,-.119,.119,.397,-.917,-.044,.792,.318,.521,-.463,-.242,.852);
			es = "Linear";
			ed = "In";
		};
	};
	{
		tm = .033;
		["Torso"] = {
			tm = .017;
			cf = cfr(.012,-.227,.023,.996,-.083,.014,.084,.991,-.099,-.006,.1,.995);
			es = "Linear";
			ed = "In";
		};
		["Left Leg"] = {
			tm = .017;
			cf = cfr(.014,-.246,0,.107,-.99,-.087,.994,.106,.015,-.006,-.088,.996);
			es = "Linear";
			ed = "In";
		};
		["Right Arm"] = {
			tm = .017;
			cf = cfr(.382,-.351,.044,-.068,-.986,.155,.945,-.014,.327,-.32,.169,.932);
			es = "Linear";
			ed = "In";
		};
		["Head"] = {
			tm = .017;
			cf = cfr(0,0,.017,.993,.112,.035,-.11,.992,-.064,-.042,.059,.997);
			es = "Linear";
			ed = "In";
		};
		["Right Leg"] = {
			tm = .017;
			cf = cfr(.395,.053,-.011,.961,-.264,-.084,.266,.964,.007,.079,-.029,.996);
			es = "Linear";
			ed = "In";
		};
		["Left Arm"] = {
			tm = .017;
			cf = cfr(.536,-.128,.09,.455,-.89,-.027,.79,.39,.473,-.41,-.237,.881);
			es = "Linear";
			ed = "In";
		};
	};
	{
		tm = .05;
		["Torso"] = {
			tm = .017;
			cf = cfr(.012,-.249,.04,.997,-.074,.014,.075,.993,-.093,-.007,.093,.996);
			es = "Linear";
			ed = "In";
		};
		["Left Leg"] = {
			tm = .017;
			cf = cfr(-.049,-.182,.005,.164,-.984,-.071,.987,.163,.014,-.002,-.073,.997);
			es = "Linear";
			ed = "In";
		};
		["Right Arm"] = {
			tm = .017;
			cf = cfr(.347,-.384,.039,.016,-.986,.164,.956,.063,.285,-.292,.152,.944);
			es = "Linear";
			ed = "In";
		};
		["Head"] = {
			tm = .017;
			cf = cfr(0,0,.017,.992,.112,.054,-.106,.989,-.106,-.065,.1,.993);
			es = "Linear";
			ed = "In";
		};
		["Right Leg"] = {
			tm = .017;
			cf = cfr(.379,.047,-.013,.979,-.189,-.074,.19,.982,.005,.072,-.019,.997);
			es = "Linear";
			ed = "In";
		};
		["Left Arm"] = {
			tm = .017;
			cf = cfr(.487,-.14,.057,.537,-.844,-.012,.773,.486,.407,-.338,-.228,.913);
			es = "Linear";
			ed = "In";
		};
	};
	{
		tm = .067;
		["Torso"] = {
			tm = .016;
			cf = cfr(.011,-.235,.057,.998,-.065,.014,.066,.993,-.097,-.007,.098,.995);
			es = "Linear";
			ed = "In";
		};
		["Left Leg"] = {
			tm = .016;
			cf = cfr(-.124,-.107,.011,.247,-.967,-.057,.969,.246,.01,.004,-.058,.998);
			es = "Linear";
			ed = "In";
		};
		["Right Arm"] = {
			tm = .016;
			cf = cfr(.303,-.418,.035,.125,-.978,.167,.959,.162,.233,-.255,.131,.958);
			es = "Linear";
			ed = "In";
		};
		["Head"] = {
			tm = .016;
			cf = cfr(0,0,.017,.992,.108,.064,-.1,.988,-.116,-.075,.109,.991);
			es = "Linear";
			ed = "In";
		};
		["Right Leg"] = {
			tm = .016;
			cf = cfr(.359,.039,-.015,.989,-.135,-.066,.136,.991,.004,.065,-.013,.998);
			es = "Linear";
			ed = "In";
		};
		["Left Arm"] = {
			tm = .016;
			cf = cfr(.429,-.154,.022,.639,-.769,-.005,.728,.603,.328,-.249,-.213,.945);
			es = "Linear";
			ed = "In";
		};
	};
	{
		tm = .083;
		["Torso"] = {
			tm = .017;
			cf = cfr(.01,-.201,.073,.998,-.057,.012,.058,.992,-.108,-.006,.108,.994);
			es = "Linear";
			ed = "In";
		};
		["Left Leg"] = {
			tm = .017;
			cf = cfr(-.308,-.263,.015,.222,-.974,-.043,.975,.222,.004,.005,-.043,.999);
			es = "Linear";
			ed = "In";
		};
		["Right Arm"] = {
			tm = .017;
			cf = cfr(.253,-.449,.03,.258,-.953,.161,.943,.285,.173,-.211,.107,.972);
			es = "Linear";
			ed = "In";
		};
		["Head"] = {
			tm = .017;
			cf = cfr(0,0,.017,.993,.1,.067,-.093,.99,-.103,-.076,.097,.992);
			es = "Linear";
			ed = "In";
		};
		["Right Leg"] = {
			tm = .017;
			cf = cfr(.335,.03,-.018,.994,-.089,-.058,.089,.996,.005,.057,-.01,.998);
			es = "Linear";
			ed = "In";
		};
		["Left Arm"] = {
			tm = .017;
			cf = cfr(.362,-.17,-.011,.755,-.656,-.014,.639,.731,.24,-.147,-.19,.971);
			es = "Linear";
			ed = "In";
		};
	};
	{
		tm = .1;
		["Torso"] = {
			tm = .017;
			cf = cfr(.008,-.16,.085,.999,-.049,.01,.05,.991,-.12,-.004,.121,.993);
			es = "Linear";
			ed = "In";
		};
		["Left Leg"] = {
			tm = .017;
			cf = cfr(-.575,-.366,.015,.219,-.975,-.03,.976,.219,-.003,.009,-.029,1);
			es = "Linear";
			ed = "In";
		};
		["Right Arm"] = {
			tm = .017;
			cf = cfr(.196,-.474,.026,.411,-.901,.139,.898,.426,.11,-.159,.079,.984);
			es = "Linear";
			ed = "In";
		};
		["Head"] = {
			tm = .017;
			cf = cfr(0,0,.017,.993,.092,.069,-.086,.993,-.085,-.077,.079,.994);
			es = "Linear";
			ed = "In";
		};
		["Right Leg"] = {
			tm = .017;
			cf = cfr(.307,.021,-.021,.998,-.039,-.05,.04,.999,.007,.05,-.009,.999);
			es = "Linear";
			ed = "In";
		};
		["Left Arm"] = {
			tm = .017;
			cf = cfr(.289,-.188,-.04,.868,-.494,-.046,.495,.854,.158,-.039,-.16,.986);
			es = "Linear";
			ed = "In";
		};
	};
	{
		tm = .117;
		["Torso"] = {
			tm = .016;
			cf = cfr(.006,-.126,.094,.999,-.041,.007,.042,.991,-.131,-.002,.131,.991);
			es = "Linear";
			ed = "In";
		};
		["Left Leg"] = {
			tm = .016;
			cf = cfr(-.811,-.314,.018,.293,-.956,-.019,.956,.294,-.011,.016,-.014,1);
			es = "Linear";
			ed = "In";
		};
		["Right Arm"] = {
			tm = .016;
			cf = cfr(.136,-.489,.023,.573,-.814,.098,.814,.579,.052,-.099,.05,.994);
			es = "Linear";
			ed = "In";
		};
		["Head"] = {
			tm = .016;
			cf = cfr(0,0,.017,.994,.083,.072,-.078,.995,-.067,-.077,.061,.995);
			es = "Linear";
			ed = "In";
		};
		["Right Leg"] = {
			tm = .016;
			cf = cfr(.278,.012,-.024,.999,.025,-.042,-.025,1,.009,.042,-.008,.999);
			es = "Linear";
			ed = "In";
		};
		["Left Arm"] = {
			tm = .016;
			cf = cfr(.211,-.209,-.06,.954,-.281,-.101,.291,.951,.102,.068,-.127,.99);
			es = "Linear";
			ed = "In";
		};
	};
	{
		tm = .133;
		["Torso"] = {
			tm = .0169;
			cf = cfr(.004,-.111,.097,.999,-.032,.004,.033,.99,-.135,0,.136,.991);
			es = "Linear";
			ed = "In";
		};
		["Left Leg"] = {
			tm = .0169;
			cf = cfr(-.99,-.186,.025,.403,-.915,-.009,.915,.403,-.019,.021,0,1);
			es = "Linear";
			ed = "In";
		};
		["Right Arm"] = {
			tm = .0169;
			cf = cfr(.071,-.492,.021,.728,-.684,.038,.685,.729,.009,-.033,.02,.999);
			es = "Linear";
			ed = "In";
		};
		["Head"] = {
			tm = .0169;
			cf = cfr(0,0,.017,.995,.073,.073,-.069,.996,-.052,-.077,.046,.996);
			es = "Linear";
			ed = "In";
		};
		["Right Leg"] = {
			tm = .0169;
			cf = cfr(.247,.003,-.028,.993,.115,-.033,-.115,.993,.012,.035,-.008,.999);
			es = "Linear";
			ed = "In";
		};
		["Left Arm"] = {
			tm = .0169;
			cf = cfr(.13,-.234,-.069,.986,-.024,-.168,.04,.995,.095,.165,-.1,.981);
			es = "Linear";
			ed = "In";
		};
	};
	{
		tm = .15;
		["Torso"] = {
			tm = .0170;
			cf = cfr(.002,-.111,.095,1,-.022,.002,.022,.991,-.136,.001,.136,.991);
			es = "Linear";
			ed = "In";
		};
		["Left Leg"] = {
			tm = .0170;
			cf = cfr(-1.11,-.032,.034,.524,-.851,0,.851,.524,-.025,.021,.013,1);
			es = "Linear";
			ed = "In";
		};
		["Right Arm"] = {
			tm = .0170;
			cf = cfr(.004,-.48,.022,.858,-.512,-.038,.512,.859,-.006,.036,-.014,.999);
			es = "Linear";
			ed = "In";
		};
		["Head"] = {
			tm = .0170;
			cf = cfr(0,0,.017,.995,.061,.073,-.059,.998,-.039,-.075,.035,.997);
			es = "Linear";
			ed = "In";
		};
		["Right Leg"] = {
			tm = .0170;
			cf = cfr(.217,-.006,-.032,.975,.222,-.023,-.221,.975,.015,.026,-.01,1);
			es = "Linear";
			ed = "In";
		};
		["Left Arm"] = {
			tm = .0170;
			cf = cfr(.047,-.261,-.071,.941,.253,-.225,-.229,.965,.127,.249,-.068,.966);
			es = "Linear";
			ed = "In";
		};
	};
	{
		tm = .167;
		["Torso"] = {
			tm = .0159;
			cf = cfr(0,-.112,.089,1,-.011,0,.011,.991,-.136,.002,.136,.991);
			es = "Linear";
			ed = "In";
		};
		["Left Leg"] = {
			tm = .0159;
			cf = cfr(-1.187,.123,.045,.645,-.764,.008,.764,.644,-.029,.017,.024,1);
			es = "Linear";
			ed = "In";
		};
		["Right Arm"] = {
			tm = .0159;
			cf = cfr(-.065,-.457,.026,.945,-.305,-.118,.309,.951,.014,.108,-.05,.993);
			es = "Linear";
			ed = "In";
		};
		["Head"] = {
			tm = .0159;
			cf = cfr(0,0,.017,.996,.048,.072,-.047,.999,-.025,-.073,.022,.997);
			es = "Linear";
			ed = "In";
		};
		["Right Leg"] = {
			tm = .0159;
			cf = cfr(.187,-.015,-.035,.944,.33,-.013,-.329,.944,.019,.018,-.014,1);
			es = "Linear";
			ed = "In";
		};
		["Left Arm"] = {
			tm = .0159;
			cf = cfr(-.039,-.292,-.071,.818,.512,-.262,-.482,.859,.172,.313,-.014,.95);
			es = "Linear";
			ed = "In";
		};
	};
	{
		tm = .183;
		["Torso"] = {
			tm = .0170;
			cf = cfr(-.002,-.112,.081,1,0,-.002,-.001,.991,-.136,.002,.136,.991);
			es = "Linear";
			ed = "In";
		};
		["Left Leg"] = {
			tm = .0170;
			cf = cfr(-1.216,.266,.054,.757,-.653,.015,.654,.756,-.03,.008,.032,.999);
			es = "Linear";
			ed = "In";
		};
		["Right Arm"] = {
			tm = .0170;
			cf = cfr(-.133,-.425,.034,.978,-.083,-.189,.097,.993,.065,.183,-.082,.98);
			es = "Linear";
			ed = "In";
		};
		["Head"] = {
			tm = .0170;
			cf = cfr(0,0,.017,.997,.034,.07,-.034,.999,-.011,-.07,.009,.998);
			es = "Linear";
			ed = "In";
		};
		["Right Leg"] = {
			tm = .0170;
			cf = cfr(.158,-.023,-.039,.899,.438,-.001,-.438,.899,.023,.011,-.02,1);
			es = "Linear";
			ed = "In";
		};
		["Left Arm"] = {
			tm = .0170;
			cf = cfr(-.126,-.324,-.071,.637,.72,-.277,-.687,.692,.222,.351,.049,.935);
			es = "Linear";
			ed = "In";
		};
	};
	{
		tm = .2;
		["Torso"] = {
			tm = .0169;
			cf = cfr(-.003,-.112,.07,1,.012,-.004,-.013,.991,-.136,.002,.136,.991);
			es = "Linear";
			ed = "In";
		};
		["Left Leg"] = {
			tm = .0169;
			cf = cfr(-1.191,.387,.062,.855,-.518,.022,.518,.855,-.029,-.004,.036,.999);
			es = "Linear";
			ed = "In";
		};
		["Right Arm"] = {
			tm = .0169;
			cf = cfr(-.202,-.387,.043,.961,.133,-.241,-.102,.985,.137,.256,-.107,.961);
			es = "Linear";
			ed = "In";
		};
		["Head"] = {
			tm = .0169;
			cf = cfr(0,0,.017,.998,.02,.066,-.02,1,.004,-.066,-.005,.998);
			es = "Linear";
			ed = "In";
		};
		["Right Leg"] = {
			tm = .0169;
			cf = cfr(.13,-.03,-.043,.84,.542,.011,-.542,.84,.028,.007,-.029,1);
			es = "Linear";
			ed = "In";
		};
		["Left Arm"] = {
			tm = .0169;
			cf = cfr(-.213,-.356,-.07,.428,.861,-.273,-.827,.495,.267,.365,.112,.924);
			es = "Linear";
			ed = "In";
		};
	};
	{
		tm = .217;
		["Torso"] = {
			tm = .0160;
			cf = cfr(-.004,-.111,.058,1,.024,-.005,-.025,.99,-.136,.002,.136,.991);
			es = "Linear";
			ed = "In";
		};
		["Left Leg"] = {
			tm = .0160;
			cf = cfr(-1.097,.475,.065,.935,-.352,.03,.353,.935,-.026,-.019,.035,.999);
			es = "Linear";
			ed = "In";
		};
		["Right Arm"] = {
			tm = .0160;
			cf = cfr(-.269,-.345,.054,.906,.326,-.27,-.272,.937,.218,.324,-.124,.938);
			es = "Linear";
			ed = "In";
		};
		["Head"] = {
			tm = .0160;
			cf = cfr(0,0,.017,.998,.005,.061,-.006,1,.018,-.061,-.018,.998);
			es = "Linear";
			ed = "In";
		};
		["Right Leg"] = {
			tm = .0160;
			cf = cfr(.104,-.037,-.047,.77,.638,.022,-.638,.769,.035,.005,-.041,.999);
			es = "Linear";
			ed = "In";
		};
		["Left Arm"] = {
			tm = .0160;
			cf = cfr(-.298,-.387,-.07,.223,.94,-.257,-.906,.297,.302,.361,.166,.918);
			es = "Linear";
			ed = "In";
		};
	};
	{
		tm = .233;
		["Torso"] = {
			tm = .0169;
			cf = cfr(-.005,-.111,.045,.999,.035,-.007,-.036,.99,-.135,.002,.136,.991);
			es = "Linear";
			ed = "In";
		};
		["Left Leg"] = {
			tm = .0169;
			cf = cfr(-.806,.533,.057,.995,-.092,.039,.092,.995,-.022,-.036,.025,.999);
			es = "Linear";
			ed = "In";
		};
		["Right Arm"] = {
			tm = .0169;
			cf = cfr(-.332,-.302,.067,.829,.485,-.279,-.406,.864,.297,.385,-.133,.913);
			es = "Linear";
			ed = "In";
		};
		["Head"] = {
			tm = .0169;
			cf = cfr(0,0,.017,.998,-.01,.054,.008,.999,.031,-.054,-.031,.998);
			es = "Linear";
			ed = "In";
		};
		["Right Leg"] = {
			tm = .0169;
			cf = cfr(.081,-.042,-.051,.693,.72,.033,-.72,.692,.042,.008,-.053,.999);
			es = "Linear";
			ed = "In";
		};
		["Left Arm"] = {
			tm = .0169;
			cf = cfr(-.379,-.416,-.069,.041,.971,-.236,-.937,.119,.327,.346,.208,.915);
			es = "Linear";
			ed = "In";
		};
	};
	{
		tm = .25;
		["Torso"] = {
			tm = .0170;
			cf = cfr(-.006,-.111,.032,.999,.046,-.008,-.047,.99,-.135,.001,.136,.991);
			es = "Linear";
			ed = "In";
		};
		["Left Leg"] = {
			tm = .0170;
			cf = cfr(-.778,.498,.056,.999,.019,.047,-.019,1,-.019,-.048,.018,.999);
			es = "Linear";
			ed = "In";
		};
		["Right Arm"] = {
			tm = .0170;
			cf = cfr(-.391,-.259,.079,.746,.608,-.272,-.503,.782,.367,.436,-.137,.889);
			es = "Linear";
			ed = "In";
		};
		["Head"] = {
			tm = .0170;
			cf = cfr(0,0,.017,.999,-.024,.046,.022,.999,.043,-.047,-.042,.998);
			es = "Linear";
			ed = "In";
		};
		["Right Leg"] = {
			tm = .0170;
			cf = cfr(.06,-.046,-.055,.617,.786,.043,-.787,.615,.052,.014,-.065,.998);
			es = "Linear";
			ed = "In";
		};
		["Left Arm"] = {
			tm = .0170;
			cf = cfr(-.454,-.441,-.069,-.11,.971,-.213,-.939,-.031,.343,.327,.238,.915);
			es = "Linear";
			ed = "In";
		};
	};
	{
		tm = .267;
		["Torso"] = {
			tm = .0159;
			cf = cfr(-.007,-.111,.02,.998,.055,-.009,-.056,.989,-.135,.001,.136,.991);
			es = "Linear";
			ed = "In";
		};
		["Left Leg"] = {
			tm = .0159;
			cf = cfr(-.714,.411,.054,.989,.136,.056,-.136,.991,-.016,-.057,.009,.998);
			es = "Linear";
			ed = "In";
		};
		["Right Arm"] = {
			tm = .0159;
			cf = cfr(-.444,-.218,.091,.668,.698,-.257,-.571,.703,.425,.477,-.138,.868);
			es = "Linear";
			ed = "In";
		};
		["Head"] = {
			tm = .0159;
			cf = cfr(0,0,.017,.999,-.037,.037,.035,.998,.053,-.039,-.052,.998);
			es = "Linear";
			ed = "In";
		};
		["Right Leg"] = {
			tm = .0159;
			cf = cfr(.041,-.049,-.058,.545,.837,.051,-.838,.542,.063,.025,-.077,.997);
			es = "Linear";
			ed = "In";
		};
		["Left Arm"] = {
			tm = .0159;
			cf = cfr(-.519,-.463,-.069,-.227,.955,-.193,-.924,-.149,.352,.307,.258,.916);
			es = "Linear";
			ed = "In";
		};
	};
	{
		tm = .283;
		["Torso"] = {
			tm = .0170;
			cf = cfr(-.008,-.111,.009,.998,.063,-.009,-.064,.989,-.135,.001,.136,.991);
			es = "Linear";
			ed = "In";
		};
		["Left Leg"] = {
			tm = .0170;
			cf = cfr(-.637,.301,.051,.967,.247,.063,-.247,.969,-.015,-.065,-.001,.998);
			es = "Linear";
			ed = "In";
		};
		["Right Arm"] = {
			tm = .0170;
			cf = cfr(-.488,-.182,.101,.603,.761,-.239,-.614,.634,.47,.509,-.137,.85);
			es = "Linear";
			ed = "In";
		};
		["Head"] = {
			tm = .0170;
			cf = cfr(0,0,.017,.998,-.049,.027,.047,.997,.061,-.03,-.059,.998);
			es = "Linear";
			ed = "In";
		};
		["Right Leg"] = {
			tm = .0170;
			cf = cfr(.026,-.049,-.062,.484,.873,.058,-.874,.48,.075,.038,-.087,.995);
			es = "Linear";
			ed = "In";
		};
		["Left Arm"] = {
			tm = .0170;
			cf = cfr(-.574,-.481,-.069,-.315,.933,-.176,-.904,-.238,.356,.29,.271,.918);
			es = "Linear";
			ed = "In";
		};
	};
	{
		tm = .3;
		["Torso"] = {
			tm = .0170;
			cf = cfr(-.008,-.111,0,.998,.069,-.01,-.07,.988,-.135,0,.136,.991);
			es = "Linear";
			ed = "In";
		};
		["Left Leg"] = {
			tm = .0170;
			cf = cfr(-.526,.184,.046,.931,.358,.069,-.357,.934,-.016,-.07,-.01,.997);
			es = "Linear";
			ed = "In";
		};
		["Right Arm"] = {
			tm = .0170;
			cf = cfr(-.522,-.153,.109,.553,.803,-.222,-.641,.581,.502,.532,-.135,.836);
			es = "Linear";
			ed = "In";
		};
		["Head"] = {
			tm = .0170;
			cf = cfr(0,0,.017,.998,-.059,.016,.058,.996,.065,-.02,-.064,.998);
			es = "Linear";
			ed = "In";
		};
		["Right Leg"] = {
			tm = .0170;
			cf = cfr(.015,-.048,-.064,.438,.897,.063,-.898,.432,.088,.051,-.095,.994);
			es = "Linear";
			ed = "In";
		};
		["Left Arm"] = {
			tm = .0170;
			cf = cfr(-.615,-.494,-.068,-.375,.912,-.164,-.885,-.299,.357,.277,.279,.919);
			es = "Linear";
			ed = "In";
		};
	};
	{
		tm = .317;
		["Torso"] = {
			tm = .0160;
			cf = cfr(-.008,-.111,-.006,.997,.073,-.01,-.074,.988,-.135,0,.136,.991);
			es = "Linear";
			ed = "In";
		};
		["Left Leg"] = {
			tm = .0160;
			cf = cfr(-.425,.092,.043,.896,.438,.073,-.438,.899,-.018,-.073,-.016,.997);
			es = "Linear";
			ed = "In";
		};
		["Right Arm"] = {
			tm = .0160;
			cf = cfr(-.543,-.134,.115,.523,.826,-.211,-.655,.547,.521,.546,-.134,.827);
			es = "Linear";
			ed = "In";
		};
		["Head"] = {
			tm = .0160;
			cf = cfr(0,0,.017,.998,-.068,.005,.067,.996,.066,-.009,-.066,.998);
			es = "Linear";
			ed = "In";
		};
		["Right Leg"] = {
			tm = .0160;
			cf = cfr(.008,-.046,-.066,.408,.911,.067,-.911,.401,.098,.062,-.1,.993);
			es = "Linear";
			ed = "In";
		};
		["Left Arm"] = {
			tm = .0160;
			cf = cfr(-.641,-.502,-.068,-.411,.898,-.156,-.871,-.336,.358,.269,.283,.921);
			es = "Linear";
			ed = "In";
		};
	};
	{
		tm = .333;
		["Torso"] = {
			tm = .0169;
			cf = cfr(-.008,-.111,-.008,.997,.075,-.01,-.075,.988,-.135,0,.136,.991);
			es = "Linear";
			ed = "In";
		};
		["Left Leg"] = {
			tm = .0169;
			cf = cfr(-.337,.05,.039,.873,.483,.074,-.483,.876,-.019,-.074,-.019,.997);
			es = "Linear";
			ed = "In";
		};
		["Right Arm"] = {
			tm = .0169;
			cf = cfr(-.551,-.127,.117,.512,.834,-.206,-.659,.535,.528,.551,-.134,.824);
			es = "Linear";
			ed = "In";
		};
		["Head"] = {
			tm = .0169;
			cf = cfr(0,0,.017,.997,-.074,-.007,.074,.996,.052,.003,-.052,.999);
			es = "Linear";
			ed = "In";
		};
		["Right Leg"] = {
			tm = .0169;
			cf = cfr(.005,-.045,-.067,.397,.915,.068,-.915,.39,.102,.067,-.102,.993);
			es = "Linear";
			ed = "In";
		};
		["Left Arm"] = {
			tm = .0169;
			cf = cfr(-.651,-.505,-.068,-.423,.893,-.154,-.867,-.348,.357,.266,.284,.921);
			es = "Linear";
			ed = "In";
		};
	};
	{
		tm = .35;
		["Torso"] = {
			tm = .0170;
			cf = cfr(-.006,-.133,-.003,.998,.064,-.007,-.064,.99,-.129,-.001,.129,.992);
			es = "Linear";
			ed = "In";
		};
		["Left Leg"] = {
			tm = .0170;
			cf = cfr(-.273,.044,.037,.876,.478,.061,-.478,.878,-.018,-.063,-.014,.998);
			es = "Linear";
			ed = "In";
		};
		["Right Arm"] = {
			tm = .0170;
			cf = cfr(-.543,-.127,.116,.526,.824,-.212,-.657,.551,.515,.541,-.131,.831);
			es = "Linear";
			ed = "In";
		};
		["Head"] = {
			tm = .0170;
			cf = cfr(0,0,.017,.998,-.068,-.019,.068,.998,.012,.018,-.014,1);
			es = "Linear";
			ed = "In";
		};
		["Right Leg"] = {
			tm = .0170;
			cf = cfr(.022,-.05,-.065,.392,.918,.058,-.918,.386,.092,.062,-.089,.994);
			es = "Linear";
			ed = "In";
		};
		["Left Arm"] = {
			tm = .0170;
			cf = cfr(-.64,-.501,-.068,-.408,.9,-.156,-.873,-.334,.354,.266,.281,.922);
			es = "Linear";
			ed = "In";
		};
	};
	{
		tm = .367;
		["Torso"] = {
			tm = .0160;
			cf = cfr(0,-.181,.008,.999,.038,0,-.037,.993,-.114,-.004,.114,.993);
			es = "Linear";
			ed = "In";
		};
		["Left Leg"] = {
			tm = .0160;
			cf = cfr(-.233,.043,.035,.902,.431,.031,-.431,.902,-.013,-.033,-.002,.999);
			es = "Linear";
			ed = "In";
		};
		["Right Arm"] = {
			tm = .0160;
			cf = cfr(-.52,-.129,.115,.565,.793,-.227,-.646,.596,.477,.514,-.123,.849);
			es = "Linear";
			ed = "In";
		};
		["Head"] = {
			tm = .0160;
			cf = cfr(0,0,.017,.998,-.046,-.033,.045,.998,-.04,.035,.039,.999);
			es = "Linear";
			ed = "In";
		};
		["Right Leg"] = {
			tm = .0160;
			cf = cfr(.07,-.058,-.062,.383,.923,.034,-.922,.38,.072,.053,-.059,.997);
			es = "Linear";
			ed = "In";
		};
		["Left Arm"] = {
			tm = .0160;
			cf = cfr(-.608,-.492,-.069,-.364,.917,-.163,-.892,-.293,.345,.269,.271,.924);
			es = "Linear";
			ed = "In";
		};
	};
	{
		tm = .383;
		["Torso"] = {
			tm = .0170;
			cf = cfr(.005,-.228,.023,1,.003,.007,-.003,.995,-.1,-.007,.1,.995);
			es = "Linear";
			ed = "In";
		};
		["Left Leg"] = {
			tm = .0170;
			cf = cfr(-.211,.046,.034,.933,.361,-.01,-.361,.933,-.007,.007,.01,1);
			es = "Linear";
			ed = "In";
		};
		["Right Arm"] = {
			tm = .0170;
			cf = cfr(-.484,-.132,.112,.629,.738,-.244,-.62,.665,.417,.47,-.11,.876);
			es = "Linear";
			ed = "In";
		};
		["Head"] = {
			tm = .0170;
			cf = cfr(0,0,.017,.999,-.016,-.048,.012,.996,-.086,.049,.085,.995);
			es = "Linear";
			ed = "In";
		};
		["Right Leg"] = {
			tm = .0170;
			cf = cfr(.143,-.065,-.057,.383,.924,.001,-.922,.382,.055,.05,-.022,.998);
			es = "Linear";
			ed = "In";
		};
		["Left Arm"] = {
			tm = .0170;
			cf = cfr(-.558,-.476,-.069,-.289,.942,-.173,-.918,-.222,.329,.272,.254,.928);
			es = "Linear";
			ed = "In";
		};
	};
	{
		tm = .4;
		["Torso"] = {
			tm = .0169;
			cf = cfr(.008,-.249,.04,.999,-.03,.01,.031,.995,-.093,-.007,.093,.996);
			es = "Linear";
			ed = "In";
		};
		["Left Leg"] = {
			tm = .0169;
			cf = cfr(-.202,.049,.032,.956,.289,-.052,-.29,.957,-.004,.048,.018,.999);
			es = "Linear";
			ed = "In";
		};
		["Right Arm"] = {
			tm = .0169;
			cf = cfr(-.437,-.136,.109,.712,.653,-.257,-.569,.751,.334,.412,-.092,.907);
			es = "Linear";
			ed = "In";
		};
		["Head"] = {
			tm = .0169;
			cf = cfr(0,0,.017,.998,.015,-.058,-.021,.994,-.104,.056,.105,.993);
			es = "Linear";
			ed = "In";
		};
		["Right Leg"] = {
			tm = .0169;
			cf = cfr(.235,-.064,-.053,.401,.915,-.032,-.914,.402,.05,.058,.009,.998);
			es = "Linear";
			ed = "In";
		};
		["Left Arm"] = {
			tm = .0169;
			cf = cfr(-.494,-.455,-.069,-.179,.966,-.184,-.945,-.117,.306,.274,.228,.934);
			es = "Linear";
			ed = "In";
		};
	};
	{
		tm = .417;
		["Torso"] = {
			tm = .0160;
			cf = cfr(.009,-.235,.057,.998,-.056,.011,.057,.994,-.097,-.006,.098,.995);
			es = "Linear";
			ed = "In";
		};
		["Left Leg"] = {
			tm = .0160;
			cf = cfr(-.199,.051,.029,.97,.229,-.086,-.23,.973,-.002,.083,.022,.996);
			es = "Linear";
			ed = "In";
		};
		["Right Arm"] = {
			tm = .0160;
			cf = cfr(-.382,-.14,.105,.807,.531,-.256,-.481,.845,.235,.341,-.066,.938);
			es = "Linear";
			ed = "In";
		};
		["Head"] = {
			tm = .0160;
			cf = cfr(0,0,.017,.997,.042,-.061,-.047,.994,-.097,.056,.099,.993);
			es = "Linear";
			ed = "In";
		};
		["Right Leg"] = {
			tm = .0160;
			cf = cfr(.341,-.059,-.048,.441,.896,-.058,-.895,.444,.052,.073,.029,.997);
			es = "Linear";
			ed = "In";
		};
		["Left Arm"] = {
			tm = .0160;
			cf = cfr(-.417,-.429,-.07,-.03,.981,-.193,-.962,.025,.273,.273,.194,.942);
			es = "Linear";
			ed = "In";
		};
	};
	{
		tm = .433;
		["Torso"] = {
			tm = .0170;
			cf = cfr(.01,-.201,.073,.997,-.075,.012,.075,.991,-.108,-.004,.108,.994);
			es = "Linear";
			ed = "In";
		};
		["Left Leg"] = {
			tm = .0170;
			cf = cfr(-.2,.053,.025,.979,.169,-.113,-.17,.985,-.001,.111,.02,.994);
			es = "Linear";
			ed = "In";
		};
		["Right Arm"] = {
			tm = .0170;
			cf = cfr(-.32,-.147,.101,.901,.368,-.231,-.347,.929,.127,.262,-.034,.965);
			es = "Linear";
			ed = "In";
		};
		["Head"] = {
			tm = .0170;
			cf = cfr(0,0,.017,.996,.061,-.061,-.066,.995,-.081,.055,.085,.995);
			es = "Linear";
			ed = "In";
		};
		["Right Leg"] = {
			tm = .0170;
			cf = cfr(.454,-.052,-.043,.496,.865,-.078,-.864,.501,.057,.088,.039,.995);
			es = "Linear";
			ed = "In";
		};
		["Left Arm"] = {
			tm = .0170;
			cf = cfr(-.33,-.398,-.07,.162,.967,-.196,-.951,.207,.232,.265,.149,.953);
			es = "Linear";
			ed = "In";
		};
	};
	{
		tm = .45;
		["Torso"] = {
			tm = .0170;
			cf = cfr(.01,-.16,.085,.996,-.086,.013,.087,.989,-.12,-.002,.121,.993);
			es = "Linear";
			ed = "In";
		};
		["Left Leg"] = {
			tm = .0170;
			cf = cfr(-.203,.054,.02,.986,.102,-.132,-.103,.995,0,.131,.014,.991);
			es = "Linear";
			ed = "In";
		};
		["Right Arm"] = {
			tm = .0170;
			cf = cfr(-.253,-.155,.097,.97,.166,-.176,-.163,.986,.028,.178,.001,.984);
			es = "Linear";
			ed = "In";
		};
		["Head"] = {
			tm = .0170;
			cf = cfr(0,0,.017,.996,.074,-.058,-.078,.995,-.061,.053,.065,.996);
			es = "Linear";
			ed = "In";
		};
		["Right Leg"] = {
			tm = .0170;
			cf = cfr(.564,-.045,-.036,.563,.822,-.09,-.821,.568,.06,.1,.041,.994);
			es = "Linear";
			ed = "In";
		};
		["Left Arm"] = {
			tm = .0170;
			cf = cfr(-.237,-.365,-.07,.39,.902,-.188,-.888,.422,.182,.243,.096,.965);
			es = "Linear";
			ed = "In";
		};
	};
	{
		tm = .467;
		["Torso"] = {
			tm = .0159;
			cf = cfr(.011,-.125,.094,.996,-.093,.013,.094,.987,-.131,-.001,.131,.991);
			es = "Linear";
			ed = "In";
		};
		["Left Leg"] = {
			tm = .0159;
			cf = cfr(-.207,.052,.014,.989,.021,-.144,-.022,1,-.001,.144,.005,.99);
			es = "Linear";
			ed = "In";
		};
		["Right Arm"] = {
			tm = .0159;
			cf = cfr(-.182,-.165,.092,.994,-.064,-.094,.06,.997,-.04,.096,.034,.995);
			es = "Linear";
			ed = "In";
		};
		["Head"] = {
			tm = .0159;
			cf = cfr(0,0,.017,.995,.083,-.054,-.085,.996,-.041,.05,.045,.998);
			es = "Linear";
			ed = "In";
		};
		["Right Leg"] = {
			tm = .0159;
			cf = cfr(.662,-.039,-.028,.636,.766,-.098,-.764,.642,.059,.108,.037,.993);
			es = "Linear";
			ed = "In";
		};
		["Left Arm"] = {
			tm = .0159;
			cf = cfr(-.142,-.329,-.07,.629,.761,-.161,-.751,.648,.129,.202,.039,.979);
			es = "Linear";
			ed = "In";
		};
	};
	{
		tm = .483;
		["Torso"] = {
			tm = .0170;
			cf = cfr(.011,-.111,.097,.995,-.096,.013,.097,.986,-.135,0,.136,.991);
			es = "Linear";
			ed = "In";
		};
		["Left Leg"] = {
			tm = .0170;
			cf = cfr(-.21,.048,.008,.985,-.081,-.15,.081,.997,-.004,.15,-.008,.989);
			es = "Linear";
			ed = "In";
		};
		["Right Arm"] = {
			tm = .0170;
			cf = cfr(-.109,-.178,.087,.954,-.3,.001,.3,.952,-.058,.017,.055,.998);
			es = "Linear";
			ed = "In";
		};
		["Head"] = {
			tm = .0170;
			cf = cfr(0,0,.017,.995,.088,-.049,-.089,.996,-.026,.047,.03,.998);
			es = "Linear";
			ed = "In";
		};
		["Right Leg"] = {
			tm = .0170;
			cf = cfr(.734,.08,-.019,.739,.666,-.101,-.665,.745,.05,.109,.03,.994);
			es = "Linear";
			ed = "In";
		};
		["Left Arm"] = {
			tm = .0170;
			cf = cfr(-.047,-.293,-.069,.838,.534,-.113,-.527,.846,.084,.14,-.011,.99);
			es = "Linear";
			ed = "In";
		};
	};
	{
		tm = .5;
		["Torso"] = {
			tm = .0170;
			cf = cfr(.011,-.111,.094,.995,-.098,.013,.099,.986,-.135,0,.136,.991);
			es = "Linear";
			ed = "In";
		};
		["Left Leg"] = {
			tm = .0170;
			cf = cfr(-.218,.031,0,.967,-.203,-.152,.204,.979,-.008,.15,-.023,.988);
			es = "Linear";
			ed = "In";
		};
		["Right Arm"] = {
			tm = .0170;
			cf = cfr(-.034,-.193,.081,.85,-.519,.086,.523,.852,-.027,-.059,.068,.996);
			es = "Linear";
			ed = "In";
		};
		["Head"] = {
			tm = .0170;
			cf = cfr(0,0,.017,.995,.091,-.044,-.092,.996,-.014,.043,.018,.999);
			es = "Linear";
			ed = "In";
		};
		["Right Leg"] = {
			tm = .0170;
			cf = cfr(.759,.283,-.011,.846,.523,-.101,-.522,.852,.039,.107,.02,.994);
			es = "Linear";
			ed = "In";
		};
		["Left Arm"] = {
			tm = .0170;
			cf = cfr(.047,-.259,-.063,.969,.241,-.046,-.238,.968,.076,.062,-.062,.996);
			es = "Linear";
			ed = "In";
		};
	};
	{
		tm = .517;
		["Torso"] = {
			tm = .0160;
			cf = cfr(.011,-.111,.086,.995,-.099,.013,.1,.986,-.135,0,.136,.991);
			es = "Linear";
			ed = "In";
		};
		["Left Leg"] = {
			tm = .0160;
			cf = cfr(-.233,-.005,-.007,.927,-.344,-.15,.346,.938,-.013,.145,-.04,.989);
			es = "Linear";
			ed = "In";
		};
		["Right Arm"] = {
			tm = .0160;
			cf = cfr(.041,-.21,.076,.698,-.7,.151,.705,.709,.03,-.128,.085,.988);
			es = "Linear";
			ed = "In";
		};
		["Head"] = {
			tm = .0160;
			cf = cfr(0,0,.017,.995,.095,-.039,-.095,.995,-.002,.039,.006,.999);
			es = "Linear";
			ed = "In";
		};
		["Right Leg"] = {
			tm = .0160;
			cf = cfr(.744,.395,-.007,.92,.38,-.102,-.378,.925,.031,.106,.01,.994);
			es = "Linear";
			ed = "In";
		};
		["Left Arm"] = {
			tm = .0160;
			cf = cfr(.139,-.23,-.047,.997,-.071,.019,.068,.99,.121,-.027,-.119,.992);
			es = "Linear";
			ed = "In";
		};
	};
	{
		tm = .533;
		["Torso"] = {
			tm = .0170;
			cf = cfr(.011,-.111,.074,.995,-.1,.013,.101,.986,-.135,0,.136,.991);
			es = "Linear";
			ed = "In";
		};
		["Left Leg"] = {
			tm = .0170;
			cf = cfr(-.25,-.055,-.014,.853,-.501,-.144,.504,.863,-.018,.134,-.057,.989);
			es = "Linear";
			ed = "In";
		};
		["Right Arm"] = {
			tm = .0170;
			cf = cfr(.115,-.227,.071,.521,-.832,.19,.833,.544,.102,-.188,.105,.977);
			es = "Linear";
			ed = "In";
		};
		["Head"] = {
			tm = .0170;
			cf = cfr(0,0,.017,.995,.098,-.033,-.097,.995,.011,.034,-.007,.999);
			es = "Linear";
			ed = "In";
		};
		["Right Leg"] = {
			tm = .0170;
			cf = cfr(.714,.419,-.005,.965,.241,-.103,-.239,.971,.028,.106,-.002,.994);
			es = "Linear";
			ed = "In";
		};
		["Left Arm"] = {
			tm = .0170;
			cf = cfr(.227,-.204,-.025,.934,-.352,.059,.334,.921,.202,-.125,-.169,.978);
			es = "Linear";
			ed = "In";
		};
	};
	{
		tm = .55;
		["Torso"] = {
			tm = .0169;
			cf = cfr(.011,-.111,.06,.995,-.1,.014,.101,.986,-.135,0,.136,.991);
			es = "Linear";
			ed = "In";
		};
		["Left Leg"] = {
			tm = .0169;
			cf = cfr(-.264,-.111,-.019,.739,-.661,-.135,.664,.747,-.02,.114,-.074,.991);
			es = "Linear";
			ed = "In";
		};
		["Right Arm"] = {
			tm = .0169;
			cf = cfr(.186,-.244,.066,.345,-.916,.204,.908,.381,.174,-.237,.126,.963);
			es = "Linear";
			ed = "In";
		};
		["Head"] = {
			tm = .0169;
			cf = cfr(0,0,.017,.995,.1,-.028,-.1,.995,.023,.03,-.02,.999);
			es = "Linear";
			ed = "In";
		};
		["Right Leg"] = {
			tm = .0169;
			cf = cfr(.669,.395,-.006,.99,.1,-.103,-.098,.995,.025,.105,-.014,.994);
			es = "Linear";
			ed = "In";
		};
		["Left Arm"] = {
			tm = .0169;
			cf = cfr(.312,-.182,.002,.818,-.571,.067,.531,.795,.294,-.221,-.205,.954);
			es = "Linear";
			ed = "In";
		};
	};
	{
		tm = .567;
		["Torso"] = {
			tm = .0160;
			cf = cfr(.011,-.111,.045,.995,-.101,.014,.102,.986,-.135,0,.136,.991);
			es = "Linear";
			ed = "In";
		};
		["Left Leg"] = {
			tm = .0160;
			cf = cfr(-.269,-.168,-.02,.589,-.799,-.123,.804,.595,-.019,.088,-.088,.992);
			es = "Linear";
			ed = "In";
		};
		["Right Arm"] = {
			tm = .0160;
			cf = cfr(.252,-.259,.062,.186,-.962,.201,.943,.233,.239,-.277,.145,.95);
			es = "Linear";
			ed = "In";
		};
		["Head"] = {
			tm = .0160;
			cf = cfr(0,0,.017,.994,.103,-.023,-.102,.994,.034,.026,-.032,.999);
			es = "Linear";
			ed = "In";
		};
		["Right Leg"] = {
			tm = .0160;
			cf = cfr(.615,.342,-.006,.994,-.039,-.103,.042,.999,.022,.102,-.026,.994);
			es = "Linear";
			ed = "In";
		};
		["Left Arm"] = {
			tm = .0160;
			cf = cfr(.392,-.163,.032,.688,-.724,.052,.657,.652,.378,-.307,-.226,.924);
			es = "Linear";
			ed = "In";
		};
	};
	{
		tm = .583;
		["Torso"] = {
			tm = .0170;
			cf = cfr(.011,-.111,.029,.995,-.101,.014,.102,.986,-.135,0,.136,.991);
			es = "Linear";
			ed = "In";
		};
		["Left Leg"] = {
			tm = .0170;
			cf = cfr(-.23,-.221,-.019,.431,-.895,-.114,.901,.435,-.011,.059,-.098,.993);
			es = "Linear";
			ed = "In";
		};
		["Right Arm"] = {
			tm = .0170;
			cf = cfr(.311,-.271,.058,.055,-.981,.187,.95,.109,.292,-.307,.161,.938);
			es = "Linear";
			ed = "In";
		};
		["Head"] = {
			tm = .0170;
			cf = cfr(0,0,.017,.994,.105,-.018,-.104,.994,.045,.022,-.043,.999);
			es = "Linear";
			ed = "In";
		};
		["Right Leg"] = {
			tm = .0170;
			cf = cfr(.559,.273,-.007,.98,-.169,-.104,.172,.985,.019,.099,-.037,.994);
			es = "Linear";
			ed = "In";
		};
		["Left Arm"] = {
			tm = .0170;
			cf = cfr(.462,-.146,.061,.569,-.822,.023,.729,.518,.447,-.379,-.238,.894);
			es = "Linear";
			ed = "In";
		};
	};
	{
		tm = .6;
		["Torso"] = {
			tm = .0170;
			cf = cfr(.011,-.111,.015,.995,-.101,.014,.102,.986,-.135,0,.136,.991);
			es = "Linear";
			ed = "In";
		};
		["Left Leg"] = {
			tm = .0170;
			cf = cfr(-.137,-.268,-.016,.286,-.952,-.11,.958,.288,0,.032,-.105,.994);
			es = "Linear";
			ed = "In";
		};
		["Right Arm"] = {
			tm = .0170;
			cf = cfr(.361,-.282,.055,-.046,-.985,.168,.943,.012,.333,-.33,.174,.928);
			es = "Linear";
			ed = "In";
		};
		["Head"] = {
			tm = .0170;
			cf = cfr(0,0,.017,.994,.106,-.014,-.105,.993,.054,.019,-.052,.998);
			es = "Linear";
			ed = "In";
		};
		["Right Leg"] = {
			tm = .0170;
			cf = cfr(.505,.198,-.008,.954,-.28,-.104,.283,.959,.017,.095,-.046,.994);
			es = "Linear";
			ed = "In";
		};
		["Left Arm"] = {
			tm = .0170;
			cf = cfr(.522,-.132,.088,.474,-.88,-.009,.765,.407,.498,-.435,-.243,.867);
			es = "Linear";
			ed = "In";
		};
	};
	{
		tm = .617;
		["Torso"] = {
			tm = .0160;
			cf = cfr(.011,-.111,.003,.995,-.101,.014,.102,.986,-.135,0,.136,.991);
			es = "Linear";
			ed = "In";
		};
		["Left Leg"] = {
			tm = .0160;
			cf = cfr(-.026,-.305,-.012,.166,-.98,-.111,.986,.166,.009,.009,-.111,.994);
			es = "Linear";
			ed = "In";
		};
		["Right Arm"] = {
			tm = .0160;
			cf = cfr(.399,-.29,.052,-.118,-.981,.151,.931,-.056,.362,-.346,.183,.92);
			es = "Linear";
			ed = "In";
		};
		["Head"] = {
			tm = .0160;
			cf = cfr(0,0,.017,.994,.107,-.011,-.106,.992,.061,.017,-.059,.998);
			es = "Linear";
			ed = "In";
		};
		["Right Leg"] = {
			tm = .0160;
			cf = cfr(.459,.13,-.009,.925,-.366,-.104,.369,.929,.015,.091,-.052,.995);
			es = "Linear";
			ed = "In";
		};
		["Left Arm"] = {
			tm = .0160;
			cf = cfr(.567,-.121,.111,.406,-.913,-.036,.781,.326,.533,-.475,-.245,.845);
			es = "Linear";
			ed = "In";
		};
	};
	{
		tm = .633;
		["Torso"] = {
			tm = .0170;
			cf = cfr(.011,-.111,-.005,.995,-.101,.014,.102,.986,-.135,0,.136,.991);
			es = "Linear";
			ed = "In";
		};
		["Left Leg"] = {
			tm = .0170;
			cf = cfr(.066,-.331,-.009,.083,-.99,-.114,.997,.082,.015,-.006,-.114,.993);
			es = "Linear";
			ed = "In";
		};
		["Right Arm"] = {
			tm = .0170;
			cf = cfr(.423,-.295,.051,-.161,-.977,.139,.92,-.098,.379,-.356,.189,.915);
			es = "Linear";
			ed = "In";
		};
		["Head"] = {
			tm = .0170;
			cf = cfr(0,0,.017,.994,.108,-.009,-.107,.992,.065,.016,-.064,.998);
			es = "Linear";
			ed = "In";
		};
		["Right Leg"] = {
			tm = .0170;
			cf = cfr(.427,.081,-.009,.902,-.42,-.103,.424,.906,.014,.088,-.056,.995);
			es = "Linear";
			ed = "In";
		};
		["Left Arm"] = {
			tm = .0170;
			cf = cfr(.596,-.115,.126,.365,-.93,-.055,.785,.275,.554,-.5,-.246,.83);
			es = "Linear";
			ed = "In";
		};
	};
	{
		tm = .65;
		["Torso"] = {
			tm = 0;
			cf = cfr(.011,-.111,-.008,.995,-.101,.014,.102,.986,-.135,0,.136,.991);
			es = "Linear";
			ed = "In";
		};
		["Left Leg"] = {
			tm = 0;
			cf = cfr(.104,-.341,-.008,.052,-.992,-.115,.999,.051,.017,-.011,-.116,.993);
			es = "Linear";
			ed = "In";
		};
		["Right Arm"] = {
			tm = 0;
			cf = cfr(.431,-.296,.05,-.176,-.975,.134,.916,-.112,.384,-.36,.19,.913);
			es = "Linear";
			ed = "In";
		};
		["Head"] = {
			tm = 0;
			cf = cfr(0,0,.017,.994,.108,-.008,-.107,.992,.067,.015,-.065,.998);
			es = "Linear";
			ed = "In";
		};
		["Right Leg"] = {
			tm = 0;
			cf = cfr(.416,.061,-.009,.892,-.44,-.103,.443,.896,.013,.087,-.058,.995);
			es = "Linear";
			ed = "In";
		};
		["Left Arm"] = {
			tm = 0;
			cf = cfr(.606,-.112,.131,.351,-.934,-.063,.786,.258,.562,-.509,-.246,.825);
			es = "Linear";
			ed = "In";
		};
	};
}
