-- // converted using mech's animoduler
local cfr = CFrame.new

return {
	{
		tm = 0;
		["Torso"] = {
			tm = .015;
			cf = cfr(-.012,-.077,-.194,1,-.021,-.003,.019,.935,-.353,.011,.353,.936);
			es = "Linear";
			ed = "In";
		};
		["Left Leg"] = {
			tm = .015;
			cf = cfr(-.316,.113,-.025,.904,-.421,.069,.419,.907,.043,-.081,-.01,.997);
			es = "Linear";
			ed = "In";
		};
		["Right Arm"] = {
			tm = .015;
			cf = cfr(-.404,-.276,.032,.852,-.509,-.121,.519,.851,.078,.063,-.13,.99);
			es = "Linear";
			ed = "In";
		};
		["Head"] = {
			tm = .015;
			cf = cfr(0,0,.018,1,.001,.004,-.002,.988,.157,-.004,-.157,.988);
			es = "Linear";
			ed = "In";
		};
		["Right Leg"] = {
			tm = .015;
			cf = cfr(.82,.17,-.015,.743,.669,.014,-.667,.739,.098,.055,-.083,.995);
			es = "Linear";
			ed = "In";
		};
		["Left Arm"] = {
			tm = .015;
			cf = cfr(.141,-.333,.001,.268,.957,-.11,-.957,.278,.086,.113,.082,.99);
			es = "Linear";
			ed = "In";
		};
	};
	{
		tm = .015;
		["Torso"] = {
			tm = .015;
			cf = cfr(-.012,-.077,-.187,1,-.002,-.003,0,.936,-.352,.004,.352,.936);
			es = "Linear";
			ed = "In";
		};
		["Left Leg"] = {
			tm = .015;
			cf = cfr(-.288,.093,-.026,.856,-.509,.086,.506,.861,.056,-.103,-.005,.995);
			es = "Linear";
			ed = "In";
		};
		["Right Arm"] = {
			tm = .015;
			cf = cfr(-.506,-.231,.021,.963,-.205,-.174,.222,.971,.087,.152,-.122,.981);
			es = "Linear";
			ed = "In";
		};
		["Head"] = {
			tm = .015;
			cf = cfr(0,0,.018,1,-.013,.005,.012,.987,.161,-.007,-.161,.987);
			es = "Linear";
			ed = "In";
		};
		["Right Leg"] = {
			tm = .015;
			cf = cfr(.964,.136,-.019,.819,.573,.036,-.574,.815,.082,.018,-.088,.996);
			es = "Linear";
			ed = "In";
		};
		["Left Arm"] = {
			tm = .015;
			cf = cfr(.086,-.375,-.001,.012,.995,-.103,-.993,.024,.115,.117,.1,.988);
			es = "Linear";
			ed = "In";
		};
	};
	{
		tm = .03;
		["Torso"] = {
			tm = .015;
			cf = cfr(-.012,-.077,-.188,1,.019,-.003,-.019,.936,-.352,-.004,.352,.936);
			es = "Linear";
			ed = "In";
		};
		["Left Leg"] = {
			tm = .015;
			cf = cfr(-.257,.079,-.027,.796,-.596,.103,.592,.803,.071,-.125,.004,.992);
			es = "Linear";
			ed = "In";
		};
		["Right Arm"] = {
			tm = .015;
			cf = cfr(-.594,-.171,.008,.974,.091,-.207,-.07,.992,.109,.215,-.092,.972);
			es = "Linear";
			ed = "In";
		};
		["Head"] = {
			tm = .015;
			cf = cfr(0,0,.018,1,-.027,.005,.026,.986,.166,-.009,-.165,.986);
			es = "Linear";
			ed = "In";
		};
		["Right Leg"] = {
			tm = .015;
			cf = cfr(.891,.241,-.032,.934,.352,.062,-.356,.932,.071,-.032,-.089,.996);
			es = "Linear";
			ed = "In";
		};
		["Left Arm"] = {
			tm = .015;
			cf = cfr(.023,-.423,-.003,-.196,.976,-.095,-.972,-.181,.148,.127,.121,.984);
			es = "Linear";
			ed = "In";
		};
	};
	{
		tm = .045;
		["Torso"] = {
			tm = .015;
			cf = cfr(-.012,-.076,-.191,.999,.04,-.003,-.039,.935,-.352,-.011,.352,.936);
			es = "Linear";
			ed = "In";
		};
		["Left Leg"] = {
			tm = .015;
			cf = cfr(-.225,.069,-.027,.723,-.68,.118,.675,.733,.086,-.145,.017,.989);
			es = "Linear";
			ed = "In";
		};
		["Right Arm"] = {
			tm = .015;
			cf = cfr(-.662,-.104,-.004,.916,.335,-.221,-.312,.941,.133,.253,-.053,.966);
			es = "Linear";
			ed = "In";
		};
		["Head"] = {
			tm = .015;
			cf = cfr(0,0,.018,.999,-.04,.004,.038,.985,.171,-.011,-.17,.985);
			es = "Linear";
			ed = "In";
		};
		["Right Leg"] = {
			tm = .015;
			cf = cfr(.885,.327,-.045,.983,.161,.085,-.167,.984,.067,-.073,-.08,.994);
			es = "Linear";
			ed = "In";
		};
		["Left Arm"] = {
			tm = .015;
			cf = cfr(-.046,-.473,-.006,-.355,.931,-.085,-.925,-.336,.18,.139,.143,.98);
			es = "Linear";
			ed = "In";
		};
	};
	{
		tm = .06;
		["Torso"] = {
			tm = .016;
			cf = cfr(-.012,-.076,-.195,.998,.06,-.003,-.057,.934,-.352,-.018,.352,.936);
			es = "Linear";
			ed = "In";
		};
		["Left Leg"] = {
			tm = .016;
			cf = cfr(-.194,.064,-.028,.638,-.759,.13,.753,.65,.102,-.162,.033,.986);
			es = "Linear";
			ed = "In";
		};
		["Right Arm"] = {
			tm = .016;
			cf = cfr(-.709,-.04,-.013,.829,.513,-.223,-.49,.858,.154,.27,-.019,.963);
			es = "Linear";
			ed = "In";
		};
		["Head"] = {
			tm = .016;
			cf = cfr(0,0,.018,.999,-.051,.003,.05,.983,.176,-.012,-.176,.984);
			es = "Linear";
			ed = "In";
		};
		["Right Leg"] = {
			tm = .016;
			cf = cfr(.852,.43,-.058,.994,-.037,.106,.029,.997,.071,-.108,-.068,.992);
			es = "Linear";
			ed = "In";
		};
		["Left Arm"] = {
			tm = .016;
			cf = cfr(-.113,-.521,-.009,-.469,.88,-.075,-.87,-.446,.208,.15,.163,.975);
			es = "Linear";
			ed = "In";
		};
	};
	{
		tm = .076;
		["Torso"] = {
			tm = .015;
			cf = cfr(-.012,-.075,-.201,.997,.078,-.003,-.074,.933,-.352,-.024,.351,.936);
			es = "Linear";
			ed = "In";
		};
		["Left Leg"] = {
			tm = .015;
			cf = cfr(-.166,.062,-.029,.542,-.828,.14,.821,.558,.119,-.177,.051,.983);
			es = "Linear";
			ed = "In";
		};
		["Right Arm"] = {
			tm = .015;
			cf = cfr(-.739,.013,-.02,.743,.633,-.218,-.61,.774,.169,.276,.007,.961);
			es = "Linear";
			ed = "In";
		};
		["Head"] = {
			tm = .015;
			cf = cfr(0,0,.018,.998,-.061,.001,.06,.982,.181,-.013,-.181,.983);
			es = "Linear";
			ed = "In";
		};
		["Right Leg"] = {
			tm = .015;
			cf = cfr(.787,.519,-.068,.961,-.249,.121,.24,.967,.084,-.138,-.052,.989);
			es = "Linear";
			ed = "In";
		};
		["Left Arm"] = {
			tm = .015;
			cf = cfr(-.171,-.56,-.012,-.549,.833,-.065,-.821,-.522,.232,.159,.18,.971);
			es = "Linear";
			ed = "In";
		};
	};
	{
		tm = .091;
		["Torso"] = {
			tm = .015;
			cf = cfr(-.012,-.073,-.209,.996,.094,-.003,-.089,.932,-.352,-.03,.351,.936);
			es = "Linear";
			ed = "In";
		};
		["Left Leg"] = {
			tm = .015;
			cf = cfr(-.141,.063,-.03,.44,-.886,.147,.877,.459,.138,-.19,.068,.979);
			es = "Linear";
			ed = "In";
		};
		["Right Arm"] = {
			tm = .015;
			cf = cfr(-.755,.05,-.024,.675,.707,-.211,-.684,.707,.179,.275,.023,.961);
			es = "Linear";
			ed = "In";
		};
		["Head"] = {
			tm = .015;
			cf = cfr(0,0,.018,.998,-.07,0,.069,.98,.186,-.013,-.186,.983);
			es = "Linear";
			ed = "In";
		};
		["Right Leg"] = {
			tm = .015;
			cf = cfr(.689,.56,-.072,.877,-.464,.129,.453,.886,.1,-.161,-.029,.987);
			es = "Linear";
			ed = "In";
		};
		["Left Arm"] = {
			tm = .015;
			cf = cfr(-.211,-.586,-.015,-.601,.797,-.055,-.782,-.572,.249,.167,.193,.967);
			es = "Linear";
			ed = "In";
		};
	};
	{
		tm = .106;
		["Torso"] = {
			tm = .015;
			cf = cfr(-.012,-.072,-.219,.994,.106,-.003,-.1,.931,-.352,-.034,.35,.936);
			es = "Linear";
			ed = "In";
		};
		["Left Leg"] = {
			tm = .015;
			cf = cfr(-.123,.068,-.032,.34,-.929,.149,.918,.362,.16,-.203,.083,.976);
			es = "Linear";
			ed = "In";
		};
		["Right Arm"] = {
			tm = .015;
			cf = cfr(-.763,.066,-.025,.635,.745,-.204,-.722,.667,.184,.273,.031,.961);
			es = "Linear";
			ed = "In";
		};
		["Head"] = {
			tm = .015;
			cf = cfr(0,0,.018,.997,-.076,-.001,.075,.979,.19,-.013,-.19,.982);
			es = "Linear";
			ed = "In";
		};
		["Right Leg"] = {
			tm = .015;
			cf = cfr(.562,.478,-.066,.739,-.662,.128,.651,.75,.116,-.173,-.002,.985);
			es = "Linear";
			ed = "In";
		};
		["Left Arm"] = {
			tm = .015;
			cf = cfr(-.225,-.593,-.016,-.63,.775,-.048,-.757,-.6,.258,.171,.199,.965);
			es = "Linear";
			ed = "In";
		};
	};
	{
		tm = .121;
		["Torso"] = {
			tm = .0150;
			cf = cfr(-.012,-.07,-.23,.993,.114,-.003,-.108,.93,-.352,-.037,.35,.936);
			es = "Linear";
			ed = "In";
		};
		["Left Leg"] = {
			tm = .0150;
			cf = cfr(-.113,.077,-.033,.248,-.958,.148,.944,.273,.186,-.219,.093,.971);
			es = "Linear";
			ed = "In";
		};
		["Right Arm"] = {
			tm = .0150;
			cf = cfr(-.766,.069,-.025,.62,.758,-.201,-.735,.651,.189,.274,.03,.961);
			es = "Linear";
			ed = "In";
		};
		["Head"] = {
			tm = .0150;
			cf = cfr(0,0,.018,.997,-.08,-.002,.079,.978,.193,-.013,-.192,.981);
			es = "Linear";
			ed = "In";
		};
		["Right Leg"] = {
			tm = .0150;
			cf = cfr(.447,.317,-.053,.59,-.799,.12,.789,.601,.125,-.172,.021,.985);
			es = "Linear";
			ed = "In";
		};
		["Left Arm"] = {
			tm = .0150;
			cf = cfr(-.223,-.591,-.016,-.645,.763,-.042,-.745,-.614,.261,.173,.2,.964);
			es = "Linear";
			ed = "In";
		};
	};
	{
		tm = .136;
		["Torso"] = {
			tm = .0159;
			cf = cfr(-.012,-.067,-.244,.993,.117,-.003,-.111,.929,-.352,-.038,.35,.936);
			es = "Linear";
			ed = "In";
		};
		["Left Leg"] = {
			tm = .0159;
			cf = cfr(-.112,.09,-.036,.172,-.975,.141,.955,.2,.217,-.24,.098,.966);
			es = "Linear";
			ed = "In";
		};
		["Right Arm"] = {
			tm = .0159;
			cf = cfr(-.767,.07,-.025,.616,.762,-.199,-.738,.647,.193,.276,.029,.961);
			es = "Linear";
			ed = "In";
		};
		["Head"] = {
			tm = .0159;
			cf = cfr(0,0,.018,.997,-.081,-.003,.08,.978,.193,-.013,-.193,.981);
			es = "Linear";
			ed = "In";
		};
		["Right Leg"] = {
			tm = .0159;
			cf = cfr(.397,.229,-.045,.518,-.848,.116,.839,.53,.127,-.169,.031,.985);
			es = "Linear";
			ed = "In";
		};
		["Left Arm"] = {
			tm = .0159;
			cf = cfr(-.222,-.59,-.016,-.649,.759,-.041,-.741,-.619,.262,.173,.2,.964);
			es = "Linear";
			ed = "In";
		};
	};
	{
		tm = .152;
		["Torso"] = {
			tm = .0150;
			cf = cfr(-.012,-.066,-.259,.993,.116,-.004,-.11,.929,-.354,-.037,.352,.935);
			es = "Linear";
			ed = "In";
		};
		["Left Leg"] = {
			tm = .0150;
			cf = cfr(-.126,.105,-.038,.119,-.984,.134,.957,.15,.25,-.266,.099,.959);
			es = "Linear";
			ed = "In";
		};
		["Right Arm"] = {
			tm = .0150;
			cf = cfr(-.752,.07,-.024,.615,.763,-.201,-.739,.646,.192,.276,.03,.961);
			es = "Linear";
			ed = "In";
		};
		["Head"] = {
			tm = .0150;
			cf = cfr(0,0,.018,.997,-.08,-.003,.079,.978,.191,-.013,-.191,.982);
			es = "Linear";
			ed = "In";
		};
		["Right Leg"] = {
			tm = .0150;
			cf = cfr(.419,.284,-.049,.553,-.824,.121,.817,.565,.111,-.16,.037,.986);
			es = "Linear";
			ed = "In";
		};
		["Left Arm"] = {
			tm = .0150;
			cf = cfr(-.214,-.587,-.015,-.646,.763,-.041,-.744,-.616,.256,.17,.196,.966);
			es = "Linear";
			ed = "In";
		};
	};
	{
		tm = .167;
		["Torso"] = {
			tm = .0149;
			cf = cfr(-.014,-.066,-.275,.993,.114,-.007,-.109,.928,-.357,-.035,.355,.934);
			es = "Linear";
			ed = "In";
		};
		["Left Leg"] = {
			tm = .0149;
			cf = cfr(-.156,.123,-.04,.087,-.988,.129,.951,.121,.285,-.297,.098,.95);
			es = "Linear";
			ed = "In";
		};
		["Right Arm"] = {
			tm = .0149;
			cf = cfr(-.71,.067,-.021,.621,.757,-.204,-.734,.652,.188,.275,.033,.961);
			es = "Linear";
			ed = "In";
		};
		["Head"] = {
			tm = .0149;
			cf = cfr(0,0,.018,.997,-.077,-.002,.076,.98,.185,-.012,-.185,.983);
			es = "Linear";
			ed = "In";
		};
		["Right Leg"] = {
			tm = .0149;
			cf = cfr(.474,.409,-.057,.648,-.75,.131,.748,.659,.08,-.146,.046,.988);
			es = "Linear";
			ed = "In";
		};
		["Left Arm"] = {
			tm = .0149;
			cf = cfr(-.193,-.577,-.013,-.634,.772,-.042,-.756,-.608,.242,.162,.185,.969);
			es = "Linear";
			ed = "In";
		};
	};
	{
		tm = .182;
		["Torso"] = {
			tm = .0150;
			cf = cfr(-.017,-.066,-.289,.994,.11,-.009,-.106,.927,-.36,-.031,.359,.933);
			es = "Linear";
			ed = "In";
		};
		["Left Leg"] = {
			tm = .0150;
			cf = cfr(-.202,.144,-.041,.071,-.99,.124,.941,.108,.321,-.331,.094,.939);
			es = "Linear";
			ed = "In";
		};
		["Right Arm"] = {
			tm = .0150;
			cf = cfr(-.646,.059,-.015,.635,.745,-.206,-.723,.667,.181,.272,.034,.962);
			es = "Linear";
			ed = "In";
		};
		["Head"] = {
			tm = .0150;
			cf = cfr(0,0,.018,.998,-.071,-.001,.07,.982,.177,-.011,-.177,.984);
			es = "Linear";
			ed = "In";
		};
		["Right Leg"] = {
			tm = .0150;
			cf = cfr(.538,.54,-.067,.764,-.632,.134,.63,.774,.058,-.14,.041,.989);
			es = "Linear";
			ed = "In";
		};
		["Left Arm"] = {
			tm = .0150;
			cf = cfr(-.162,-.562,-.01,-.613,.789,-.043,-.776,-.591,.221,.149,.169,.974);
			es = "Linear";
			ed = "In";
		};
	};
	{
		tm = .197;
		["Torso"] = {
			tm = .0149;
			cf = cfr(-.019,-.067,-.299,.995,.103,-.012,-.1,.926,-.363,-.026,.363,.932);
			es = "Linear";
			ed = "In";
		};
		["Left Leg"] = {
			tm = .0149;
			cf = cfr(-.256,.155,-.038,.095,-.987,.129,.934,.133,.33,-.343,.089,.935);
			es = "Linear";
			ed = "In";
		};
		["Right Arm"] = {
			tm = .0149;
			cf = cfr(-.563,.045,-.007,.66,.721,-.209,-.702,.692,.17,.267,.034,.963);
			es = "Linear";
			ed = "In";
		};
		["Head"] = {
			tm = .0149;
			cf = cfr(0,0,.018,.998,-.062,-.001,.062,.984,.167,-.01,-.167,.986);
			es = "Linear";
			ed = "In";
		};
		["Right Leg"] = {
			tm = .0149;
			cf = cfr(.598,.603,-.072,.866,-.482,.133,.48,.876,.05,-.141,.02,.99);
			es = "Linear";
			ed = "In";
		};
		["Left Arm"] = {
			tm = .0149;
			cf = cfr(-.123,-.541,-.006,-.58,.813,-.044,-.804,-.563,.194,.133,.148,.98);
			es = "Linear";
			ed = "In";
		};
	};
	{
		tm = .212;
		["Torso"] = {
			tm = .0150;
			cf = cfr(-.02,-.067,-.303,.996,.093,-.014,-.092,.927,-.365,-.021,.364,.931);
			es = "Linear";
			ed = "In";
		};
		["Left Leg"] = {
			tm = .0150;
			cf = cfr(-.316,.146,-.028,.18,-.973,.142,.932,.215,.292,-.315,.08,.946);
			es = "Linear";
			ed = "In";
		};
		["Right Arm"] = {
			tm = .0150;
			cf = cfr(-.466,.021,.003,.699,.684,-.208,-.667,.729,.155,.258,.03,.966);
			es = "Linear";
			ed = "In";
		};
		["Head"] = {
			tm = .0150;
			cf = cfr(0,0,.018,.999,-.053,0,.052,.986,.157,-.008,-.156,.988);
			es = "Linear";
			ed = "In";
		};
		["Right Leg"] = {
			tm = .0150;
			cf = cfr(.627,.464,-.07,.93,-.347,.124,.344,.938,.046,-.132,-.001,.991);
			es = "Linear";
			ed = "In";
		};
		["Left Arm"] = {
			tm = .0150;
			cf = cfr(-.079,-.514,-.002,-.533,.845,-.045,-.839,-.52,.163,.115,.125,.986);
			es = "Linear";
			ed = "In";
		};
	};
	{
		tm = .227;
		["Torso"] = {
			tm = .0159;
			cf = cfr(-.021,-.067,-.296,.997,.079,-.014,-.079,.928,-.364,-.016,.364,.931);
			es = "Linear";
			ed = "In";
		};
		["Left Leg"] = {
			tm = .0159;
			cf = cfr(-.385,.131,-.014,.312,-.938,.153,.912,.341,.23,-.268,.068,.961);
			es = "Linear";
			ed = "In";
		};
		["Right Arm"] = {
			tm = .0159;
			cf = cfr(-.358,-.013,.016,.754,.625,-.203,-.61,.78,.135,.243,.022,.97);
			es = "Linear";
			ed = "In";
		};
		["Head"] = {
			tm = .0159;
			cf = cfr(0,0,.018,.999,-.041,0,.04,.988,.147,-.006,-.147,.989);
			es = "Linear";
			ed = "In";
		};
		["Right Leg"] = {
			tm = .0159;
			cf = cfr(.838,.406,-.086,.992,-.065,.11,.061,.997,.038,-.112,-.031,.993);
			es = "Linear";
			ed = "In";
		};
		["Left Arm"] = {
			tm = .0159;
			cf = cfr(-.034,-.484,.002,-.466,.884,-.046,-.88,-.457,.13,.094,.101,.99);
			es = "Linear";
			ed = "In";
		};
	};
	{
		tm = .243;
		["Torso"] = {
			tm = .0140;
			cf = cfr(-.02,-.066,-.277,.998,.062,-.013,-.063,.93,-.362,-.01,.362,.932);
			es = "Linear";
			ed = "In";
		};
		["Left Leg"] = {
			tm = .0140;
			cf = cfr(-.479,.092,.005,.456,-.877,.155,.862,.478,.167,-.22,.057,.974);
			es = "Linear";
			ed = "In";
		};
		["Right Arm"] = {
			tm = .0140;
			cf = cfr(-.242,-.059,.032,.824,.534,-.19,-.523,.845,.111,.22,.008,.975);
			es = "Linear";
			ed = "In";
		};
		["Head"] = {
			tm = .0140;
			cf = cfr(0,0,.018,1,-.028,-.001,.028,.99,.138,-.003,-.138,.99);
			es = "Linear";
			ed = "In";
		};
		["Right Leg"] = {
			tm = .0140;
			cf = cfr(.574,.303,-.056,.996,-.018,.093,.015,.999,.033,-.094,-.031,.995);
			es = "Linear";
			ed = "In";
		};
		["Left Arm"] = {
			tm = .0140;
			cf = cfr(.01,-.449,.005,-.374,.926,-.045,-.925,-.368,.096,.072,.077,.994);
			es = "Linear";
			ed = "In";
		};
	};
	{
		tm = .257;
		["Torso"] = {
			tm = .0160;
			cf = cfr(-.019,-.065,-.251,.999,.043,-.012,-.044,.932,-.36,-.004,.36,.933);
			es = "Linear";
			ed = "In";
		};
		["Left Leg"] = {
			tm = .0160;
			cf = cfr(-.596,.067,.02,.596,-.79,.146,.783,.612,.115,-.18,.046,.983);
			es = "Linear";
			ed = "In";
		};
		["Right Arm"] = {
			tm = .0160;
			cf = cfr(-.12,-.117,.05,.903,.397,-.165,-.388,.918,.084,.184,-.012,.983);
			es = "Linear";
			ed = "In";
		};
		["Head"] = {
			tm = .0160;
			cf = cfr(0,0,.018,1,-.014,-.002,.014,.991,.133,0,-.133,.991);
			es = "Linear";
			ed = "In";
		};
		["Right Leg"] = {
			tm = .0160;
			cf = cfr(.497,.252,-.05,.991,.117,.071,-.119,.993,.026,-.067,-.034,.997);
			es = "Linear";
			ed = "In";
		};
		["Left Arm"] = {
			tm = .0160;
			cf = cfr(.051,-.414,.008,-.247,.968,-.042,-.968,-.244,.062,.049,.056,.997);
			es = "Linear";
			ed = "In";
		};
	};
	{
		tm = .273;
		["Torso"] = {
			tm = .0149;
			cf = cfr(-.017,-.064,-.223,1,.022,-.01,-.024,.934,-.357,.001,.357,.934);
			es = "Linear";
			ed = "In";
		};
		["Left Leg"] = {
			tm = .0149;
			cf = cfr(-.637,.136,.013,.753,-.646,.129,.642,.763,.073,-.146,.028,.989);
			es = "Linear";
			ed = "In";
		};
		["Right Arm"] = {
			tm = .0149;
			cf = cfr(.008,-.187,.07,.974,.191,-.12,-.185,.981,.058,.129,-.034,.991);
			es = "Linear";
			ed = "In";
		};
		["Head"] = {
			tm = .0149;
			cf = cfr(0,0,.018,1,.001,-.003,0,.991,.131,.003,-.131,.991);
			es = "Linear";
			ed = "In";
		};
		["Right Leg"] = {
			tm = .0149;
			cf = cfr(.4,.189,-.044,.974,.22,.047,-.221,.975,.021,-.042,-.031,.999);
			es = "Linear";
			ed = "In";
		};
		["Left Arm"] = {
			tm = .0149;
			cf = cfr(.089,-.378,.009,-.074,.997,-.036,-.997,-.073,.029,.027,.038,.999);
			es = "Linear";
			ed = "In";
		};
	};
	{
		tm = .288;
		["Torso"] = {
			tm = .0150;
			cf = cfr(-.015,-.063,-.198,1,0,-.007,-.003,.935,-.355,.007,.355,.935);
			es = "Linear";
			ed = "In";
		};
		["Left Leg"] = {
			tm = .0150;
			cf = cfr(-.73,.158,.018,.841,-.531,.103,.53,.847,.04,-.109,.021,.994);
			es = "Linear";
			ed = "In";
		};
		["Right Arm"] = {
			tm = .0150;
			cf = cfr(.139,-.261,.089,.994,-.099,-.05,.102,.994,.044,.045,-.049,.998);
			es = "Linear";
			ed = "In";
		};
		["Head"] = {
			tm = .0150;
			cf = cfr(0,0,.018,1,.016,-.004,-.015,.991,.133,.006,-.133,.991);
			es = "Linear";
			ed = "In";
		};
		["Right Leg"] = {
			tm = .0150;
			cf = cfr(.305,.116,-.039,.954,.299,.025,-.3,.954,.015,-.019,-.022,1);
			es = "Linear";
			ed = "In";
		};
		["Left Arm"] = {
			tm = .0150;
			cf = cfr(.126,-.344,.009,.156,.987,-.027,-.988,.156,.002,.006,.027,1);
			es = "Linear";
			ed = "In";
		};
	};
	{
		tm = .303;
		["Torso"] = {
			tm = .0150;
			cf = cfr(-.014,-.063,-.179,1,-.022,-.005,.019,.935,-.353,.013,.353,.936);
			es = "Linear";
			ed = "In";
		};
		["Left Leg"] = {
			tm = .0150;
			cf = cfr(-.824,.189,.021,.896,-.438,.068,.438,.899,.011,-.066,.02,.998);
			es = "Linear";
			ed = "In";
		};
		["Right Arm"] = {
			tm = .0150;
			cf = cfr(.268,-.327,.105,.889,-.455,.049,.452,.89,.07,-.075,-.04,.996);
			es = "Linear";
			ed = "In";
		};
		["Head"] = {
			tm = .0150;
			cf = cfr(0,0,.018,1,.031,-.005,-.03,.99,.14,.009,-.139,.99);
			es = "Linear";
			ed = "In";
		};
		["Right Leg"] = {
			tm = .0150;
			cf = cfr(.231,.036,-.033,.932,.364,.005,-.364,.931,.009,-.002,-.011,1);
			es = "Linear";
			ed = "In";
		};
		["Left Arm"] = {
			tm = .0150;
			cf = cfr(.167,-.313,.006,.442,.897,-.016,-.897,.442,-.018,-.009,.023,1);
			es = "Linear";
			ed = "In";
		};
	};
	{
		tm = .318;
		["Torso"] = {
			tm = .0150;
			cf = cfr(-.012,-.063,-.172,.999,-.044,-.003,.04,.935,-.352,.019,.352,.936);
			es = "Linear";
			ed = "In";
		};
		["Left Leg"] = {
			tm = .0150;
			cf = cfr(-1.117,.204,.024,.893,-.449,.026,.449,.893,-.016,-.016,.026,1);
			es = "Linear";
			ed = "In";
		};
		["Right Arm"] = {
			tm = .0150;
			cf = cfr(.374,-.375,.112,.617,-.773,.148,.758,.634,.155,-.213,.016,.977);
			es = "Linear";
			ed = "In";
		};
		["Head"] = {
			tm = .0150;
			cf = cfr(0,0,.018,.999,.045,-.005,-.044,.988,.149,.011,-.149,.989);
			es = "Linear";
			ed = "In";
		};
		["Right Leg"] = {
			tm = .0150;
			cf = cfr(.199,-.047,-.025,.898,.44,-.011,-.44,.898,.003,.012,.002,1);
			es = "Linear";
			ed = "In";
		};
		["Left Arm"] = {
			tm = .0150;
			cf = cfr(.22,-.275,.002,.747,.665,-.007,-.665,.747,-.027,-.012,.025,1);
			es = "Linear";
			ed = "In";
		};
	};
	{
		tm = .333;
		["Torso"] = {
			tm = .0149;
			cf = cfr(-.011,-.064,-.173,.998,-.064,-.002,.06,.934,-.352,.025,.351,.936);
			es = "Linear";
			ed = "In";
		};
		["Left Leg"] = {
			tm = .0149;
			cf = cfr(-1.194,.36,.011,.941,-.339,-.019,.338,.94,-.039,.031,.03,.999);
			es = "Linear";
			ed = "In";
		};
		["Right Arm"] = {
			tm = .0149;
			cf = cfr(.44,-.411,.109,.249,-.947,.202,.914,.299,.276,-.321,.116,.94);
			es = "Linear";
			ed = "In";
		};
		["Head"] = {
			tm = .0149;
			cf = cfr(0,0,.018,.998,.059,-.004,-.057,.985,.161,.014,-.161,.987);
			es = "Linear";
			ed = "In";
		};
		["Right Leg"] = {
			tm = .0149;
			cf = cfr(.199,-.128,-.013,.838,.545,-.026,-.545,.838,-.002,.021,.015,1);
			es = "Linear";
			ed = "In";
		};
		["Left Arm"] = {
			tm = .0149;
			cf = cfr(.293,-.212,0,.963,.267,-.031,-.267,.964,-.005,.029,.013,1);
			es = "Linear";
			ed = "In";
		};
	};
	{
		tm = .348;
		["Torso"] = {
			tm = .0160;
			cf = cfr(-.011,-.065,-.177,.997,-.083,-.002,.077,.933,-.352,.031,.351,.936);
			es = "Linear";
			ed = "In";
		};
		["Left Leg"] = {
			tm = .0160;
			cf = cfr(-1.157,.523,.002,.983,-.172,-.065,.168,.984,-.054,.073,.042,.996);
			es = "Linear";
			ed = "In";
		};
		["Right Arm"] = {
			tm = .0160;
			cf = cfr(.466,-.451,.103,-.091,-.974,.206,.921,-.003,.39,-.379,.225,.898);
			es = "Linear";
			ed = "In";
		};
		["Head"] = {
			tm = .0160;
			cf = cfr(0,0,.018,.997,.072,-.003,-.07,.982,.175,.015,-.174,.985);
			es = "Linear";
			ed = "In";
		};
		["Right Leg"] = {
			tm = .0160;
			cf = cfr(.207,-.204,-.001,.749,.662,-.038,-.662,.749,-.006,.025,.03,.999);
			es = "Linear";
			ed = "In";
		};
		["Left Arm"] = {
			tm = .0160;
			cf = cfr(.368,-.109,.006,.978,-.179,-.109,.183,.983,.025,.103,-.044,.994);
			es = "Linear";
			ed = "In";
		};
	};
	{
		tm = .364;
		["Torso"] = {
			tm = .0150;
			cf = cfr(-.011,-.065,-.184,.995,-.1,-.002,.093,.931,-.352,.037,.35,.936);
			es = "Linear";
			ed = "In";
		};
		["Left Leg"] = {
			tm = .0150;
			cf = cfr(-1.139,.638,-.005,.993,-.022,-.112,.015,.998,-.061,.113,.059,.992);
			es = "Linear";
			ed = "In";
		};
		["Right Arm"] = {
			tm = .0150;
			cf = cfr(.469,-.498,.099,-.339,-.923,.182,.853,-.219,.474,-.398,.316,.862);
			es = "Linear";
			ed = "In";
		};
		["Head"] = {
			tm = .0150;
			cf = cfr(0,0,.018,.997,.083,-.001,-.082,.979,.188,.016,-.188,.982);
			es = "Linear";
			ed = "In";
		};
		["Right Leg"] = {
			tm = .0150;
			cf = cfr(.218,-.268,.011,.627,.778,-.05,-.779,.627,-.008,.025,.044,.999);
			es = "Linear";
			ed = "In";
		};
		["Left Arm"] = {
			tm = .0150;
			cf = cfr(.417,.016,.019,.832,-.516,-.205,.532,.846,.028,.159,-.132,.978);
			es = "Linear";
			ed = "In";
		};
	};
	{
		tm = .379;
		["Torso"] = {
			tm = .0150;
			cf = cfr(-.011,-.066,-.192,.993,-.115,-.002,.107,.93,-.352,.042,.35,.936);
			es = "Linear";
			ed = "In";
		};
		["Left Leg"] = {
			tm = .0150;
			cf = cfr(-1.113,.712,-.016,.985,.112,-.132,-.121,.991,-.061,.124,.076,.989);
			es = "Linear";
			ed = "In";
		};
		["Right Arm"] = {
			tm = .0150;
			cf = cfr(.462,-.544,.097,-.495,-.856,.152,.773,-.353,.528,-.398,.379,.835);
			es = "Linear";
			ed = "In";
		};
		["Head"] = {
			tm = .0150;
			cf = cfr(0,0,.018,.996,.093,.002,-.091,.975,.201,.017,-.201,.979);
			es = "Linear";
			ed = "In";
		};
		["Right Leg"] = {
			tm = .0150;
			cf = cfr(.271,-.39,.025,.437,.897,-.063,-.899,.438,-.003,.025,.058,.998);
			es = "Linear";
			ed = "In";
		};
		["Left Arm"] = {
			tm = .0150;
			cf = cfr(.437,.13,.031,.652,-.703,-.284,.735,.678,.01,.186,-.215,.959);
			es = "Linear";
			ed = "In";
		};
	};
	{
		tm = .394;
		["Torso"] = {
			tm = .0149;
			cf = cfr(-.011,-.067,-.203,.992,-.127,-.002,.118,.928,-.352,.047,.349,.936);
			es = "Linear";
			ed = "In";
		};
		["Left Leg"] = {
			tm = .0149;
			cf = cfr(-.917,.702,-.012,.944,.308,-.114,-.317,.946,-.065,.088,.098,.991);
			es = "Linear";
			ed = "In";
		};
		["Right Arm"] = {
			tm = .0149;
			cf = cfr(.455,-.579,.097,-.579,-.805,.13,.714,-.423,.558,-.394,.416,.82);
			es = "Linear";
			ed = "In";
		};
		["Head"] = {
			tm = .0149;
			cf = cfr(0,0,.018,.995,.101,.004,-.1,.972,.213,.017,-.213,.977);
			es = "Linear";
			ed = "In";
		};
		["Right Leg"] = {
			tm = .0149;
			cf = cfr(.225,-.317,.023,.332,.94,-.073,-.942,.334,.02,.043,.063,.997);
			es = "Linear";
			ed = "In";
		};
		["Left Arm"] = {
			tm = .0149;
			cf = cfr(.441,.209,.039,.521,-.786,-.333,.831,.556,-.011,.194,-.271,.943);
			es = "Linear";
			ed = "In";
		};
	};
	{
		tm = .409;
		["Torso"] = {
			tm = .0150;
			cf = cfr(-.012,-.067,-.215,.991,-.136,-.003,.126,.927,-.352,.051,.349,.936);
			es = "Linear";
			ed = "In";
		};
		["Left Leg"] = {
			tm = .0150;
			cf = cfr(-.681,.585,-.013,.858,.505,-.096,-.512,.856,-.075,.044,.114,.993);
			es = "Linear";
			ed = "In";
		};
		["Right Arm"] = {
			tm = .0150;
			cf = cfr(.451,-.592,.097,-.606,-.786,.122,.692,-.446,.568,-.392,.428,.814);
			es = "Linear";
			ed = "In";
		};
		["Head"] = {
			tm = .0150;
			cf = cfr(0,0,.018,.994,.107,.007,-.106,.969,.223,.017,-.222,.975);
			es = "Linear";
			ed = "In";
		};
		["Right Leg"] = {
			tm = .0150;
			cf = cfr(.19,-.281,.021,.211,.974,-.08,-.975,.216,.054,.07,.067,.995);
			es = "Linear";
			ed = "In";
		};
		["Left Arm"] = {
			tm = .0150;
			cf = cfr(.44,.239,.042,.473,-.808,-.351,.859,.511,-.019,.195,-.292,.936);
			es = "Linear";
			ed = "In";
		};
	};
	{
		tm = .424;
		["Torso"] = {
			tm = .0160;
			cf = cfr(-.012,-.067,-.229,.99,-.142,-.003,.132,.927,-.352,.053,.348,.936);
			es = "Linear";
			ed = "In";
		};
		["Left Leg"] = {
			tm = .0160;
			cf = cfr(-.394,.317,-.017,.703,.705,-.094,-.712,.698,-.082,.008,.124,.992);
			es = "Linear";
			ed = "In";
		};
		["Right Arm"] = {
			tm = .0160;
			cf = cfr(.451,-.592,.097,-.606,-.786,.122,.692,-.446,.568,-.392,.428,.814);
			es = "Linear";
			ed = "In";
		};
		["Head"] = {
			tm = .0160;
			cf = cfr(0,0,.018,.994,.111,.008,-.11,.967,.229,.017,-.228,.973);
			es = "Linear";
			ed = "In";
		};
		["Right Leg"] = {
			tm = .0160;
			cf = cfr(.131,-.222,.018,.13,.988,-.08,-.988,.136,.074,.084,.07,.994);
			es = "Linear";
			ed = "In";
		};
		["Left Arm"] = {
			tm = .0160;
			cf = cfr(.44,.239,.042,.473,-.808,-.351,.859,.511,-.019,.195,-.292,.936);
			es = "Linear";
			ed = "In";
		};
	};
	{
		tm = .44;
		["Torso"] = {
			tm = .0150;
			cf = cfr(-.012,-.067,-.244,.99,-.144,-.003,.133,.926,-.352,.054,.348,.936);
			es = "Linear";
			ed = "In";
		};
		["Left Leg"] = {
			tm = .0150;
			cf = cfr(-.146,-.038,-.026,.513,.853,-.095,-.858,.507,-.083,-.022,.124,.992);
			es = "Linear";
			ed = "In";
		};
		["Right Arm"] = {
			tm = .0150;
			cf = cfr(.451,-.592,.097,-.606,-.786,.122,.692,-.446,.568,-.392,.428,.814);
			es = "Linear";
			ed = "In";
		};
		["Head"] = {
			tm = .0150;
			cf = cfr(0,0,.018,.994,.112,.009,-.111,.967,.231,.017,-.231,.973);
			es = "Linear";
			ed = "In";
		};
		["Right Leg"] = {
			tm = .0150;
			cf = cfr(.1,-.16,.015,.085,.993,-.079,-.992,.092,.082,.088,.071,.994);
			es = "Linear";
			ed = "In";
		};
		["Left Arm"] = {
			tm = .0150;
			cf = cfr(.44,.239,.042,.473,-.808,-.351,.859,.511,-.019,.195,-.292,.936);
			es = "Linear";
			ed = "In";
		};
	};
	{
		tm = .455;
		["Torso"] = {
			tm = .0149;
			cf = cfr(-.011,-.068,-.26,.99,-.142,-.003,.132,.926,-.353,.053,.349,.935);
			es = "Linear";
			ed = "In";
		};
		["Left Leg"] = {
			tm = .0149;
			cf = cfr(-.178,.02,-.024,.569,.818,-.092,-.823,.563,-.079,-.013,.121,.993);
			es = "Linear";
			ed = "In";
		};
		["Right Arm"] = {
			tm = .0149;
			cf = cfr(.437,-.586,.095,-.598,-.792,.123,.7,-.442,.561,-.39,.421,.819);
			es = "Linear";
			ed = "In";
		};
		["Head"] = {
			tm = .0149;
			cf = cfr(0,0,.018,.994,.111,.008,-.11,.967,.229,.017,-.228,.973);
			es = "Linear";
			ed = "In";
		};
		["Right Leg"] = {
			tm = .0149;
			cf = cfr(.112,-.108,.012,.068,.995,-.078,-.994,.074,.08,.085,.072,.994);
			es = "Linear";
			ed = "In";
		};
		["Left Arm"] = {
			tm = .0149;
			cf = cfr(.44,.229,.042,.489,-.8,-.347,.85,.527,-.017,.197,-.287,.938);
			es = "Linear";
			ed = "In";
		};
	};
	{
		tm = .47;
		["Torso"] = {
			tm = .0150;
			cf = cfr(-.011,-.07,-.276,.99,-.139,-.003,.129,.926,-.356,.052,.352,.935);
			es = "Linear";
			ed = "In";
		};
		["Left Leg"] = {
			tm = .0150;
			cf = cfr(-.249,.145,-.021,.684,.724,-.085,-.729,.68,-.072,.006,.111,.994);
			es = "Linear";
			ed = "In";
		};
		["Right Arm"] = {
			tm = .0150;
			cf = cfr(.399,-.567,.09,-.573,-.81,.126,.724,-.427,.542,-.385,.401,.831);
			es = "Linear";
			ed = "In";
		};
		["Head"] = {
			tm = .0150;
			cf = cfr(0,0,.018,.994,.107,.007,-.106,.969,.222,.017,-.221,.975);
			es = "Linear";
			ed = "In";
		};
		["Right Leg"] = {
			tm = .0150;
			cf = cfr(.144,-.066,.011,.066,.995,-.078,-.995,.072,.075,.08,.073,.994);
			es = "Linear";
			ed = "In";
		};
		["Left Arm"] = {
			tm = .0150;
			cf = cfr(.44,.201,.04,.535,-.775,-.337,.82,.572,-.011,.201,-.27,.942);
			es = "Linear";
			ed = "In";
		};
	};
	{
		tm = .485;
		["Torso"] = {
			tm = .0150;
			cf = cfr(-.011,-.072,-.289,.991,-.133,-.003,.123,.925,-.359,.05,.355,.933);
			es = "Linear";
			ed = "In";
		};
		["Left Leg"] = {
			tm = .0150;
			cf = cfr(-.323,.271,-.018,.803,.591,-.075,-.596,.801,-.063,.022,.095,.995);
			es = "Linear";
			ed = "In";
		};
		["Right Arm"] = {
			tm = .0150;
			cf = cfr(.341,-.539,.083,-.529,-.839,.129,.76,-.4,.512,-.377,.369,.849);
			es = "Linear";
			ed = "In";
		};
		["Head"] = {
			tm = .0150;
			cf = cfr(0,0,.018,.995,.101,.005,-.1,.972,.212,.017,-.211,.977);
			es = "Linear";
			ed = "In";
		};
		["Right Leg"] = {
			tm = .0150;
			cf = cfr(.194,-.027,.01,.072,.995,-.076,-.994,.077,.077,.083,.07,.994);
			es = "Linear";
			ed = "In";
		};
		["Left Arm"] = {
			tm = .0150;
			cf = cfr(.438,.155,.037,.61,-.725,-.32,.765,.644,-.001,.207,-.245,.947);
			es = "Linear";
			ed = "In";
		};
	};
	{
		tm = .5;
		["Torso"] = {
			tm = .0150;
			cf = cfr(-.01,-.074,-.299,.992,-.125,-.002,.115,.925,-.361,.047,.358,.932);
			es = "Linear";
			ed = "In";
		};
		["Left Leg"] = {
			tm = .0150;
			cf = cfr(-.364,.332,-.017,.888,.456,-.061,-.459,.887,-.054,.03,.076,.997);
			es = "Linear";
			ed = "In";
		};
		["Right Arm"] = {
			tm = .0150;
			cf = cfr(.268,-.505,.074,-.462,-.877,.132,.808,-.355,.47,-.365,.324,.873);
			es = "Linear";
			ed = "In";
		};
		["Head"] = {
			tm = .0150;
			cf = cfr(0,0,.018,.996,.093,.003,-.091,.976,.2,.016,-.199,.98);
			es = "Linear";
			ed = "In";
		};
		["Right Leg"] = {
			tm = .0150;
			cf = cfr(.26,.017,.008,.078,.995,-.07,-.992,.084,.097,.103,.062,.993);
			es = "Linear";
			ed = "In";
		};
		["Left Arm"] = {
			tm = .0150;
			cf = cfr(.43,.095,.033,.708,-.64,-.298,.673,.739,.011,.213,-.209,.954);
			es = "Linear";
			ed = "In";
		};
	};
	{
		tm = .515;
		["Torso"] = {
			tm = .0150;
			cf = cfr(-.01,-.075,-.302,.993,-.114,-.002,.106,.926,-.362,.043,.36,.932);
			es = "Linear";
			ed = "In";
		};
		["Left Leg"] = {
			tm = .0150;
			cf = cfr(-.604,.422,-.024,.979,.197,-.045,-.199,.979,-.043,.035,.051,.998);
			es = "Linear";
			ed = "In";
		};
		["Right Arm"] = {
			tm = .0150;
			cf = cfr(.185,-.466,.066,-.366,-.921,.132,.864,-.284,.416,-.346,.266,.9);
			es = "Linear";
			ed = "In";
		};
		["Head"] = {
			tm = .0150;
			cf = cfr(0,0,.018,.997,.083,.001,-.081,.979,.187,.014,-.187,.982);
			es = "Linear";
			ed = "In";
		};
		["Right Leg"] = {
			tm = .0150;
			cf = cfr(.337,.063,.006,.1,.993,-.062,-.986,.107,.129,.134,.048,.99);
			es = "Linear";
			ed = "In";
		};
		["Left Arm"] = {
			tm = .0150;
			cf = cfr(.413,.022,.028,.819,-.506,-.27,.531,.847,.024,.217,-.163,.963);
			es = "Linear";
			ed = "In";
		};
	};
	{
		tm = .53;
		["Torso"] = {
			tm = .0150;
			cf = cfr(-.01,-.075,-.296,.995,-.103,-.002,.095,.927,-.362,.039,.36,.932);
			es = "Linear";
			ed = "In";
		};
		["Left Leg"] = {
			tm = .0150;
			cf = cfr(-.656,.371,-.025,.999,.032,-.025,-.032,.999,-.03,.024,.031,.999);
			es = "Linear";
			ed = "In";
		};
		["Right Arm"] = {
			tm = .0150;
			cf = cfr(.095,-.426,.058,-.236,-.964,.124,.918,-.18,.352,-.317,.197,.928);
			es = "Linear";
			ed = "In";
		};
		["Head"] = {
			tm = .0150;
			cf = cfr(0,0,.018,.997,.071,.001,-.07,.982,.175,.012,-.175,.985);
			es = "Linear";
			ed = "In";
		};
		["Right Leg"] = {
			tm = .0150;
			cf = cfr(.421,.099,.003,.157,.986,-.054,-.976,.164,.147,.154,.029,.988);
			es = "Linear";
			ed = "In";
		};
		["Left Arm"] = {
			tm = .0150;
			cf = cfr(.384,-.059,.021,.922,-.305,-.237,.322,.946,.035,.213,-.109,.971);
			es = "Linear";
			ed = "In";
		};
	};
	{
		tm = .545;
		["Torso"] = {
			tm = .0150;
			cf = cfr(-.011,-.075,-.279,.996,-.089,-.002,.082,.929,-.36,.034,.359,.933);
			es = "Linear";
			ed = "In";
		};
		["Left Leg"] = {
			tm = .0150;
			cf = cfr(-.603,.277,-.023,.997,-.081,-.005,.081,.997,-.016,.006,.015,1);
			es = "Linear";
			ed = "In";
		};
		["Right Arm"] = {
			tm = .0150;
			cf = cfr(.001,-.39,.052,-.064,-.992,.105,.959,-.033,.28,-.275,.118,.954);
			es = "Linear";
			ed = "In";
		};
		["Head"] = {
			tm = .0150;
			cf = cfr(0,0,.018,.998,.059,.001,-.058,.985,.165,.009,-.164,.986);
			es = "Linear";
			ed = "In";
		};
		["Right Leg"] = {
			tm = .0150;
			cf = cfr(.508,.121,0,.245,.968,-.045,-.957,.249,.149,.156,.006,.988);
			es = "Linear";
			ed = "In";
		};
		["Left Arm"] = {
			tm = .0150;
			cf = cfr(.339,-.138,.014,.979,-.034,-.201,.043,.998,.043,.199,-.051,.979);
			es = "Linear";
			ed = "In";
		};
	};
	{
		tm = .56;
		["Torso"] = {
			tm = .0159;
			cf = cfr(-.011,-.076,-.257,.997,-.074,-.003,.068,.931,-.358,.029,.357,.934);
			es = "Linear";
			ed = "In";
		};
		["Left Leg"] = {
			tm = .0159;
			cf = cfr(-.366,.208,-.023,.995,-.095,.015,.095,.996,0,-.015,.002,1);
			es = "Linear";
			ed = "In";
		};
		["Right Arm"] = {
			tm = .0159;
			cf = cfr(-.096,-.358,.048,.151,-.986,.069,.965,.162,.206,-.214,.036,.976);
			es = "Linear";
			ed = "In";
		};
		["Head"] = {
			tm = .0159;
			cf = cfr(0,0,.018,.999,.045,.001,-.044,.987,.157,.006,-.157,.988);
			es = "Linear";
			ed = "In";
		};
		["Right Leg"] = {
			tm = .0159;
			cf = cfr(.595,.136,-.002,.358,.933,-.035,-.923,.359,.141,.144,-.019,.989);
			es = "Linear";
			ed = "In";
		};
		["Left Arm"] = {
			tm = .0159;
			cf = cfr(.284,-.206,.007,.944,.286,-.167,-.282,.958,.048,.173,.002,.985);
			es = "Linear";
			ed = "In";
		};
	};
	{
		tm = .576;
		["Torso"] = {
			tm = .0150;
			cf = cfr(-.011,-.076,-.233,.998,-.058,-.003,.053,.933,-.356,.023,.356,.934);
			es = "Linear";
			ed = "In";
		};
		["Left Leg"] = {
			tm = .0150;
			cf = cfr(-.357,.17,-.024,.975,-.219,.034,.219,.976,.015,-.036,-.007,.999);
			es = "Linear";
			ed = "In";
		};
		["Right Arm"] = {
			tm = .0150;
			cf = cfr(-.196,-.332,.044,.398,-.917,.015,.908,.396,.139,-.134,-.042,.99);
			es = "Linear";
			ed = "In";
		};
		["Head"] = {
			tm = .0150;
			cf = cfr(0,0,.018,1,.031,.002,-.031,.988,.154,.003,-.154,.988);
			es = "Linear";
			ed = "In";
		};
		["Right Leg"] = {
			tm = .0150;
			cf = cfr(.678,.147,-.005,.486,.874,-.022,-.865,.484,.128,.123,-.044,.991);
			es = "Linear";
			ed = "In";
		};
		["Left Arm"] = {
			tm = .0150;
			cf = cfr(.229,-.258,.003,.791,.596,-.139,-.595,.802,.052,.143,.042,.989);
			es = "Linear";
			ed = "In";
		};
	};
	{
		tm = .591;
		["Torso"] = {
			tm = 0;
			cf = cfr(-.012,-.077,-.21,.999,-.04,-.003,.037,.934,-.354,.017,.354,.935);
			es = "Linear";
			ed = "In";
		};
		["Left Leg"] = {
			tm = 0;
			cf = cfr(-.34,.138,-.024,.944,-.327,.052,.326,.945,.029,-.058,-.011,.998);
			es = "Linear";
			ed = "In";
		};
		["Right Arm"] = {
			tm = 0;
			cf = cfr(-.299,-.308,.039,.648,-.759,-.053,.76,.643,.094,-.037,-.101,.994);
			es = "Linear";
			ed = "In";
		};
		["Head"] = {
			tm = 0;
			cf = cfr(0,0,.018,1,.016,.003,-.016,.988,.155,-.001,-.155,.988);
			es = "Linear";
			ed = "In";
		};
		["Right Leg"] = {
			tm = 0;
			cf = cfr(.755,.156,-.009,.618,.787,-.005,-.781,.614,.114,.093,-.066,.994);
			es = "Linear";
			ed = "In";
		};
		["Left Arm"] = {
			tm = 0;
			cf = cfr(.185,-.296,.001,.546,.829,-.121,-.829,.555,.063,.12,.066,.991);
			es = "Linear";
			ed = "In";
		};
	};
}
