-- // converted using mech's animoduler
local cfr = CFrame.new

return {
	{
		tm = 0;
		["Torso"] = {
			tm = .033;
			cf = cfr(0,0,0,1,0,0,0,1,0,0,0,1);
			es = "Linear";
			ed = "In";
		};
		["Head"] = {
			tm = .033;
			cf = cfr(0,0,.017,1,.013,.015,-.013,1,.017,-.015,-.017,1);
			es = "Linear";
			ed = "In";
		};
		["Left Leg"] = {
			tm = .033;
			cf = cfr(.008,0,-.004,1,.017,0,-.017,1,0,0,0,1);
			es = "Linear";
			ed = "In";
		};
		["Right Arm"] = {
			tm = .033;
			cf = cfr(0,.003,0,1,0,0,0,1,0,0,0,1);
			es = "Linear";
			ed = "In";
		};
		["Right Leg"] = {
			tm = .033;
			cf = cfr(-.008,0,-.004,1,-.017,0,.017,1,0,0,0,1);
			es = "Linear";
			ed = "In";
		};
		["Left Arm"] = {
			tm = .033;
			cf = cfr(0,.003,0,1,0,0,0,1,0,0,0,1);
			es = "Linear";
			ed = "In";
		};
	};
	{
		tm = .033;
		["Torso"] = {
			tm = .034;
			cf = cfr(0,0,-.086,1,0,0,0,1,0,0,0,1);
			es = "Linear";
			ed = "In";
		};
		["Head"] = {
			tm = .034;
			cf = cfr(0,0,.017,.995,.004,.102,-.012,.997,.081,-.102,-.082,.991);
			es = "Linear";
			ed = "In";
		};
		["Left Leg"] = {
			tm = .034;
			cf = cfr(-.132,.098,.027,.987,-.06,.151,.055,.998,.035,-.153,-.026,.988);
			es = "Linear";
			ed = "In";
		};
		["Right Arm"] = {
			tm = .034;
			cf = cfr(.001,.003,-.001,.999,.032,-.029,-.032,.999,.015,.03,-.014,.999);
			es = "Linear";
			ed = "In";
		};
		["Right Leg"] = {
			tm = .034;
			cf = cfr(.368,.082,.069,.989,.142,-.043,-.141,.989,.041,.049,-.034,.998);
			es = "Linear";
			ed = "In";
		};
		["Left Arm"] = {
			tm = .034;
			cf = cfr(.011,.002,.006,1,-.026,-.018,.026,1,.009,.018,-.01,1);
			es = "Linear";
			ed = "In";
		};
	};
	{
		tm = .067;
		["Torso"] = {
			tm = .033;
			cf = cfr(0,0,-.173,1,0,0,0,1,0,0,0,1);
			es = "Linear";
			ed = "In";
		};
		["Head"] = {
			tm = .033;
			cf = cfr(0,0,.017,.98,-.021,.2,-.015,.984,.176,-.201,-.176,.964);
			es = "Linear";
			ed = "In";
		};
		["Left Leg"] = {
			tm = .033;
			cf = cfr(-.121,.194,.067,.953,-.057,.299,.042,.998,.056,-.301,-.041,.953);
			es = "Linear";
			ed = "In";
		};
		["Right Arm"] = {
			tm = .033;
			cf = cfr(.002,.003,-.001,.996,.062,-.056,-.061,.998,.03,.058,-.027,.998);
			es = "Linear";
			ed = "In";
		};
		["Right Leg"] = {
			tm = .033;
			cf = cfr(.488,.177,.146,.982,.167,-.086,-.161,.984,.081,.098,-.065,.993);
			es = "Linear";
			ed = "In";
		};
		["Left Arm"] = {
			tm = .033;
			cf = cfr(.021,.002,.011,.998,-.049,-.035,.05,.999,.017,.034,-.019,.999);
			es = "Linear";
			ed = "In";
		};
	};
	{
		tm = .1;
		["Torso"] = {
			tm = .033;
			cf = cfr(.002,.03,-.183,1,-.018,.006,.018,.999,.036,-.007,-.036,.999);
			es = "Linear";
			ed = "In";
		};
		["Head"] = {
			tm = .033;
			cf = cfr(0,0,.017,.975,-.035,.22,-.01,.98,.199,-.223,-.197,.955);
			es = "Linear";
			ed = "In";
		};
		["Left Leg"] = {
			tm = .033;
			cf = cfr(-.191,.196,.107,.948,-.115,.298,.102,.993,.061,-.303,-.027,.953);
			es = "Linear";
			ed = "In";
		};
		["Right Arm"] = {
			tm = .033;
			cf = cfr(.003,.002,-.001,.993,.091,-.081,-.087,.995,.045,.085,-.038,.996);
			es = "Linear";
			ed = "In";
		};
		["Right Leg"] = {
			tm = .033;
			cf = cfr(.461,.168,.131,.975,.2,-.1,-.192,.978,.087,.115,-.066,.991);
			es = "Linear";
			ed = "In";
		};
		["Left Arm"] = {
			tm = .033;
			cf = cfr(.031,.001,.016,.996,-.071,-.051,.072,.997,.024,.049,-.028,.998);
			es = "Linear";
			ed = "In";
		};
	};
	{
		tm = .133;
		["Torso"] = {
			tm = .034;
			cf = cfr(.003,.058,-.194,.999,-.034,.011,.034,.997,.07,-.014,-.07,.997);
			es = "Linear";
			ed = "In";
		};
		["Head"] = {
			tm = .034;
			cf = cfr(0,0,.017,.97,-.049,.239,-.005,.975,.221,-.244,-.216,.946);
			es = "Linear";
			ed = "In";
		};
		["Left Leg"] = {
			tm = .034;
			cf = cfr(-.242,.195,.14,.941,-.162,.297,.15,.987,.065,-.304,-.016,.953);
			es = "Linear";
			ed = "In";
		};
		["Right Arm"] = {
			tm = .034;
			cf = cfr(.004,.002,-.002,.988,.117,-.103,-.112,.992,.059,.109,-.047,.993);
			es = "Linear";
			ed = "In";
		};
		["Right Leg"] = {
			tm = .034;
			cf = cfr(.436,.16,.117,.967,.231,-.113,-.221,.971,.094,.131,-.066,.989);
			es = "Linear";
			ed = "In";
		};
		["Left Arm"] = {
			tm = .034;
			cf = cfr(.039,.001,.021,.994,-.091,-.066,.093,.995,.031,.063,-.037,.997);
			es = "Linear";
			ed = "In";
		};
	};
	{
		tm = .167;
		["Torso"] = {
			tm = .033;
			cf = cfr(.004,.083,-.204,.999,-.05,.016,.048,.994,.101,-.021,-.1,.995);
			es = "Linear";
			ed = "In";
		};
		["Head"] = {
			tm = .033;
			cf = cfr(0,0,.017,.965,-.064,.255,0,.97,.241,-.263,-.233,.936);
			es = "Linear";
			ed = "In";
		};
		["Left Leg"] = {
			tm = .033;
			cf = cfr(-.283,.192,.168,.933,-.202,.297,.19,.979,.069,-.304,-.008,.952);
			es = "Linear";
			ed = "In";
		};
		["Right Arm"] = {
			tm = .033;
			cf = cfr(.005,.002,-.002,.982,.142,-.124,-.134,.988,.073,.133,-.055,.99);
			es = "Linear";
			ed = "In";
		};
		["Right Leg"] = {
			tm = .033;
			cf = cfr(.414,.153,.104,.958,.259,-.124,-.247,.964,.1,.145,-.065,.987);
			es = "Linear";
			ed = "In";
		};
		["Left Arm"] = {
			tm = .033;
			cf = cfr(.047,0,.025,.991,-.109,-.08,.113,.993,.036,.076,-.045,.996);
			es = "Linear";
			ed = "In";
		};
	};
	{
		tm = .2;
		["Torso"] = {
			tm = .033;
			cf = cfr(.004,.107,-.215,.998,-.065,.019,.062,.99,.13,-.027,-.129,.991);
			es = "Linear";
			ed = "In";
		};
		["Head"] = {
			tm = .033;
			cf = cfr(0,0,.017,.96,-.078,.27,.005,.966,.26,-.281,-.248,.927);
			es = "Linear";
			ed = "In";
		};
		["Left Leg"] = {
			tm = .033;
			cf = cfr(-.316,.188,.193,.926,-.235,.297,.224,.972,.073,-.305,-.001,.952);
			es = "Linear";
			ed = "In";
		};
		["Right Arm"] = {
			tm = .033;
			cf = cfr(.006,.002,-.002,.976,.165,-.142,-.153,.984,.086,.154,-.062,.986);
			es = "Linear";
			ed = "In";
		};
		["Right Leg"] = {
			tm = .033;
			cf = cfr(.395,.147,.092,.949,.285,-.133,-.272,.956,.106,.158,-.064,.985);
			es = "Linear";
			ed = "In";
		};
		["Left Arm"] = {
			tm = .033;
			cf = cfr(.055,0,.029,.988,-.126,-.093,.13,.991,.041,.087,-.053,.995);
			es = "Linear";
			ed = "In";
		};
	};
	{
		tm = .233;
		["Torso"] = {
			tm = .034;
			cf = cfr(.004,.129,-.225,.997,-.078,.022,.074,.985,.156,-.034,-.154,.987);
			es = "Linear";
			ed = "In";
		};
		["Head"] = {
			tm = .034;
			cf = cfr(0,0,.017,.955,-.091,.283,.01,.961,.277,-.297,-.261,.918);
			es = "Linear";
			ed = "In";
		};
		["Left Leg"] = {
			tm = .034;
			cf = cfr(-.343,.185,.214,.918,-.264,.296,.253,.964,.076,-.306,.005,.952);
			es = "Linear";
			ed = "In";
		};
		["Right Arm"] = {
			tm = .034;
			cf = cfr(.007,.002,-.002,.97,.185,-.158,-.171,.98,.098,.174,-.068,.982);
			es = "Linear";
			ed = "In";
		};
		["Right Leg"] = {
			tm = .034;
			cf = cfr(.379,.143,.082,.94,.309,-.142,-.295,.949,.112,.169,-.063,.984);
			es = "Linear";
			ed = "In";
		};
		["Left Arm"] = {
			tm = .034;
			cf = cfr(.062,-.001,.033,.984,-.141,-.105,.147,.988,.045,.097,-.06,.993);
			es = "Linear";
			ed = "In";
		};
	};
	{
		tm = .267;
		["Torso"] = {
			tm = .0329;
			cf = cfr(.004,.148,-.235,.996,-.09,.024,.084,.98,.18,-.04,-.177,.983);
			es = "Linear";
			ed = "In";
		};
		["Head"] = {
			tm = .0329;
			cf = cfr(0,0,.017,.95,-.104,.294,.014,.956,.292,-.312,-.273,.91);
			es = "Linear";
			ed = "In";
		};
		["Left Leg"] = {
			tm = .0329;
			cf = cfr(-.366,.181,.234,.91,-.289,.297,.279,.957,.08,-.307,.01,.952);
			es = "Linear";
			ed = "In";
		};
		["Right Arm"] = {
			tm = .0329;
			cf = cfr(.008,.001,-.002,.963,.205,-.173,-.188,.976,.11,.192,-.073,.979);
			es = "Linear";
			ed = "In";
		};
		["Right Leg"] = {
			tm = .0329;
			cf = cfr(.364,.139,.072,.932,.331,-.15,-.316,.942,.117,.179,-.062,.982);
			es = "Linear";
			ed = "In";
		};
		["Left Arm"] = {
			tm = .0329;
			cf = cfr(.068,-.001,.036,.981,-.155,-.116,.162,.986,.049,.107,-.067,.992);
			es = "Linear";
			ed = "In";
		};
	};
	{
		tm = .3;
		["Torso"] = {
			tm = .0330;
			cf = cfr(.004,.166,-.244,.995,-.101,.026,.094,.975,.202,-.046,-.198,.979);
			es = "Linear";
			ed = "In";
		};
		["Head"] = {
			tm = .0330;
			cf = cfr(0,0,.017,.945,-.116,.305,.018,.952,.306,-.325,-.284,.902);
			es = "Linear";
			ed = "In";
		};
		["Left Leg"] = {
			tm = .0330;
			cf = cfr(-.385,.177,.251,.903,-.312,.297,.301,.95,.083,-.308,.015,.951);
			es = "Linear";
			ed = "In";
		};
		["Right Arm"] = {
			tm = .0330;
			cf = cfr(.008,.001,-.003,.957,.222,-.186,-.202,.972,.12,.208,-.077,.975);
			es = "Linear";
			ed = "In";
		};
		["Right Leg"] = {
			tm = .0330;
			cf = cfr(.352,.135,.063,.923,.351,-.156,-.335,.935,.121,.189,-.06,.98);
			es = "Linear";
			ed = "In";
		};
		["Left Arm"] = {
			tm = .0330;
			cf = cfr(.074,-.002,.039,.978,-.168,-.126,.175,.983,.052,.115,-.073,.991);
			es = "Linear";
			ed = "In";
		};
	};
	{
		tm = .333;
		["Torso"] = {
			tm = .0339;
			cf = cfr(.003,.182,-.253,.993,-.111,.027,.103,.97,.222,-.051,-.217,.975);
			es = "Linear";
			ed = "In";
		};
		["Head"] = {
			tm = .0339;
			cf = cfr(0,0,.017,.941,-.127,.313,.022,.948,.319,-.337,-.293,.894);
			es = "Linear";
			ed = "In";
		};
		["Left Leg"] = {
			tm = .0339;
			cf = cfr(-.402,.173,.266,.896,-.331,.297,.32,.944,.086,-.308,.018,.951);
			es = "Linear";
			ed = "In";
		};
		["Right Arm"] = {
			tm = .0339;
			cf = cfr(.009,.001,-.003,.951,.238,-.198,-.215,.968,.13,.223,-.081,.972);
			es = "Linear";
			ed = "In";
		};
		["Right Leg"] = {
			tm = .0339;
			cf = cfr(.341,.132,.055,.915,.369,-.162,-.352,.928,.126,.197,-.058,.979);
			es = "Linear";
			ed = "In";
		};
		["Left Arm"] = {
			tm = .0339;
			cf = cfr(.079,-.002,.042,.975,-.179,-.135,.188,.981,.055,.122,-.079,.989);
			es = "Linear";
			ed = "In";
		};
	};
	{
		tm = .367;
		["Torso"] = {
			tm = .0330;
			cf = cfr(.003,.197,-.261,.992,-.12,.028,.11,.965,.239,-.056,-.234,.971);
			es = "Linear";
			ed = "In";
		};
		["Head"] = {
			tm = .0330;
			cf = cfr(0,0,.017,.937,-.137,.321,.025,.944,.33,-.348,-.301,.888);
			es = "Linear";
			ed = "In";
		};
		["Left Leg"] = {
			tm = .0330;
			cf = cfr(-.416,.17,.279,.889,-.347,.297,.337,.937,.088,-.309,.022,.951);
			es = "Linear";
			ed = "In";
		};
		["Right Arm"] = {
			tm = .0330;
			cf = cfr(.01,.001,-.003,.945,.252,-.209,-.226,.964,.139,.236,-.084,.968);
			es = "Linear";
			ed = "In";
		};
		["Right Leg"] = {
			tm = .0330;
			cf = cfr(.331,.13,.048,.908,.385,-.167,-.367,.921,.13,.204,-.056,.977);
			es = "Linear";
			ed = "In";
		};
		["Left Arm"] = {
			tm = .0330;
			cf = cfr(.083,-.002,.045,.972,-.189,-.143,.199,.978,.057,.129,-.084,.988);
			es = "Linear";
			ed = "In";
		};
	};
	{
		tm = .4;
		["Torso"] = {
			tm = .0329;
			cf = cfr(.002,.209,-.269,.991,-.129,.029,.117,.96,.255,-.061,-.249,.967);
			es = "Linear";
			ed = "In";
		};
		["Head"] = {
			tm = .0329;
			cf = cfr(0,0,.017,.933,-.147,.328,.028,.94,.34,-.358,-.308,.881);
			es = "Linear";
			ed = "In";
		};
		["Left Leg"] = {
			tm = .0329;
			cf = cfr(-.428,.167,.291,.883,-.362,.298,.351,.932,.091,-.31,.025,.95);
			es = "Linear";
			ed = "In";
		};
		["Right Arm"] = {
			tm = .0329;
			cf = cfr(.01,.001,-.003,.94,.264,-.218,-.236,.961,.147,.248,-.086,.965);
			es = "Linear";
			ed = "In";
		};
		["Right Leg"] = {
			tm = .0329;
			cf = cfr(.324,.127,.042,.9,.4,-.172,-.381,.915,.133,.21,-.054,.976);
			es = "Linear";
			ed = "In";
		};
		["Left Arm"] = {
			tm = .0329;
			cf = cfr(.087,-.003,.047,.969,-.198,-.15,.208,.976,.059,.135,-.089,.987);
			es = "Linear";
			ed = "In";
		};
	};
	{
		tm = .433;
		["Torso"] = {
			tm = .0340;
			cf = cfr(.001,.221,-.276,.99,-.136,.03,.123,.955,.269,-.065,-.262,.963);
			es = "Linear";
			ed = "In";
		};
		["Head"] = {
			tm = .0340;
			cf = cfr(0,0,.017,.93,-.155,.333,.031,.937,.349,-.366,-.314,.876);
			es = "Linear";
			ed = "In";
		};
		["Left Leg"] = {
			tm = .0340;
			cf = cfr(-.438,.164,.301,.878,-.375,.298,.364,.927,.093,-.311,.027,.95);
			es = "Linear";
			ed = "In";
		};
		["Right Arm"] = {
			tm = .0340;
			cf = cfr(.01,0,-.003,.934,.275,-.226,-.245,.957,.154,.258,-.089,.962);
			es = "Linear";
			ed = "In";
		};
		["Right Leg"] = {
			tm = .0340;
			cf = cfr(.317,.125,.036,.894,.413,-.175,-.393,.909,.136,.216,-.053,.975);
			es = "Linear";
			ed = "In";
		};
		["Left Arm"] = {
			tm = .0340;
			cf = cfr(.091,-.003,.049,.966,-.206,-.157,.217,.974,.061,.14,-.093,.986);
			es = "Linear";
			ed = "In";
		};
	};
	{
		tm = .467;
		["Torso"] = {
			tm = .0329;
			cf = cfr(0,.231,-.282,.989,-.142,.03,.128,.951,.281,-.069,-.274,.959);
			es = "Linear";
			ed = "In";
		};
		["Head"] = {
			tm = .0329;
			cf = cfr(0,0,.017,.927,-.162,.338,.033,.934,.357,-.374,-.319,.871);
			es = "Linear";
			ed = "In";
		};
		["Left Leg"] = {
			tm = .0329;
			cf = cfr(-.446,.161,.311,.873,-.386,.298,.375,.922,.095,-.311,.029,.95);
			es = "Linear";
			ed = "In";
		};
		["Right Arm"] = {
			tm = .0329;
			cf = cfr(.011,0,-.003,.93,.285,-.233,-.253,.954,.16,.268,-.09,.959);
			es = "Linear";
			ed = "In";
		};
		["Right Leg"] = {
			tm = .0329;
			cf = cfr(.311,.124,.031,.888,.424,-.179,-.404,.904,.139,.22,-.051,.974);
			es = "Linear";
			ed = "In";
		};
		["Left Arm"] = {
			tm = .0329;
			cf = cfr(.094,-.003,.051,.964,-.212,-.162,.225,.972,.063,.145,-.097,.985);
			es = "Linear";
			ed = "In";
		};
	};
	{
		tm = .5;
		["Torso"] = {
			tm = .0330;
			cf = cfr(0,.24,-.287,.989,-.148,.031,.133,.947,.291,-.072,-.284,.956);
			es = "Linear";
			ed = "In";
		};
		["Head"] = {
			tm = .0330;
			cf = cfr(0,0,.017,.924,-.169,.342,.035,.931,.364,-.38,-.324,.866);
			es = "Linear";
			ed = "In";
		};
		["Left Leg"] = {
			tm = .0330;
			cf = cfr(-.454,.159,.319,.869,-.395,.298,.384,.918,.096,-.312,.031,.95);
			es = "Linear";
			ed = "In";
		};
		["Right Arm"] = {
			tm = .0330;
			cf = cfr(.011,0,-.003,.926,.294,-.239,-.259,.951,.166,.276,-.092,.957);
			es = "Linear";
			ed = "In";
		};
		["Right Leg"] = {
			tm = .0330;
			cf = cfr(.306,.122,.027,.882,.434,-.181,-.414,.899,.141,.225,-.05,.973);
			es = "Linear";
			ed = "In";
		};
		["Left Arm"] = {
			tm = .0330;
			cf = cfr(.097,-.003,.052,.961,-.218,-.167,.232,.971,.064,.148,-.1,.984);
			es = "Linear";
			ed = "In";
		};
	};
	{
		tm = .533;
		["Torso"] = {
			tm = .0339;
			cf = cfr(-.001,.247,-.292,.988,-.153,.031,.136,.944,.3,-.075,-.293,.953);
			es = "Linear";
			ed = "In";
		};
		["Head"] = {
			tm = .0339;
			cf = cfr(0,0,.017,.922,-.175,.346,.037,.929,.369,-.386,-.328,.862);
			es = "Linear";
			ed = "In";
		};
		["Left Leg"] = {
			tm = .0339;
			cf = cfr(-.46,.157,.325,.865,-.403,.299,.392,.915,.098,-.313,.033,.949);
			es = "Linear";
			ed = "In";
		};
		["Right Arm"] = {
			tm = .0339;
			cf = cfr(.011,0,-.003,.922,.301,-.244,-.265,.949,.171,.283,-.093,.955);
			es = "Linear";
			ed = "In";
		};
		["Right Leg"] = {
			tm = .0339;
			cf = cfr(.302,.121,.024,.877,.443,-.184,-.422,.895,.144,.228,-.048,.972);
			es = "Linear";
			ed = "In";
		};
		["Left Arm"] = {
			tm = .0339;
			cf = cfr(.1,-.003,.053,.959,-.224,-.172,.238,.969,.065,.152,-.103,.983);
			es = "Linear";
			ed = "In";
		};
	};
	{
		tm = .567;
		["Torso"] = {
			tm = .0330;
			cf = cfr(-.001,.254,-.296,.987,-.157,.031,.14,.941,.308,-.078,-.3,.951);
			es = "Linear";
			ed = "In";
		};
		["Head"] = {
			tm = .0330;
			cf = cfr(0,0,.017,.92,-.179,.349,.039,.927,.374,-.39,-.331,.859);
			es = "Linear";
			ed = "In";
		};
		["Left Leg"] = {
			tm = .0330;
			cf = cfr(-.465,.156,.331,.862,-.41,.299,.399,.912,.099,-.313,.034,.949);
			es = "Linear";
			ed = "In";
		};
		["Right Arm"] = {
			tm = .0330;
			cf = cfr(.012,0,-.003,.919,.308,-.248,-.27,.947,.175,.289,-.094,.953);
			es = "Linear";
			ed = "In";
		};
		["Right Leg"] = {
			tm = .0330;
			cf = cfr(.299,.12,.02,.873,.45,-.186,-.429,.892,.145,.231,-.047,.972);
			es = "Linear";
			ed = "In";
		};
		["Left Arm"] = {
			tm = .0330;
			cf = cfr(.102,-.004,.054,.958,-.228,-.175,.243,.968,.066,.155,-.106,.982);
			es = "Linear";
			ed = "In";
		};
	};
	{
		tm = .6;
		["Torso"] = {
			tm = .0330;
			cf = cfr(-.002,.259,-.3,.987,-.16,.031,.143,.938,.315,-.08,-.306,.949);
			es = "Linear";
			ed = "In";
		};
		["Head"] = {
			tm = .0330;
			cf = cfr(0,0,.017,.918,-.184,.351,.04,.925,.378,-.394,-.333,.856);
			es = "Linear";
			ed = "In";
		};
		["Left Leg"] = {
			tm = .0330;
			cf = cfr(-.469,.154,.336,.859,-.415,.299,.404,.909,.1,-.314,.035,.949);
			es = "Linear";
			ed = "In";
		};
		["Right Arm"] = {
			tm = .0330;
			cf = cfr(.012,0,-.003,.916,.313,-.252,-.274,.945,.179,.294,-.095,.951);
			es = "Linear";
			ed = "In";
		};
		["Right Leg"] = {
			tm = .0330;
			cf = cfr(.296,.119,.018,.87,.457,-.188,-.435,.888,.147,.234,-.046,.971);
			es = "Linear";
			ed = "In";
		};
		["Left Arm"] = {
			tm = .0330;
			cf = cfr(.104,-.004,.055,.956,-.232,-.178,.247,.967,.067,.157,-.108,.982);
			es = "Linear";
			ed = "In";
		};
	};
	{
		tm = .633;
		["Torso"] = {
			tm = .0340;
			cf = cfr(-.002,.263,-.303,.986,-.163,.031,.145,.936,.32,-.082,-.311,.947);
			es = "Linear";
			ed = "In";
		};
		["Head"] = {
			tm = .0340;
			cf = cfr(0,0,.017,.917,-.187,.353,.041,.923,.382,-.398,-.335,.854);
			es = "Linear";
			ed = "In";
		};
		["Left Leg"] = {
			tm = .0340;
			cf = cfr(-.473,.153,.34,.857,-.42,.299,.409,.907,.101,-.314,.036,.949);
			es = "Linear";
			ed = "In";
		};
		["Right Arm"] = {
			tm = .0340;
			cf = cfr(.012,0,-.003,.913,.317,-.255,-.277,.944,.182,.298,-.095,.95);
			es = "Linear";
			ed = "In";
		};
		["Right Leg"] = {
			tm = .0340;
			cf = cfr(.294,.118,.016,.867,.462,-.189,-.44,.886,.148,.236,-.045,.971);
			es = "Linear";
			ed = "In";
		};
		["Left Arm"] = {
			tm = .0340;
			cf = cfr(.105,-.004,.056,.955,-.235,-.181,.25,.966,.067,.159,-.109,.981);
			es = "Linear";
			ed = "In";
		};
	};
	{
		tm = .667;
		["Torso"] = {
			tm = .0329;
			cf = cfr(-.003,.267,-.306,.986,-.166,.031,.147,.934,.325,-.083,-.316,.945);
			es = "Linear";
			ed = "In";
		};
		["Head"] = {
			tm = .0329;
			cf = cfr(0,0,.017,.915,-.19,.355,.042,.922,.385,-.4,-.337,.852);
			es = "Linear";
			ed = "In";
		};
		["Left Leg"] = {
			tm = .0329;
			cf = cfr(-.475,.152,.344,.855,-.424,.3,.413,.905,.102,-.314,.037,.949);
			es = "Linear";
			ed = "In";
		};
		["Right Arm"] = {
			tm = .0329;
			cf = cfr(.012,0,-.003,.911,.321,-.257,-.28,.942,.184,.302,-.096,.949);
			es = "Linear";
			ed = "In";
		};
		["Right Leg"] = {
			tm = .0329;
			cf = cfr(.292,.117,.014,.864,.466,-.19,-.444,.884,.149,.237,-.045,.97);
			es = "Linear";
			ed = "In";
		};
		["Left Arm"] = {
			tm = .0329;
			cf = cfr(.106,-.004,.057,.954,-.237,-.183,.253,.965,.068,.161,-.111,.981);
			es = "Linear";
			ed = "In";
		};
	};
	{
		tm = .7;
		["Torso"] = {
			tm = .0330;
			cf = cfr(-.003,.27,-.308,.985,-.168,.031,.148,.933,.328,-.084,-.319,.944);
			es = "Linear";
			ed = "In";
		};
		["Head"] = {
			tm = .0330;
			cf = cfr(0,0,.017,.914,-.192,.356,.043,.921,.387,-.403,-.339,.85);
			es = "Linear";
			ed = "In";
		};
		["Left Leg"] = {
			tm = .0330;
			cf = cfr(-.478,.151,.346,.853,-.427,.3,.416,.904,.102,-.315,.037,.949);
			es = "Linear";
			ed = "In";
		};
		["Right Arm"] = {
			tm = .0330;
			cf = cfr(.012,0,-.003,.91,.324,-.259,-.282,.941,.186,.304,-.096,.948);
			es = "Linear";
			ed = "In";
		};
		["Right Leg"] = {
			tm = .0330;
			cf = cfr(.29,.117,.013,.862,.47,-.191,-.447,.882,.15,.239,-.044,.97);
			es = "Linear";
			ed = "In";
		};
		["Left Arm"] = {
			tm = .0330;
			cf = cfr(.107,-.004,.057,.953,-.239,-.185,.255,.964,.068,.162,-.112,.98);
			es = "Linear";
			ed = "In";
		};
	};
	{
		tm = .733;
		["Torso"] = {
			tm = .0340;
			cf = cfr(-.003,.272,-.309,.985,-.169,.031,.149,.932,.331,-.085,-.322,.943);
			es = "Linear";
			ed = "In";
		};
		["Head"] = {
			tm = .0340;
			cf = cfr(0,0,.017,.914,-.194,.357,.043,.92,.389,-.404,-.34,.849);
			es = "Linear";
			ed = "In";
		};
		["Left Leg"] = {
			tm = .0340;
			cf = cfr(-.479,.151,.348,.852,-.429,.3,.418,.903,.103,-.315,.038,.948);
			es = "Linear";
			ed = "In";
		};
		["Right Arm"] = {
			tm = .0340;
			cf = cfr(.012,0,-.003,.909,.326,-.261,-.284,.94,.188,.307,-.096,.947);
			es = "Linear";
			ed = "In";
		};
		["Right Leg"] = {
			tm = .0340;
			cf = cfr(.289,.116,.011,.86,.472,-.192,-.45,.88,.151,.24,-.044,.97);
			es = "Linear";
			ed = "In";
		};
		["Left Arm"] = {
			tm = .0340;
			cf = cfr(.108,-.004,.058,.952,-.241,-.186,.257,.964,.068,.163,-.113,.98);
			es = "Linear";
			ed = "In";
		};
	};
	{
		tm = .767;
		["Torso"] = {
			tm = .0330;
			cf = cfr(-.003,.274,-.31,.985,-.17,.031,.15,.931,.333,-.086,-.323,.942);
			es = "Linear";
			ed = "In";
		};
		["Head"] = {
			tm = .0330;
			cf = cfr(0,0,.017,.913,-.195,.358,.044,.92,.39,-.405,-.34,.848);
			es = "Linear";
			ed = "In";
		};
		["Left Leg"] = {
			tm = .0330;
			cf = cfr(-.481,.15,.35,.851,-.431,.3,.42,.902,.103,-.315,.038,.948);
			es = "Linear";
			ed = "In";
		};
		["Right Arm"] = {
			tm = .0330;
			cf = cfr(.012,0,-.003,.908,.328,-.262,-.285,.94,.189,.308,-.097,.946);
			es = "Linear";
			ed = "In";
		};
		["Right Leg"] = {
			tm = .0330;
			cf = cfr(.288,.116,.011,.859,.474,-.192,-.451,.879,.151,.241,-.043,.97);
			es = "Linear";
			ed = "In";
		};
		["Left Arm"] = {
			tm = .0330;
			cf = cfr(.109,-.004,.058,.952,-.242,-.187,.259,.964,.069,.164,-.114,.98);
			es = "Linear";
			ed = "In";
		};
	};
	{
		tm = .8;
		["Torso"] = {
			tm = .0329;
			cf = cfr(-.004,.275,-.311,.985,-.171,.031,.151,.93,.335,-.086,-.325,.942);
			es = "Linear";
			ed = "In";
		};
		["Head"] = {
			tm = .0329;
			cf = cfr(0,0,.017,.913,-.196,.359,.044,.919,.391,-.406,-.341,.848);
			es = "Linear";
			ed = "In";
		};
		["Left Leg"] = {
			tm = .0329;
			cf = cfr(-.482,.15,.351,.851,-.432,.3,.421,.901,.103,-.315,.038,.948);
			es = "Linear";
			ed = "In";
		};
		["Right Arm"] = {
			tm = .0329;
			cf = cfr(.012,0,-.003,.907,.329,-.263,-.286,.939,.19,.309,-.097,.946);
			es = "Linear";
			ed = "In";
		};
		["Right Leg"] = {
			tm = .0329;
			cf = cfr(.288,.116,.01,.858,.476,-.192,-.453,.879,.152,.241,-.043,.97);
			es = "Linear";
			ed = "In";
		};
		["Left Arm"] = {
			tm = .0329;
			cf = cfr(.109,-.004,.058,.952,-.243,-.188,.26,.963,.069,.164,-.114,.98);
			es = "Linear";
			ed = "In";
		};
	};
	{
		tm = .833;
		["Torso"] = {
			tm = .0170;
			cf = cfr(-.004,.276,-.312,.985,-.171,.031,.151,.93,.336,-.087,-.326,.941);
			es = "Linear";
			ed = "In";
		};
		["Head"] = {
			tm = .0170;
			cf = cfr(0,0,.017,.912,-.197,.359,.044,.919,.392,-.407,-.341,.847);
			es = "Linear";
			ed = "In";
		};
		["Left Leg"] = {
			tm = .0170;
			cf = cfr(-.482,.15,.352,.85,-.433,.3,.422,.901,.104,-.315,.038,.948);
			es = "Linear";
			ed = "In";
		};
		["Right Arm"] = {
			tm = .0170;
			cf = cfr(.012,0,-.003,.907,.33,-.263,-.286,.939,.19,.31,-.097,.946);
			es = "Linear";
			ed = "In";
		};
		["Right Leg"] = {
			tm = .0170;
			cf = cfr(.287,.116,.01,.858,.477,-.193,-.454,.878,.152,.242,-.043,.969);
			es = "Linear";
			ed = "In";
		};
		["Left Arm"] = {
			tm = .0170;
			cf = cfr(.109,-.004,.058,.951,-.244,-.189,.26,.963,.069,.165,-.115,.98);
			es = "Linear";
			ed = "In";
		};
	};
	{
		tm = .85;
		["Torso"] = {
			tm = .0330;
			cf = cfr(-.004,.277,-.312,.985,-.172,.031,.151,.929,.336,-.087,-.326,.941);
			es = "Linear";
			ed = "In";
		};
		["Head"] = {
			tm = .0330;
			cf = cfr(0,0,.017,.912,-.197,.359,.045,.919,.392,-.407,-.342,.847);
			es = "Linear";
			ed = "In";
		};
		["Left Leg"] = {
			tm = .0330;
			cf = cfr(-.483,.15,.352,.85,-.433,.3,.422,.9,.104,-.315,.039,.948);
			es = "Linear";
			ed = "In";
		};
		["Right Arm"] = {
			tm = .0330;
			cf = cfr(.012,0,-.003,.906,.33,-.264,-.287,.939,.191,.311,-.097,.946);
			es = "Linear";
			ed = "In";
		};
		["Right Leg"] = {
			tm = .0330;
			cf = cfr(.287,.115,.009,.857,.477,-.193,-.454,.878,.152,.242,-.043,.969);
			es = "Linear";
			ed = "In";
		};
		["Left Arm"] = {
			tm = .0330;
			cf = cfr(.109,-.004,.059,.951,-.244,-.189,.261,.963,.069,.165,-.115,.98);
			es = "Linear";
			ed = "In";
		};
	};
	{
		tm = .883;
		["Torso"] = {
			tm = .0340;
			cf = cfr(-.004,.277,-.312,.985,-.172,.031,.152,.929,.337,-.087,-.327,.941);
			es = "Linear";
			ed = "In";
		};
		["Head"] = {
			tm = .0340;
			cf = cfr(0,0,.017,.912,-.198,.359,.045,.919,.392,-.408,-.342,.847);
			es = "Linear";
			ed = "In";
		};
		["Left Leg"] = {
			tm = .0340;
			cf = cfr(-.483,.15,.352,.85,-.434,.3,.423,.9,.104,-.315,.039,.948);
			es = "Linear";
			ed = "In";
		};
		["Right Arm"] = {
			tm = .0340;
			cf = cfr(.012,0,-.003,.906,.331,-.264,-.287,.939,.191,.311,-.097,.946);
			es = "Linear";
			ed = "In";
		};
		["Right Leg"] = {
			tm = .0340;
			cf = cfr(.287,.115,.009,.857,.477,-.193,-.455,.878,.152,.242,-.043,.969);
			es = "Linear";
			ed = "In";
		};
		["Left Arm"] = {
			tm = .0340;
			cf = cfr(.11,-.004,.059,.951,-.244,-.189,.261,.963,.069,.165,-.115,.98);
			es = "Linear";
			ed = "In";
		};
	};
	{
		tm = .917;
		["Torso"] = {
			tm = .0329;
			cf = cfr(-.004,.277,-.313,.985,-.172,.031,.152,.929,.337,-.087,-.327,.941);
			es = "Linear";
			ed = "In";
		};
		["Head"] = {
			tm = .0329;
			cf = cfr(0,0,.017,.912,-.198,.359,.045,.919,.392,-.408,-.342,.847);
			es = "Linear";
			ed = "In";
		};
		["Left Leg"] = {
			tm = .0329;
			cf = cfr(-.483,.15,.352,.85,-.434,.3,.423,.9,.104,-.315,.039,.948);
			es = "Linear";
			ed = "In";
		};
		["Right Arm"] = {
			tm = .0329;
			cf = cfr(.012,0,-.003,.906,.331,-.264,-.287,.939,.191,.311,-.097,.945);
			es = "Linear";
			ed = "In";
		};
		["Right Leg"] = {
			tm = .0329;
			cf = cfr(.287,.115,.009,.857,.478,-.193,-.455,.878,.152,.242,-.043,.969);
			es = "Linear";
			ed = "In";
		};
		["Left Arm"] = {
			tm = .0329;
			cf = cfr(.11,-.004,.059,.951,-.244,-.189,.261,.963,.069,.165,-.115,.98);
			es = "Linear";
			ed = "In";
		};
	};
	{
		tm = .95;
		["Torso"] = {
			tm = .0330;
			cf = cfr(-.004,.277,-.313,.985,-.172,.031,.152,.929,.337,-.087,-.327,.941);
			es = "Linear";
			ed = "In";
		};
		["Head"] = {
			tm = .0330;
			cf = cfr(0,0,.017,.912,-.198,.359,.045,.919,.392,-.408,-.342,.847);
			es = "Linear";
			ed = "In";
		};
		["Left Leg"] = {
			tm = .0330;
			cf = cfr(-.483,.15,.352,.85,-.434,.3,.423,.9,.104,-.315,.039,.948);
			es = "Linear";
			ed = "In";
		};
		["Right Arm"] = {
			tm = .0330;
			cf = cfr(.012,0,-.003,.906,.331,-.264,-.287,.939,.191,.311,-.097,.945);
			es = "Linear";
			ed = "In";
		};
		["Right Leg"] = {
			tm = .0330;
			cf = cfr(.287,.115,.009,.857,.478,-.193,-.455,.878,.152,.242,-.043,.969);
			es = "Linear";
			ed = "In";
		};
		["Left Arm"] = {
			tm = .0330;
			cf = cfr(.11,-.004,.059,.951,-.244,-.189,.261,.963,.069,.165,-.115,.98);
			es = "Linear";
			ed = "In";
		};
	};
	{
		tm = .983;
		["Torso"] = {
			tm = .0339;
			cf = cfr(-.004,.277,-.312,.985,-.172,.031,.152,.929,.337,-.087,-.327,.941);
			es = "Linear";
			ed = "In";
		};
		["Head"] = {
			tm = .0339;
			cf = cfr(0,0,.017,.912,-.198,.359,.045,.919,.392,-.408,-.342,.847);
			es = "Linear";
			ed = "In";
		};
		["Left Leg"] = {
			tm = .0339;
			cf = cfr(-.483,.15,.352,.85,-.434,.3,.423,.9,.104,-.315,.039,.948);
			es = "Linear";
			ed = "In";
		};
		["Right Arm"] = {
			tm = .0339;
			cf = cfr(.012,0,-.003,.906,.331,-.264,-.287,.939,.191,.311,-.097,.946);
			es = "Linear";
			ed = "In";
		};
		["Right Leg"] = {
			tm = .0339;
			cf = cfr(.287,.115,.009,.857,.477,-.193,-.455,.878,.152,.242,-.043,.969);
			es = "Linear";
			ed = "In";
		};
		["Left Arm"] = {
			tm = .0339;
			cf = cfr(.11,-.004,.059,.951,-.244,-.189,.261,.963,.069,.165,-.115,.98);
			es = "Linear";
			ed = "In";
		};
	};
	{
		tm = 1.017;
		["Torso"] = {
			tm = .0330;
			cf = cfr(-.004,.276,-.312,.985,-.172,.031,.151,.93,.336,-.087,-.326,.941);
			es = "Linear";
			ed = "In";
		};
		["Head"] = {
			tm = .0330;
			cf = cfr(0,0,.017,.912,-.197,.359,.045,.919,.391,-.407,-.341,.847);
			es = "Linear";
			ed = "In";
		};
		["Left Leg"] = {
			tm = .0330;
			cf = cfr(-.483,.15,.352,.85,-.433,.3,.422,.901,.104,-.315,.038,.948);
			es = "Linear";
			ed = "In";
		};
		["Right Arm"] = {
			tm = .0330;
			cf = cfr(.012,0,-.003,.906,.33,-.263,-.286,.939,.19,.31,-.097,.946);
			es = "Linear";
			ed = "In";
		};
		["Right Leg"] = {
			tm = .0330;
			cf = cfr(.287,.115,.009,.858,.477,-.193,-.454,.878,.152,.242,-.043,.969);
			es = "Linear";
			ed = "In";
		};
		["Left Arm"] = {
			tm = .0330;
			cf = cfr(.109,-.004,.058,.951,-.244,-.189,.26,.963,.069,.165,-.115,.98);
			es = "Linear";
			ed = "In";
		};
	};
	{
		tm = 1.05;
		["Torso"] = {
			tm = .0329;
			cf = cfr(-.004,.273,-.31,.985,-.171,.032,.151,.93,.334,-.087,-.324,.942);
			es = "Linear";
			ed = "In";
		};
		["Head"] = {
			tm = .0329;
			cf = cfr(0,0,.017,.913,-.195,.358,.045,.92,.389,-.405,-.339,.849);
			es = "Linear";
			ed = "In";
		};
		["Left Leg"] = {
			tm = .0329;
			cf = cfr(-.483,.149,.351,.851,-.432,.298,.421,.901,.103,-.313,.038,.949);
			es = "Linear";
			ed = "In";
		};
		["Right Arm"] = {
			tm = .0329;
			cf = cfr(.012,0,-.003,.908,.328,-.262,-.285,.94,.189,.309,-.097,.946);
			es = "Linear";
			ed = "In";
		};
		["Right Leg"] = {
			tm = .0329;
			cf = cfr(.286,.116,.009,.859,.475,-.193,-.452,.879,.152,.242,-.043,.969);
			es = "Linear";
			ed = "In";
		};
		["Left Arm"] = {
			tm = .0329;
			cf = cfr(.109,-.004,.058,.952,-.243,-.188,.259,.963,.069,.164,-.114,.98);
			es = "Linear";
			ed = "In";
		};
	};
	{
		tm = 1.083;
		["Torso"] = {
			tm = .0340;
			cf = cfr(-.004,.268,-.307,.985,-.17,.032,.15,.932,.33,-.086,-.32,.943);
			es = "Linear";
			ed = "In";
		};
		["Head"] = {
			tm = .0340;
			cf = cfr(0,0,.017,.915,-.192,.356,.044,.923,.383,-.402,-.335,.852);
			es = "Linear";
			ed = "In";
		};
		["Left Leg"] = {
			tm = .0340;
			cf = cfr(-.484,.149,.349,.854,-.429,.296,.418,.903,.102,-.311,.037,.95);
			es = "Linear";
			ed = "In";
		};
		["Right Arm"] = {
			tm = .0340;
			cf = cfr(.012,0,-.003,.91,.324,-.26,-.282,.941,.188,.306,-.097,.947);
			es = "Linear";
			ed = "In";
		};
		["Right Leg"] = {
			tm = .0340;
			cf = cfr(.285,.116,.008,.861,.471,-.193,-.449,.881,.151,.241,-.043,.97);
			es = "Linear";
			ed = "In";
		};
		["Left Arm"] = {
			tm = .0340;
			cf = cfr(.108,-.004,.058,.953,-.241,-.186,.257,.964,.069,.163,-.114,.98);
			es = "Linear";
			ed = "In";
		};
	};
	{
		tm = 1.117;
		["Torso"] = {
			tm = .0329;
			cf = cfr(-.005,.26,-.302,.985,-.168,.032,.149,.934,.323,-.084,-.314,.946);
			es = "Linear";
			ed = "In";
		};
		["Head"] = {
			tm = .0329;
			cf = cfr(0,0,.017,.917,-.186,.353,.044,.926,.375,-.396,-.328,.857);
			es = "Linear";
			ed = "In";
		};
		["Left Leg"] = {
			tm = .0329;
			cf = cfr(-.484,.149,.345,.857,-.424,.291,.414,.905,.1,-.306,.035,.951);
			es = "Linear";
			ed = "In";
		};
		["Right Arm"] = {
			tm = .0329;
			cf = cfr(.012,0,-.003,.913,.318,-.256,-.276,.943,.185,.301,-.098,.949);
			es = "Linear";
			ed = "In";
		};
		["Right Leg"] = {
			tm = .0329;
			cf = cfr(.284,.116,.007,.864,.465,-.193,-.443,.884,.149,.24,-.044,.97);
			es = "Linear";
			ed = "In";
		};
		["Left Arm"] = {
			tm = .0329;
			cf = cfr(.106,-.004,.057,.954,-.238,-.183,.254,.965,.069,.16,-.112,.981);
			es = "Linear";
			ed = "In";
		};
	};
	{
		tm = 1.15;
		["Torso"] = {
			tm = .0330;
			cf = cfr(-.006,.247,-.295,.986,-.166,.033,.147,.938,.313,-.082,-.304,.949);
			es = "Linear";
			ed = "In";
		};
		["Head"] = {
			tm = .0330;
			cf = cfr(0,0,.017,.921,-.178,.348,.044,.931,.362,-.388,-.318,.865);
			es = "Linear";
			ed = "In";
		};
		["Left Leg"] = {
			tm = .0330;
			cf = cfr(-.486,.148,.34,.863,-.417,.285,.407,.908,.098,-.3,.032,.953);
			es = "Linear";
			ed = "In";
		};
		["Right Arm"] = {
			tm = .0330;
			cf = cfr(.012,0,-.003,.918,.308,-.251,-.269,.946,.18,.293,-.098,.951);
			es = "Linear";
			ed = "In";
		};
		["Right Leg"] = {
			tm = .0330;
			cf = cfr(.282,.117,.006,.869,.456,-.193,-.434,.889,.147,.238,-.044,.97);
			es = "Linear";
			ed = "In";
		};
		["Left Arm"] = {
			tm = .0330;
			cf = cfr(.104,-.004,.055,.956,-.233,-.179,.248,.966,.069,.157,-.11,.981);
			es = "Linear";
			ed = "In";
		};
	};
	{
		tm = 1.183;
		["Torso"] = {
			tm = .0340;
			cf = cfr(-.007,.229,-.284,.986,-.162,.033,.145,.943,.299,-.08,-.291,.954);
			es = "Linear";
			ed = "In";
		};
		["Head"] = {
			tm = .0340;
			cf = cfr(0,0,.017,.925,-.167,.34,.043,.938,.343,-.376,-.303,.876);
			es = "Linear";
			ed = "In";
		};
		["Left Leg"] = {
			tm = .0340;
			cf = cfr(-.487,.147,.333,.871,-.407,.276,.397,.913,.094,-.291,.028,.956);
			es = "Linear";
			ed = "In";
		};
		["Right Arm"] = {
			tm = .0340;
			cf = cfr(.011,0,-.003,.924,.295,-.243,-.258,.95,.174,.282,-.098,.954);
			es = "Linear";
			ed = "In";
		};
		["Right Leg"] = {
			tm = .0340;
			cf = cfr(.279,.117,.004,.875,.444,-.192,-.422,.895,.144,.236,-.045,.971);
			es = "Linear";
			ed = "In";
		};
		["Left Arm"] = {
			tm = .0340;
			cf = cfr(.1,-.003,.054,.959,-.226,-.173,.241,.968,.069,.151,-.108,.983);
			es = "Linear";
			ed = "In";
		};
	};
	{
		tm = 1.217;
		["Torso"] = {
			tm = .0329;
			cf = cfr(-.009,.205,-.271,.987,-.157,.034,.141,.949,.281,-.076,-.272,.959);
			es = "Linear";
			ed = "In";
		};
		["Head"] = {
			tm = .0329;
			cf = cfr(0,0,.017,.932,-.152,.33,.043,.947,.317,-.361,-.282,.889);
			es = "Linear";
			ed = "In";
		};
		["Left Leg"] = {
			tm = .0329;
			cf = cfr(-.488,.146,.324,.88,-.393,.265,.384,.919,.09,-.279,.022,.96);
			es = "Linear";
			ed = "In";
		};
		["Right Arm"] = {
			tm = .0329;
			cf = cfr(.01,0,-.003,.932,.277,-.232,-.243,.956,.166,.268,-.099,.958);
			es = "Linear";
			ed = "In";
		};
		["Right Leg"] = {
			tm = .0329;
			cf = cfr(.276,.118,.001,.884,.426,-.192,-.405,.903,.14,.233,-.046,.971);
			es = "Linear";
			ed = "In";
		};
		["Left Arm"] = {
			tm = .0329;
			cf = cfr(.096,-.003,.051,.962,-.217,-.164,.23,.971,.069,.145,-.105,.984);
			es = "Linear";
			ed = "In";
		};
	};
	{
		tm = 1.25;
		["Torso"] = {
			tm = .0329;
			cf = cfr(-.012,.175,-.254,.988,-.15,.034,.137,.957,.257,-.072,-.249,.966);
			es = "Linear";
			ed = "In";
		};
		["Head"] = {
			tm = .0329;
			cf = cfr(0,0,.017,.94,-.134,.315,.041,.958,.284,-.339,-.254,.906);
			es = "Linear";
			ed = "In";
		};
		["Left Leg"] = {
			tm = .0329;
			cf = cfr(-.49,.144,.311,.893,-.375,.249,.366,.927,.085,-.263,.016,.965);
			es = "Linear";
			ed = "In";
		};
		["Right Arm"] = {
			tm = .0329;
			cf = cfr(.01,.001,-.003,.942,.254,-.219,-.223,.962,.156,.25,-.099,.963);
			es = "Linear";
			ed = "In";
		};
		["Right Leg"] = {
			tm = .0329;
			cf = cfr(.271,.118,-.002,.895,.404,-.191,-.384,.914,.135,.229,-.048,.972);
			es = "Linear";
			ed = "In";
		};
		["Left Arm"] = {
			tm = .0329;
			cf = cfr(.09,-.003,.048,.967,-.205,-.154,.217,.974,.069,.136,-.1,.986);
			es = "Linear";
			ed = "In";
		};
	};
	{
		tm = 1.283;
		["Torso"] = {
			tm = .0340;
			cf = cfr(-.015,.136,-.233,.989,-.142,.035,.131,.965,.226,-.066,-.219,.973);
			es = "Linear";
			ed = "In";
		};
		["Head"] = {
			tm = .0340;
			cf = cfr(0,0,.017,.949,-.111,.294,.039,.97,.24,-.312,-.217,.925);
			es = "Linear";
			ed = "In";
		};
		["Left Leg"] = {
			tm = .0340;
			cf = cfr(-.491,.143,.296,.907,-.352,.23,.343,.936,.079,-.243,.007,.97);
			es = "Linear";
			ed = "In";
		};
		["Right Arm"] = {
			tm = .0340;
			cf = cfr(.009,.001,-.003,.954,.225,-.201,-.198,.969,.144,.227,-.098,.969);
			es = "Linear";
			ed = "In";
		};
		["Right Leg"] = {
			tm = .0340;
			cf = cfr(.264,.118,-.006,.908,.375,-.189,-.356,.926,.129,.223,-.05,.973);
			es = "Linear";
			ed = "In";
		};
		["Left Arm"] = {
			tm = .0340;
			cf = cfr(.083,-.002,.044,.972,-.19,-.141,.201,.977,.069,.124,-.095,.988);
			es = "Linear";
			ed = "In";
		};
	};
	{
		tm = 1.317;
		["Torso"] = {
			tm = .0330;
			cf = cfr(-.019,.089,-.21,.991,-.132,.036,.123,.974,.189,-.06,-.182,.981);
			es = "Linear";
			ed = "In";
		};
		["Head"] = {
			tm = .0330;
			cf = cfr(0,0,.017,.96,-.085,.267,.035,.982,.185,-.278,-.168,.946);
			es = "Linear";
			ed = "In";
		};
		["Left Leg"] = {
			tm = .0330;
			cf = cfr(-.49,.142,.278,.924,-.322,.207,.313,.947,.073,-.219,-.003,.976);
			es = "Linear";
			ed = "In";
		};
		["Right Arm"] = {
			tm = .0330;
			cf = cfr(.007,.001,-.003,.966,.189,-.178,-.167,.977,.13,.199,-.096,.975);
			es = "Linear";
			ed = "In";
		};
		["Right Leg"] = {
			tm = .0330;
			cf = cfr(.256,.118,-.011,.922,.339,-.186,-.321,.939,.121,.216,-.052,.975);
			es = "Linear";
			ed = "In";
		};
		["Left Arm"] = {
			tm = .0330;
			cf = cfr(.074,-.002,.039,.977,-.172,-.125,.181,.981,.068,.111,-.089,.99);
			es = "Linear";
			ed = "In";
		};
	};
	{
		tm = 1.35;
		["Torso"] = {
			tm = .0329;
			cf = cfr(-.025,.031,-.182,.992,-.12,.036,.114,.983,.143,-.052,-.138,.989);
			es = "Linear";
			ed = "In";
		};
		["Head"] = {
			tm = .0329;
			cf = cfr(0,0,.017,.971,-.056,.231,.029,.993,.118,-.236,-.107,.966);
			es = "Linear";
			ed = "In";
		};
		["Left Leg"] = {
			tm = .0329;
			cf = cfr(-.488,.14,.256,.942,-.284,.179,.276,.959,.068,-.191,-.014,.982);
			es = "Linear";
			ed = "In";
		};
		["Right Arm"] = {
			tm = .0329;
			cf = cfr(.006,.002,-.003,.978,.145,-.15,-.129,.985,.114,.164,-.092,.982);
			es = "Linear";
			ed = "In";
		};
		["Right Leg"] = {
			tm = .0329;
			cf = cfr(.246,.117,-.017,.938,.294,-.183,-.277,.954,.112,.208,-.055,.977);
			es = "Linear";
			ed = "In";
		};
		["Left Arm"] = {
			tm = .0329;
			cf = cfr(.063,-.001,.033,.983,-.149,-.105,.157,.985,.067,.094,-.082,.992);
			es = "Linear";
			ed = "In";
		};
	};
	{
		tm = 1.383;
		["Torso"] = {
			tm = .0340;
			cf = cfr(-.032,-.037,-.153,.994,-.106,.035,.103,.991,.089,-.044,-.085,.995);
			es = "Linear";
			ed = "In";
		};
		["Head"] = {
			tm = .0340;
			cf = cfr(0,0,.017,.983,-.027,.184,.021,.999,.037,-.185,-.032,.982);
			es = "Linear";
			ed = "In";
		};
		["Left Leg"] = {
			tm = .0340;
			cf = cfr(-.482,.139,.231,.961,-.236,.146,.229,.971,.063,-.157,-.028,.987);
			es = "Linear";
			ed = "In";
		};
		["Right Arm"] = {
			tm = .0340;
			cf = cfr(.004,.002,-.003,.989,.094,-.116,-.083,.992,.097,.124,-.086,.989);
			es = "Linear";
			ed = "In";
		};
		["Right Leg"] = {
			tm = .0340;
			cf = cfr(.233,.113,-.025,.955,.239,-.178,-.224,.969,.102,.197,-.057,.979);
			es = "Linear";
			ed = "In";
		};
		["Left Arm"] = {
			tm = .0340;
			cf = cfr(.05,0,.026,.989,-.123,-.083,.128,.99,.065,.074,-.074,.994);
			es = "Linear";
			ed = "In";
		};
	};
	{
		tm = 1.417;
		["Torso"] = {
			tm = .0329;
			cf = cfr(-.042,-.116,-.121,.995,-.089,.033,.089,.996,.025,-.035,-.022,.999);
			es = "Linear";
			ed = "In";
		};
		["Head"] = {
			tm = .0329;
			cf = cfr(0,0,.017,.992,-.001,.126,.008,.998,-.057,-.126,.057,.99);
			es = "Linear";
			ed = "In";
		};
		["Left Leg"] = {
			tm = .0329;
			cf = cfr(-.471,.137,.202,.978,-.177,.108,.171,.983,.062,-.117,-.042,.992);
			es = "Linear";
			ed = "In";
		};
		["Right Arm"] = {
			tm = .0329;
			cf = cfr(.002,.002,-.003,.997,.034,-.075,-.028,.997,.078,.077,-.076,.994);
			es = "Linear";
			ed = "In";
		};
		["Right Leg"] = {
			tm = .0329;
			cf = cfr(.216,.107,-.033,.97,.173,-.17,-.159,.983,.09,.183,-.06,.981);
			es = "Linear";
			ed = "In";
		};
		["Left Arm"] = {
			tm = .0329;
			cf = cfr(.036,0,.018,.994,-.091,-.056,.095,.994,.061,.05,-.066,.997);
			es = "Linear";
			ed = "In";
		};
	};
	{
		tm = 1.45;
		["Torso"] = {
			tm = .0330;
			cf = cfr(-.054,-.208,-.088,.997,-.071,.03,.072,.996,-.048,-.026,.05,.998);
			es = "Linear";
			ed = "In";
		};
		["Head"] = {
			tm = .0330;
			cf = cfr(0,0,.017,.998,.018,.058,-.009,.987,-.16,-.06,.159,.985);
			es = "Linear";
			ed = "In";
		};
		["Left Leg"] = {
			tm = .0330;
			cf = cfr(-.453,.133,.171,.992,-.104,.065,.1,.993,.065,-.071,-.058,.996);
			es = "Linear";
			ed = "In";
		};
		["Right Arm"] = {
			tm = .0330;
			cf = cfr(-.001,.002,-.002,.999,-.035,-.026,.036,.998,.06,.024,-.061,.998);
			es = "Linear";
			ed = "In";
		};
		["Right Leg"] = {
			tm = .0330;
			cf = cfr(.194,.096,-.042,.983,.093,-.16,-.081,.994,.077,.167,-.063,.984);
			es = "Linear";
			ed = "In";
		};
		["Left Arm"] = {
			tm = .0330;
			cf = cfr(.019,.001,.009,.998,-.055,-.025,.056,.997,.056,.022,-.058,.998);
			es = "Linear";
			ed = "In";
		};
	};
	{
		tm = 1.483;
		["Torso"] = {
			tm = .0339;
