-- // converted using mech's animoduler
local cfr = CFrame.new
music.SoundId = "rbxassetid://16408542103"
music.PlaybackSpeed = 1/.5325
return {
	{
		tm = 0;
		["Torso"] = {
			tm = .033;
			cf = cfr(-.023,-.081,-.131,.999,-.024,-.028,.018,.979,-.205,.032,.204,.978);
			es = "Linear";
			ed = "In";
		};
		["Head"] = {
			tm = .033;
			cf = cfr(0,0,.017,.999,.008,.031,-.014,.978,.208,-.029,-.209,.978);
			es = "Linear";
			ed = "In";
		};
		["Left Arm"] = {
			tm = .033;
			cf = cfr(-.551,-.045,-.015,-.811,.487,.324,-.463,-.873,.153,.358,-.026,.934);
			es = "Linear";
			ed = "In";
		};
		["Right Arm"] = {
			tm = .033;
			cf = cfr(.526,.073,.012,-.767,-.543,-.341,.45,-.835,.318,-.457,.091,.885);
			es = "Linear";
			ed = "In";
		};
		["Left Leg"] = {
			tm = .033;
			cf = cfr(-.262,.135,.083,.961,.069,.268,-.062,.997,-.035,-.269,.017,.963);
			es = "Linear";
			ed = "In";
		};
		["Right Leg"] = {
			tm = .033;
			cf = cfr(.415,.212,.079,.973,.017,-.229,-.006,.999,.048,.23,-.045,.972);
			es = "Linear";
			ed = "In";
		};
	};
	{
		tm = .033;
		["Torso"] = {
			tm = .034;
			cf = cfr(-.018,-.067,-.047,1,-.019,-.022,.015,.982,-.187,.025,.187,.982);
			es = "Linear";
			ed = "In";
		};
		["Head"] = {
			tm = .034;
			cf = cfr(0,0,.017,1,-.005,.028,.001,.986,.167,-.028,-.167,.986);
			es = "Linear";
			ed = "In";
		};
		["Left Arm"] = {
			tm = .034;
			cf = cfr(-.511,-.194,-.013,-.685,.647,.336,-.649,-.751,.122,.331,-.134,.934);
			es = "Linear";
			ed = "In";
		};
		["Right Arm"] = {
			tm = .034;
			cf = cfr(.417,-.062,.03,-.571,-.793,-.212,.7,-.605,.378,-.428,.067,.901);
			es = "Linear";
			ed = "In";
		};
		["Left Leg"] = {
			tm = .034;
			cf = cfr(-.068,.041,.016,.949,.158,.272,-.158,.987,-.02,-.272,-.024,.962);
			es = "Linear";
			ed = "In";
		};
		["Right Leg"] = {
			tm = .034;
			cf = cfr(.24,.115,.034,.972,-.068,-.225,.08,.996,.046,.221,-.063,.973);
			es = "Linear";
			ed = "In";
		};
	};
	{
		tm = .067;
		["Torso"] = {
			tm = .033;
			cf = cfr(-.008,-.032,.143,1,-.01,-.009,.009,.989,-.145,.011,.145,.989);
			es = "Linear";
			ed = "In";
		};
		["Head"] = {
			tm = .033;
			cf = cfr(0,0,.017,.999,-.033,.023,.031,.997,.067,-.025,-.066,.998);
			es = "Linear";
			ed = "In";
		};
		["Left Arm"] = {
			tm = .033;
			cf = cfr(-.418,-.467,-.006,-.279,.909,.311,-.921,-.344,.182,.272,-.236,.933);
			es = "Linear";
			ed = "In";
		};
		["Right Arm"] = {
			tm = .033;
			cf = cfr(.211,-.304,.063,.056,-.998,.038,.911,.067,.407,-.408,.012,.913);
			es = "Linear";
			ed = "In";
		};
		["Left Leg"] = {
			tm = .033;
			cf = cfr(.024,.018,-.033,.946,.159,.282,-.17,.985,.012,-.276,-.06,.959);
			es = "Linear";
			ed = "In";
		};
		["Right Leg"] = {
			tm = .033;
			cf = cfr(.048,.046,-.02,.967,-.135,-.214,.147,.988,.042,.206,-.072,.976);
			es = "Linear";
			ed = "In";
		};
	};
	{
		tm = .1;
		["Torso"] = {
			tm = .033;
			cf = cfr(0,.009,.344,1,0,0,0,.995,-.095,0,.095,.995);
			es = "Linear";
			ed = "In";
		};
		["Head"] = {
			tm = .033;
			cf = cfr(0,0,.017,.998,-.052,.023,.053,.997,-.053,-.02,.054,.998);
			es = "Linear";
			ed = "In";
		};
		["Left Arm"] = {
			tm = .033;
			cf = cfr(-.312,-.604,-.003,.245,.937,.247,-.95,.183,.252,.191,-.297,.936);
			es = "Linear";
			ed = "In";
		};
		["Right Arm"] = {
			tm = .033;
			cf = cfr(.073,-.427,.081,.575,-.78,.246,.712,.625,.32,-.404,-.009,.915);
			es = "Linear";
			ed = "In";
		};
		["Left Leg"] = {
			tm = .033;
			cf = cfr(-.042,.043,-.035,.954,.073,.29,-.089,.995,.043,-.286,-.066,.956);
			es = "Linear";
			ed = "In";
		};
		["Right Leg"] = {
			tm = .033;
			cf = cfr(.086,.047,-.019,.977,-.073,-.203,.082,.996,.039,.199,-.055,.978);
			es = "Linear";
			ed = "In";
		};
	};
	{
		tm = .133;
		["Torso"] = {
			tm = .034;
			cf = cfr(.014,.032,.483,1,.008,.004,-.007,.999,-.051,-.004,.051,.999);
			es = "Linear";
			ed = "In";
		};
		["Head"] = {
			tm = .034;
			cf = cfr(0,0,.017,.998,-.057,.027,.061,.986,-.157,-.017,.158,.987);
			es = "Linear";
			ed = "In";
		};
		["Left Arm"] = {
			tm = .034;
			cf = cfr(-.217,-.528,-.003,.649,.749,.134,-.748,.596,.291,.138,-.289,.947);
			es = "Linear";
			ed = "In";
		};
		["Right Arm"] = {
			tm = .034;
			cf = cfr(.031,-.367,.08,.803,-.466,.373,.416,.885,.209,-.427,-.012,.904);
			es = "Linear";
			ed = "In";
		};
		["Left Leg"] = {
			tm = .034;
			cf = cfr(-.088,.061,-.033,.955,0,.295,-.02,.998,.062,-.295,-.065,.953);
			es = "Linear";
			ed = "In";
		};
		["Right Leg"] = {
			tm = .034;
			cf = cfr(.087,.05,-.017,.979,-.024,-.201,.034,.999,.042,.199,-.048,.979);
			es = "Linear";
			ed = "In";
		};
	};
	{
		tm = .167;
		["Torso"] = {
			tm = .033;
			cf = cfr(.04,.03,.56,1,.013,.005,-.013,1,-.017,-.005,.017,1);
			es = "Linear";
			ed = "In";
		};
		["Head"] = {
			tm = .033;
			cf = cfr(0,0,.017,.998,-.057,.032,.063,.969,-.239,-.018,.24,.971);
			es = "Linear";
			ed = "In";
		};
		["Left Arm"] = {
			tm = .033;
			cf = cfr(-.135,-.381,-.001,.884,.467,-.032,-.442,.855,.269,.154,-.224,.963);
			es = "Linear";
			ed = "In";
		};
		["Right Arm"] = {
			tm = .033;
			cf = cfr(.014,-.252,.079,.881,-.181,.437,.154,.983,.097,-.447,-.018,.894);
			es = "Linear";
			ed = "In";
		};
		["Left Leg"] = {
			tm = .033;
			cf = cfr(-.127,.076,-.024,.953,-.062,.298,.041,.996,.076,-.302,-.06,.952);
			es = "Linear";
			ed = "In";
		};
		["Right Leg"] = {
			tm = .033;
			cf = cfr(.081,.055,-.013,.977,.021,-.214,-.01,.999,.049,.215,-.046,.976);
			es = "Linear";
			ed = "In";
		};
	};
	{
		tm = .2;
		["Torso"] = {
			tm = .033;
			cf = cfr(.072,.018,.593,1,.016,.005,-.016,1,.005,-.005,-.005,1);
			es = "Linear";
			ed = "In";
		};
		["Head"] = {
			tm = .033;
			cf = cfr(0,0,.017,.998,-.053,.036,.061,.953,-.298,-.019,.3,.954);
			es = "Linear";
			ed = "In";
		};
		["Left Arm"] = {
			tm = .033;
			cf = cfr(-.063,-.239,.002,.959,.214,-.186,-.177,.964,.197,.222,-.156,.962);
			es = "Linear";
			ed = "In";
		};
		["Right Arm"] = {
			tm = .033;
			cf = cfr(.01,-.139,.077,.879,.002,.476,-.013,1,.019,-.476,-.023,.879);
			es = "Linear";
			ed = "In";
		};
		["Left Leg"] = {
			tm = .033;
			cf = cfr(-.159,.087,-.009,.948,-.108,.299,.086,.993,.085,-.306,-.055,.95);
			es = "Linear";
			ed = "In";
		};
		["Right Leg"] = {
			tm = .033;
			cf = cfr(.069,.058,-.008,.97,.054,-.239,-.042,.998,.054,.241,-.042,.969);
			es = "Linear";
			ed = "In";
		};
	};
	{
		tm = .233;
		["Torso"] = {
			tm = .034;
			cf = cfr(.102,.01,.6,1,.017,.008,-.017,1,.013,-.007,-.013,1);
			es = "Linear";
			ed = "In";
		};
		["Head"] = {
			tm = .034;
			cf = cfr(0,0,.017,.998,-.046,.037,.055,.941,-.335,-.019,.337,.941);
			es = "Linear";
			ed = "In";
		};
		["Left Arm"] = {
			tm = .034;
			cf = cfr(.002,-.175,.003,.952,.108,-.285,-.07,.988,.139,.297,-.113,.948);
			es = "Linear";
			ed = "In";
		};
		["Right Arm"] = {
			tm = .034;
			cf = cfr(.011,-.088,.077,.849,.063,.525,-.068,.998,-.01,-.525,-.027,.851);
			es = "Linear";
			ed = "In";
		};
		["Left Leg"] = {
			tm = .034;
			cf = cfr(-.184,.095,.009,.945,-.131,.3,.108,.99,.091,-.308,-.054,.95);
			es = "Linear";
			ed = "In";
		};
		["Right Leg"] = {
			tm = .034;
			cf = cfr(.052,.057,-.002,.959,.067,-.274,-.055,.997,.051,.276,-.033,.961);
			es = "Linear";
			ed = "In";
		};
	};
	{
		tm = .267;
		["Torso"] = {
			tm = .0329;
			cf = cfr(.124,.006,.587,1,.009,.013,-.009,1,.007,-.013,-.007,1);
			es = "Linear";
			ed = "In";
		};
		["Head"] = {
			tm = .0329;
			cf = cfr(0,0,.017,.999,-.03,.03,.039,.935,-.353,-.018,.353,.935);
			es = "Linear";
			ed = "In";
		};
		["Left Arm"] = {
			tm = .0329;
			cf = cfr(.062,-.219,.011,.927,.188,-.324,-.151,.979,.135,.342,-.076,.936);
			es = "Linear";
			ed = "In";
		};
		["Right Arm"] = {
			tm = .0329;
			cf = cfr(.009,-.103,.076,.804,.016,.595,-.039,.999,.026,-.593,-.045,.804);
			es = "Linear";
			ed = "In";
		};
		["Left Leg"] = {
			tm = .0329;
			cf = cfr(-.206,.101,.031,.947,-.131,.292,.107,.99,.097,-.302,-.06,.951);
			es = "Linear";
			ed = "In";
		};
		["Right Leg"] = {
			tm = .0329;
			cf = cfr(.029,.049,.002,.945,.064,-.32,-.055,.998,.035,.322,-.016,.947);
			es = "Linear";
			ed = "In";
		};
	};
	{
		tm = .3;
		["Torso"] = {
			tm = .0330;
			cf = cfr(.136,-.004,.546,1,-.005,.018,.005,1,-.005,-.018,.005,1);
			es = "Linear";
			ed = "In";
		};
		["Head"] = {
			tm = .0330;
			cf = cfr(0,0,.017,1,-.009,.02,.015,.934,-.358,-.015,.358,.934);
			es = "Linear";
			ed = "In";
		};
		["Left Arm"] = {
			tm = .0330;
			cf = cfr(.114,-.303,.026,.858,.399,-.324,-.363,.916,.167,.364,-.026,.931);
			es = "Linear";
			ed = "In";
		};
		["Right Arm"] = {
			tm = .0330;
			cf = cfr(.003,-.136,.076,.746,-.137,.652,.059,.988,.14,-.663,-.066,.746);
			es = "Linear";
			ed = "In";
		};
		["Left Leg"] = {
			tm = .0330;
			cf = cfr(-.225,.105,.055,.952,-.122,.28,.097,.99,.101,-.289,-.069,.955);
			es = "Linear";
			ed = "In";
		};
		["Right Leg"] = {
			tm = .0330;
			cf = cfr(.003,.039,.004,.926,.056,-.373,-.055,.998,.015,.373,.006,.928);
			es = "Linear";
			ed = "In";
		};
	};
	{
		tm = .333;
		["Torso"] = {
			tm = .0339;
			cf = cfr(.14,-.013,.476,1,-.013,.021,.013,1,-.016,-.021,.017,1);
			es = "Linear";
			ed = "In";
		};
		["Head"] = {
			tm = .0339;
			cf = cfr(0,0,.017,1,.007,.014,-.001,.934,-.358,-.015,.358,.933);
			es = "Linear";
			ed = "In";
		};
		["Left Arm"] = {
			tm = .0339;
			cf = cfr(.157,-.353,.035,.676,.676,-.293,-.64,.736,.221,.365,.039,.93);
			es = "Linear";
			ed = "In";
		};
		["Right Arm"] = {
			tm = .0339;
			cf = cfr(-.006,-.169,.077,.651,-.411,.638,.255,.91,.327,-.715,-.051,.697);
			es = "Linear";
			ed = "In";
		};
		["Left Leg"] = {
			tm = .0339;
			cf = cfr(-.237,.108,.076,.955,-.116,.273,.091,.991,.103,-.283,-.074,.956);
			es = "Linear";
			ed = "In";
		};
		["Right Leg"] = {
			tm = .0339;
			cf = cfr(-.017,.029,.006,.909,.049,-.414,-.055,.998,-.005,.414,.027,.91);
			es = "Linear";
			ed = "In";
		};
	};
	{
		tm = .367;
		["Torso"] = {
			tm = .0330;
			cf = cfr(.14,-.019,.376,1,-.013,.021,.013,1,-.023,-.02,.024,1);
			es = "Linear";
			ed = "In";
		};
		["Head"] = {
			tm = .0330;
			cf = cfr(0,0,.017,1,.015,.013,-.009,.933,-.359,-.017,.358,.933);
			es = "Linear";
			ed = "In";
		};
		["Left Arm"] = {
			tm = .0330;
			cf = cfr(.188,-.365,.037,.307,.924,-.227,-.888,.364,.281,.343,.115,.932);
			es = "Linear";
			ed = "In";
		};
		["Right Arm"] = {
			tm = .0330;
			cf = cfr(-.029,-.192,.082,.437,-.782,.445,.553,.624,.552,-.709,.005,.705);
			es = "Linear";
			ed = "In";
		};
		["Left Leg"] = {
			tm = .0330;
			cf = cfr(-.243,.109,.095,.955,-.118,.274,.093,.99,.101,-.283,-.071,.956);
			es = "Linear";
			ed = "In";
		};
		["Right Leg"] = {
			tm = .0330;
			cf = cfr(-.03,.021,.01,.896,.045,-.442,-.06,.998,-.02,.44,.045,.897);
			es = "Linear";
			ed = "In";
		};
	};
	{
		tm = .4;
		["Torso"] = {
			tm = .0329;
			cf = cfr(.14,-.028,.259,1,-.012,.02,.013,.999,-.034,-.02,.034,.999);
			es = "Linear";
			ed = "In";
		};
		["Head"] = {
			tm = .0329;
			cf = cfr(0,0,.017,1,.022,.012,-.016,.936,-.353,-.019,.352,.936);
			es = "Linear";
			ed = "In";
		};
		["Left Arm"] = {
			tm = .0329;
			cf = cfr(.203,-.381,.037,-.203,.972,-.121,-.937,-.156,.314,.286,.177,.942);
			es = "Linear";
			ed = "In";
		};
		["Right Arm"] = {
			tm = .0329;
			cf = cfr(-.061,-.216,.093,.027,-.999,.044,.766,.049,.641,-.642,.016,.766);
			es = "Linear";
			ed = "In";
		};
		["Left Leg"] = {
			tm = .0329;
			cf = cfr(-.245,.108,.11,.954,-.117,.275,.094,.991,.097,-.284,-.066,.957);
			es = "Linear";
			ed = "In";
		};
		["Right Leg"] = {
			tm = .0329;
			cf = cfr(-.039,.014,.013,.887,.039,-.46,-.062,.997,-.034,.458,.059,.887);
			es = "Linear";
			ed = "In";
		};
	};
	{
		tm = .433;
		["Torso"] = {
			tm = .0340;
			cf = cfr(.139,-.048,.141,1,-.012,.02,.013,.998,-.058,-.019,.059,.998);
			es = "Linear";
			ed = "In";
		};
		["Head"] = {
			tm = .0340;
			cf = cfr(0,0,.017,1,.027,.012,-.021,.943,-.331,-.02,.331,.944);
			es = "Linear";
			ed = "In";
		};
		["Left Arm"] = {
			tm = .0340;
			cf = cfr(.204,-.392,.036,-.593,.805,-.022,-.772,-.56,.302,.231,.196,.953);
			es = "Linear";
			ed = "In";
		};
		["Right Arm"] = {
			tm = .0340;
			cf = cfr(-.082,-.24,.106,-.349,-.88,-.322,.719,-.471,.51,-.601,-.053,.798);
			es = "Linear";
			ed = "In";
		};
		["Left Leg"] = {
			tm = .0340;
			cf = cfr(-.245,.104,.121,.956,-.102,.277,.08,.993,.089,-.284,-.063,.957);
			es = "Linear";
			ed = "In";
		};
		["Right Leg"] = {
			tm = .0340;
			cf = cfr(-.042,.005,.017,.885,.018,-.466,-.048,.998,-.051,.464,.067,.883);
			es = "Linear";
			ed = "In";
		};
	};
	{
		tm = .467;
		["Torso"] = {
			tm = .0329;
			cf = cfr(.138,-.089,.035,1,-.012,.018,.014,.994,-.108,-.017,.109,.994);
			es = "Linear";
			ed = "In";
		};
		["Head"] = {
			tm = .0329;
			cf = cfr(0,0,.017,.999,.029,.014,-.024,.959,-.283,-.022,.283,.959);
			es = "Linear";
			ed = "In";
		};
		["Left Arm"] = {
			tm = .0329;
			cf = cfr(.202,-.396,.035,-.721,.693,.032,-.656,-.696,.291,.224,.189,.956);
			es = "Linear";
			ed = "In";
		};
		["Right Arm"] = {
			tm = .0329;
			cf = cfr(-.089,-.27,.125,-.441,-.746,-.5,.623,-.655,.428,-.646,-.123,.753);
			es = "Linear";
			ed = "In";
		};
		["Left Leg"] = {
			tm = .0329;
			cf = cfr(-.243,.097,.124,.958,-.059,.281,.04,.996,.075,-.284,-.061,.957);
			es = "Linear";
			ed = "In";
		};
		["Right Leg"] = {
			tm = .0329;
			cf = cfr(-.041,-.009,.019,.886,-.03,-.463,-.006,.997,-.075,.464,.069,.883);
			es = "Linear";
			ed = "In";
		};
	};
	{
		tm = .5;
		["Torso"] = {
			tm = .0330;
			cf = cfr(.134,-.149,-.047,1,-.005,.014,.008,.983,-.181,-.013,.181,.983);
			es = "Linear";
			ed = "In";
		};
		["Head"] = {
			tm = .0330;
			cf = cfr(0,0,.017,1,.01,.017,-.008,.99,-.143,-.018,.143,.99);
			es = "Linear";
			ed = "In";
		};
		["Left Arm"] = {
			tm = .0330;
			cf = cfr(.199,-.427,.035,-.703,.708,.077,-.654,-.684,.322,.28,.176,.944);
			es = "Linear";
			ed = "In";
		};
		["Right Arm"] = {
			tm = .0330;
			cf = cfr(-.081,-.393,.149,-.362,-.738,-.57,.559,-.661,.501,-.746,-.137,.651);
			es = "Linear";
			ed = "In";
		};
		["Left Leg"] = {
			tm = .0330;
			cf = cfr(-.42,.096,.172,.953,-.087,.291,.074,.996,.057,-.295,-.033,.955);
			es = "Linear";
			ed = "In";
		};
		["Right Leg"] = {
			tm = .0330;
			cf = cfr(.15,-.005,.109,.892,-.008,-.452,-.044,.993,-.106,.45,.114,.886);
			es = "Linear";
			ed = "In";
		};
	};
	{
		tm = .533;
		["Torso"] = {
			tm = .0339;
			cf = cfr(.128,-.181,-.082,1,.008,.006,-.007,.975,-.22,-.008,.22,.975);
			es = "Linear";
			ed = "In";
		};
		["Head"] = {
			tm = .0339;
			cf = cfr(0,0,.017,.999,-.032,.015,.031,.999,.028,-.016,-.027,.999);
			es = "Linear";
			ed = "In";
		};
		["Left Arm"] = {
			tm = .0339;
			cf = cfr(.193,-.482,.037,-.641,.758,.12,-.678,-.632,.376,.36,.159,.919);
			es = "Linear";
			ed = "In";
		};
		["Right Arm"] = {
			tm = .0339;
			cf = cfr(-.064,-.579,.17,-.268,-.759,-.593,.481,-.639,.6,-.835,-.125,.536);
			es = "Linear";
			ed = "In";
		};
		["Left Leg"] = {
			tm = .0339;
			cf = cfr(-.557,.121,.204,.943,-.13,.307,.12,.991,.05,-.311,-.01,.95);
			es = "Linear";
			ed = "In";
		};
		["Right Leg"] = {
			tm = .0339;
			cf = cfr(.289,.031,.162,.9,.019,-.436,-.076,.991,-.114,.43,.135,.893);
			es = "Linear";
			ed = "In";
		};
	};
	{
		tm = .567;
		["Torso"] = {
			tm = .0330;
			cf = cfr(.122,-.137,-.035,1,.023,-.001,-.023,.986,-.166,-.003,.166,.986);
			es = "Linear";
			ed = "In";
		};
		["Head"] = {
			tm = .0330;
			cf = cfr(0,0,.017,.998,-.062,.016,.062,.997,.043,-.018,-.042,.999);
			es = "Linear";
			ed = "In";
		};
		["Left Arm"] = {
			tm = .0330;
			cf = cfr(.186,-.509,.038,-.51,.853,.108,-.752,-.503,.425,.417,.136,.899);
			es = "Linear";
			ed = "In";
		};
		["Right Arm"] = {
			tm = .0330;
			cf = cfr(-.039,-.675,.178,-.155,-.799,-.581,.441,-.582,.683,-.884,-.15,.442);
			es = "Linear";
			ed = "In";
		};
		["Left Leg"] = {
			tm = .0330;
			cf = cfr(-.227,.091,.084,.949,-.018,.315,-.003,.998,.067,-.315,-.064,.947);
			es = "Linear";
			ed = "In";
		};
		["Right Leg"] = {
			tm = .0330;
			cf = cfr(.151,.006,.076,.911,-.01,-.413,-.025,.997,-.079,.412,.083,.907);
			es = "Linear";
			ed = "In";
		};
	};
	{
		tm = .6;
		["Torso"] = {
			tm = .0330;
			cf = cfr(.12,-.054,.1,1,.031,-.004,-.031,.997,-.066,.002,.066,.998);
			es = "Linear";
			ed = "In";
		};
		["Head"] = {
			tm = .0330;
			cf = cfr(0,0,.017,.997,-.068,.022,.069,.996,-.061,-.017,.062,.998);
			es = "Linear";
			ed = "In";
		};
		["Left Arm"] = {
			tm = .0330;
			cf = cfr(.18,-.487,.037,-.225,.974,.016,-.863,-.207,.461,.452,.09,.887);
			es = "Linear";
			ed = "In";
		};
		["Right Arm"] = {
			tm = .0330;
			cf = cfr(-.013,-.626,.159,.036,-.887,-.459,.505,-.381,.775,-.862,-.26,.434);
			es = "Linear";
			ed = "In";
		};
		["Left Leg"] = {
			tm = .0330;
			cf = cfr(-.234,.105,.073,.947,-.112,.301,.089,.992,.089,-.309,-.057,.949);
			es = "Linear";
			ed = "In";
		};
		["Right Leg"] = {
			tm = .0330;
			cf = cfr(.004,.011,.01,.929,.002,-.369,-.016,.999,-.036,.369,.04,.929);
			es = "Linear";
			ed = "In";
		};
	};
	{
		tm = .633;
		["Torso"] = {
			tm = .0340;
			cf = cfr(.147,.002,.314,1,.028,.007,-.028,1,.003,-.007,-.003,1);
			es = "Linear";
			ed = "In";
		};
		["Head"] = {
			tm = .0340;
			cf = cfr(0,0,.017,.998,-.063,.015,.064,.988,-.139,-.006,.14,.99);
			es = "Linear";
			ed = "In";
		};
		["Left Arm"] = {
			tm = .0340;
			cf = cfr(.166,-.44,.037,.25,.958,-.143,-.844,.288,.452,.474,.008,.88);
			es = "Linear";
			ed = "In";
		};
		["Right Arm"] = {
			tm = .0340;
			cf = cfr(.016,-.51,.116,.351,-.921,-.171,.577,.069,.814,-.737,-.384,.556);
			es = "Linear";
			ed = "In";
		};
		["Left Leg"] = {
			tm = .0340;
			cf = cfr(-.244,.11,.067,.948,-.161,.274,.14,.986,.095,-.285,-.052,.957);
			es = "Linear";
			ed = "In";
		};
		["Right Leg"] = {
			tm = .0340;
			cf = cfr(.032,.021,.022,.948,.066,-.312,-.076,.997,-.02,.31,.043,.95);
			es = "Linear";
			ed = "In";
		};
	};
	{
		tm = .667;
		["Torso"] = {
			tm = .0329;
			cf = cfr(.2,.029,.539,.999,.022,.026,-.023,.999,.035,-.025,-.035,.999);
			es = "Linear";
			ed = "In";
		};
		["Head"] = {
			tm = .0329;
			cf = cfr(0,0,.017,.998,-.055,-.001,.054,.981,-.185,.011,.184,.983);
			es = "Linear";
			ed = "In";
		};
		["Left Arm"] = {
			tm = .0329;
			cf = cfr(.137,-.382,.041,.685,.661,-.306,-.563,.747,.353,.462,-.069,.884);
			es = "Linear";
			ed = "In";
		};
		["Right Arm"] = {
			tm = .0329;
			cf = cfr(.048,-.371,.07,.681,-.721,.13,.482,.575,.661,-.551,-.387,.739);
			es = "Linear";
			ed = "In";
		};
		["Left Leg"] = {
			tm = .0329;
			cf = cfr(-.252,.11,.062,.955,-.173,.243,.155,.984,.092,-.255,-.05,.966);
			es = "Linear";
			ed = "In";
		};
		["Right Leg"] = {
			tm = .0329;
			cf = cfr(.065,.018,.033,.965,.091,-.245,-.101,.995,-.027,.241,.051,.969);
			es = "Linear";
			ed = "In";
		};
	};
	{
		tm = .7;
		["Torso"] = {
			tm = .0330;
			cf = cfr(.235,.035,.687,.999,.018,.036,-.02,.999,.042,-.035,-.043,.998);
			es = "Linear";
			ed = "In";
		};
		["Head"] = {
			tm = .0330;
			cf = cfr(0,0,.017,.999,-.048,-.007,.045,.977,-.209,.017,.208,.978);
			es = "Linear";
			ed = "In";
		};
		["Left Arm"] = {
			tm = .0330;
			cf = cfr(.096,-.329,.052,.862,.298,-.409,-.224,.95,.219,.454,-.097,.886);
			es = "Linear";
			ed = "In";
		};
		["Right Arm"] = {
			tm = .0330;
			cf = cfr(.077,-.258,.035,.873,-.394,.287,.26,.874,.41,-.413,-.283,.866);
			es = "Linear";
			ed = "In";
		};
		["Left Leg"] = {
			tm = .0330;
			cf = cfr(-.251,.106,.056,.963,-.165,.213,.151,.985,.082,-.223,-.047,.974);
			es = "Linear";
			ed = "In";
		};
		["Right Leg"] = {
			tm = .0330;
			cf = cfr(.099,.012,.043,.98,.095,-.174,-.103,.994,-.039,.17,.056,.984);
			es = "Linear";
			ed = "In";
		};
	};
	{
		tm = .733;
		["Torso"] = {
			tm = .0340;
			cf = cfr(.243,.035,.743,.999,.019,.034,-.021,.999,.042,-.033,-.043,.999);
			es = "Linear";
			ed = "In";
		};
		["Head"] = {
			tm = .0340;
			cf = cfr(0,0,.017,.999,-.043,-.002,.041,.973,-.226,.012,.226,.974);
			es = "Linear";
			ed = "In";
		};
		["Left Arm"] = {
			tm = .0340;
			cf = cfr(.049,-.285,.073,.861,.14,-.488,-.085,.987,.133,.501,-.073,.863);
			es = "Linear";
			ed = "In";
		};
		["Right Arm"] = {
			tm = .0340;
			cf = cfr(.093,-.211,.022,.932,-.132,.338,.053,.971,.233,-.359,-.199,.912);
			es = "Linear";
			ed = "In";
		};
		["Left Leg"] = {
			tm = .0340;
			cf = cfr(-.239,.1,.046,.971,-.153,.185,.142,.987,.069,-.194,-.041,.98);
			es = "Linear";
			ed = "In";
		};
		["Right Leg"] = {
			tm = .0340;
			cf = cfr(.132,.008,.049,.99,.093,-.109,-.098,.994,-.047,.104,.057,.993);
			es = "Linear";
			ed = "In";
		};
	};
	{
		tm = .767;
		["Torso"] = {
			tm = .0330;
			cf = cfr(.243,.033,.764,.999,.025,.029,-.026,.999,.04,-.028,-.041,.999);
			es = "Linear";
			ed = "In";
		};
		["Head"] = {
			tm = .0330;
			cf = cfr(0,0,.017,.999,-.043,.008,.043,.969,-.242,.003,.242,.97);
			es = "Linear";
			ed = "In";
		};
		["Left Arm"] = {
			tm = .0330;
			cf = cfr(-.006,-.253,.121,.797,.132,-.589,-.092,.991,.097,.596,-.023,.802);
			es = "Linear";
			ed = "In";
		};
		["Right Arm"] = {
			tm = .0330;
			cf = cfr(.081,-.242,.022,.92,.015,.39,-.084,.984,.159,-.382,-.18,.907);
			es = "Linear";
			ed = "In";
		};
		["Left Leg"] = {
			tm = .0330;
			cf = cfr(-.212,.095,.03,.977,-.137,.164,.129,.99,.06,-.17,-.037,.985);
			es = "Linear";
			ed = "In";
		};
		["Right Leg"] = {
			tm = .0330;
			cf = cfr(.158,.007,.053,.994,.089,-.056,-.092,.995,-.05,.052,.055,.997);
			es = "Linear";
			ed = "In";
		};
	};
	{
		tm = .8;
		["Torso"] = {
			tm = .0329;
			cf = cfr(.237,.028,.767,.999,.042,.021,-.043,.999,.034,-.02,-.035,.999);
			es = "Linear";
			ed = "In";
		};
		["Head"] = {
			tm = .0329;
			cf = cfr(0,0,.017,.998,-.053,.021,.056,.966,-.252,-.007,.252,.968);
			es = "Linear";
			ed = "In";
		};
		["Left Arm"] = {
			tm = .0329;
			cf = cfr(-.066,-.23,.197,.707,.137,-.694,-.115,.99,.079,.698,.024,.716);
			es = "Linear";
			ed = "In";
		};
		["Right Arm"] = {
			tm = .0329;
			cf = cfr(.034,-.297,.022,.879,.055,.473,-.135,.981,.137,-.456,-.185,.87);
			es = "Linear";
			ed = "In";
		};
		["Left Leg"] = {
			tm = .0329;
			cf = cfr(-.163,.091,.006,.981,-.115,.155,.108,.993,.054,-.16,-.036,.986);
			es = "Linear";
			ed = "In";
		};
		["Right Leg"] = {
			tm = .0329;
			cf = cfr(.174,.008,.054,.997,.08,-.022,-.081,.996,-.047,.019,.048,.999);
			es = "Linear";
			ed = "In";
		};
	};
	{
		tm = .833;
		["Torso"] = {
			tm = .0340;
			cf = cfr(.225,.013,.711,.996,.085,.012,-.086,.996,.016,-.011,-.017,1);
			es = "Linear";
			ed = "In";
		};
		["Head"] = {
			tm = .0340;
			cf = cfr(0,0,.017,.995,-.091,.041,.098,.965,-.245,-.017,.248,.969);
			es = "Linear";
			ed = "In";
		};
		["Left Arm"] = {
			tm = .0340;
			cf = cfr(-.12,-.216,.28,.598,.172,-.783,-.167,.982,.089,.784,.078,.616);
			es = "Linear";
			ed = "In";
		};
		["Right Arm"] = {
			tm = .0340;
			cf = cfr(-.039,-.323,.049,.829,-.083,.554,-.048,.975,.218,-.558,-.207,.804);
			es = "Linear";
			ed = "In";
		};
		["Left Leg"] = {
			tm = .0340;
			cf = cfr(-.084,.086,-.03,.981,-.083,.178,.074,.996,.055,-.182,-.041,.983);
			es = "Linear";
			ed = "In";
		};
		["Right Leg"] = {
			tm = .0340;
			cf = cfr(.193,.008,.063,.998,.055,.017,-.054,.997,-.046,-.019,.045,.999);
			es = "Linear";
			ed = "In";
		};
	};
	{
		tm = .867;
		["Torso"] = {
			tm = .0330;
			cf = cfr(.206,-.014,.566,.987,.16,0,-.16,.987,-.017,-.002,.016,1);
			es = "Linear";
			ed = "In";
		};
		["Head"] = {
			tm = .0330;
			cf = cfr(0,0,.017,.984,-.166,.064,.176,.96,-.218,-.025,.225,.974);
			es = "Linear";
			ed = "In";
		};
		["Left Arm"] = {
			tm = .0330;
			cf = cfr(-.158,-.21,.348,.475,.251,-.844,-.261,.956,.137,.84,.155,.519);
			es = "Linear";
			ed = "In";
		};
		["Right Arm"] = {
			tm = .0330;
			cf = cfr(-.123,-.332,.107,.716,-.411,.564,.158,.882,.443,-.68,-.229,.697);
			es = "Linear";
			ed = "In";
		};
		["Left Leg"] = {
			tm = .0330;
			cf = cfr(.02,.077,-.074,.971,-.041,.235,.028,.998,.06,-.237,-.052,.97);
			es = "Linear";
			ed = "In";
		};
		["Right Leg"] = {
			tm = .0330;
			cf = cfr(.216,.005,.084,.997,.007,.076,-.003,.999,-.054,-.076,.053,.996);
			es = "Linear";
			ed = "In";
		};
	};
	{
		tm = .9;
		["Torso"] = {
			tm = .0330;
			cf = cfr(.179,-.047,.365,.968,.251,-.017,-.251,.966,-.057,.002,.059,.998);
			es = "Linear";
			ed = "In";
		};
		["Head"] = {
			tm = .0330;
			cf = cfr(0,0,.017,.961,-.265,.083,.276,.945,-.177,-.031,.193,.981);
			es = "Linear";
			ed = "In";
		};
		["Left Arm"] = {
			tm = .0330;
			cf = cfr(-.169,-.211,.379,.332,.387,-.86,-.408,.881,.238,.85,.272,.451);
			es = "Linear";
			ed = "In";
		};
		["Right Arm"] = {
			tm = .0330;
			cf = cfr(-.192,-.35,.168,.5,-.757,.421,.343,.619,.706,-.795,-.209,.57);
			es = "Linear";
			ed = "In";
		};
		["Left Leg"] = {
			tm = .0330;
			cf = cfr(.132,.065,-.124,.95,.004,.311,-.026,.998,.065,-.31,-.07,.948);
			es = "Linear";
			ed = "In";
		};
		["Right Leg"] = {
			tm = .0330;
			cf = cfr(.228,-.001,.108,.989,-.058,.138,.068,.995,-.066,-.133,.075,.988);
			es = "Linear";
			ed = "In";
		};
	};
	{
		tm = .933;
		["Torso"] = {
			tm = .0339;
			cf = cfr(.148,-.081,.144,.939,.342,-.036,-.344,.934,-.097,.001,.104,.995);
			es = "Linear";
			ed = "In";
		};
		["Head"] = {
			tm = .0339;
			cf = cfr(0,0,.017,.924,-.37,.095,.38,.915,-.131,-.038,.157,.987);
			es = "Linear";
			ed = "In";
		};
		["Left Arm"] = {
			tm = .0339;
			cf = cfr(-.147,-.267,.376,.115,.58,-.807,-.607,.684,.405,.786,.443,.431);
			es = "Linear";
			ed = "In";
		};
		["Right Arm"] = {
			tm = .0339;
			cf = cfr(-.221,-.396,.197,.265,-.949,.168,.405,.268,.874,-.875,-.164,.456);
			es = "Linear";
			ed = "In";
		};
		["Left Leg"] = {
			tm = .0339;
			cf = cfr(.235,.052,-.172,.92,.046,.39,-.078,.995,.068,-.385,-.093,.918);
			es = "Linear";
			ed = "In";
		};
		["Right Leg"] = {
			tm = .0339;
			cf = cfr(.217,-.01,.131,.974,-.136,.183,.153,.985,-.082,-.169,.108,.98);
			es = "Linear";
			ed = "In";
		};
	};
	{
		tm = .967;
		["Torso"] = {
			tm = .0330;
			cf = cfr(.118,-.109,-.059,.906,.42,-.056,-.424,.896,-.131,-.005,.143,.99);
			es = "Linear";
			ed = "In";
		};
		["Head"] = {
			tm = .0330;
			cf = cfr(0,0,.017,.881,-.462,.1,.471,.878,-.09,-.046,.126,.991);
			es = "Linear";
			ed = "In";
		};
		["Left Arm"] = {
			tm = .0330;
			cf = cfr(-.104,-.386,.358,-.167,.719,-.675,-.748,.353,.562,.642,.599,.479);
			es = "Linear";
			ed = "In";
		};
		["Right Arm"] = {
			tm = .0330;
			cf = cfr(-.22,-.482,.196,.143,-.983,-.115,.403,-.048,.914,-.904,-.177,.389);
			es = "Linear";
			ed = "In";
		};
		["Left Leg"] = {
			tm = .0330;
			cf = cfr(.16,.067,-.134,.888,-.007,.46,-.029,.997,.07,-.459,-.075,.885);
			es = "Linear";
			ed = "In";
		};
		["Right Leg"] = {
			tm = .0330;
			cf = cfr(.165,-.022,.149,.956,-.22,.195,.243,.964,-.103,-.165,.146,.975);
			es = "Linear";
			ed = "In";
		};
	};
	{
		tm = 1;
		["Torso"] = {
			tm = .0329;
			cf = cfr(.096,-.129,-.209,.878,.474,-.072,-.479,.864,-.155,-.011,.171,.985);
			es = "Linear";
			ed = "In";
		};
		["Head"] = {
			tm = .0329;
			cf = cfr(0,0,.017,.844,-.526,.101,.533,.844,-.06,-.054,.104,.993);
			es = "Linear";
			ed = "In";
		};
		["Left Arm"] = {
			tm = .0329;
			cf = cfr(-.057,-.503,.327,-.39,.75,-.534,-.783,.036,.621,.485,.66,.574);
			es = "Linear";
			ed = "In";
		};
		["Right Arm"] = {
			tm = .0329;
			cf = cfr(-.217,-.575,.193,.126,-.918,-.377,.438,-.289,.851,-.89,-.273,.366);
			es = "Linear";
			ed = "In";
		};
		["Left Leg"] = {
			tm = .0329;
			cf = cfr(-.133,.18,.043,.842,-.177,.51,.164,.984,.072,-.515,.023,.857);
			es = "Linear";
			ed = "In";
		};
		["Right Leg"] = {
			tm = .0329;
			cf = cfr(.268,.041,.135,.969,-.192,.154,.213,.968,-.132,-.124,.16,.979);
			es = "Linear";
			ed = "In";
		};
	};
	{
		tm = 1.033;
		["Torso"] = {
			tm = .0340;
			cf = cfr(.087,-.136,-.267,.866,.493,-.079,-.499,.851,-.164,-.014,.181,.983);
			es = "Linear";
			ed = "In";
		};
		["Head"] = {
			tm = .0340;
			cf = cfr(0,0,.017,.829,-.55,.101,.557,.829,-.049,-.057,.096,.994);
			es = "Linear";
			ed = "In";
		};
		["Left Arm"] = {
			tm = .0340;
			cf = cfr(-.017,-.557,.288,-.459,.758,-.464,-.8,-.127,.586,.385,.64,.665);
			es = "Linear";
			ed = "In";
		};
		["Right Arm"] = {
			tm = .0340;
			cf = cfr(-.212,-.619,.189,.151,-.82,-.553,.532,-.404,.744,-.833,-.406,.375);
			es = "Linear";
			ed = "In";
		};
		["Left Leg"] = {
			tm = .0340;
			cf = cfr(-.239,.216,.169,.801,-.229,.553,.224,.972,.078,-.555,.061,.83);
			es = "Linear";
			ed = "In";
		};
		["Right Leg"] = {
			tm = .0340;
			cf = cfr(.31,.12,.091,.988,-.149,.039,.153,.979,-.135,-.018,.14,.99);
			es = "Linear";
			ed = "In";
		};
	};
	{
		tm = 1.067;
		["Torso"] = {
			tm = .0330;
			cf = cfr(.126,-.099,-.204,.888,.459,-.031,-.459,.88,-.12,-.028,.121,.992);
			es = "Linear";
			ed = "In";
		};
		["Head"] = {
			tm = .0330;
			cf = cfr(0,0,.017,.854,-.516,.067,.52,.85,-.083,-.014,.105,.994);
			es = "Linear";
			ed = "In";
		};
		["Left Arm"] = {
			tm = .0330;
			cf = cfr(.006,-.541,.249,-.369,.793,-.485,-.878,-.127,.461,.304,.596,.743);
			es = "Linear";
			ed = "In";
		};
		["Right Arm"] = {
			tm = .0330;
			cf = cfr(-.194,-.593,.176,.25,-.757,-.604,.647,-.334,.686,-.72,-.562,.406);
			es = "Linear";
			ed = "In";
		};
		["Left Leg"] = {
			tm = .0330;
			cf = cfr(-.148,.232,.157,.805,-.178,.566,.119,.983,.139,-.581,-.045,.813);
			es = "Linear";
			ed = "In";
		};
		["Right Leg"] = {
			tm = .0330;
			cf = cfr(.145,.013,.088,.98,-.12,-.161,.092,.981,-.17,.178,.152,.972);
			es = "Linear";
			ed = "In";
		};
	};
	{
		tm = 1.1;
		["Torso"] = {
			tm = .0329;
			cf = cfr(.198,-.024,-.096,.928,.369,.057,-.367,.93,-.033,-.065,.01,.998);
			es = "Linear";
			ed = "In";
		};
		["Head"] = {
			tm = .0329;
			cf = cfr(0,0,.017,.907,-.422,-.001,.418,.9,-.125,.053,.113,.992);
			es = "Linear";
			ed = "In";
		};
		["Left Arm"] = {
			tm = .0329;
			cf = cfr(.016,-.497,.212,-.162,.823,-.545,-.97,-.032,.241,.181,.568,.803);
			es = "Linear";
			ed = "In";
		};
		["Right Arm"] = {
			tm = .0329;
			cf = cfr(-.152,-.529,.153,.462,-.692,-.554,.712,-.082,.697,-.528,-.717,.455);
			es = "Linear";
			ed = "In";
		};
		["Left Leg"] = {
			tm = .0329;
			cf = cfr(-.088,.321,.125,.833,-.124,.539,-.005,.973,.232,-.553,-.196,.81);
			es = "Linear";
			ed = "In";
		};
		["Right Leg"] = {
			tm = .0329;
			cf = cfr(-.321,-.149,-.031,.902,-.168,-.398,.095,.976,-.196,.422,.139,.896);
			es = "Linear";
			ed = "In";
		};
	};
	{
		tm = 1.133;
		["Torso"] = {
			tm = .0340;
			cf = cfr(.241,.021,-.044,.958,.265,.108,-.268,.963,.019,-.099,-.047,.994);
			es = "Linear";
			ed = "In";
		};
		["Head"] = {
			tm = .0340;
			cf = cfr(0,0,.017,.956,-.289,-.042,.284,.954,-.094,.068,.078,.995);
			es = "Linear";
			ed = "In";
		};
		["Left Arm"] = {
			tm = .0340;
			cf = cfr(.017,-.44,.18,.118,.813,-.57,-.992,.118,-.038,.037,.57,.821);
			es = "Linear";
			ed = "In";
		};
		["Right Arm"] = {
			tm = .0340;
			cf = cfr(-.096,-.444,.126,.71,-.552,-.437,.647,.268,.714,-.277,-.789,.548);
			es = "Linear";
			ed = "In";
		};
		["Left Leg"] = {
			tm = .0340;
			cf = cfr(-.064,.313,.072,.86,-.032,.51,-.142,.944,.298,-.491,-.328,.807);
			es = "Linear";
			ed = "In";
		};
		["Right Leg"] = {
			tm = .0340;
			cf = cfr(-.24,-.014,-.016,.819,-.025,-.574,-.065,.989,-.136,.571,.149,.808);
			es = "Linear";
			ed = "In";
		};
	};
	{
		tm = 1.167;
		["Torso"] = {
			tm = .0329;
			cf = cfr(.291,.011,-.125,.974,.194,.117,-.197,.98,.015,-.112,-.038,.993);
			es = "Linear";
			ed = "In";
		};
		["Head"] = {
			tm = .0329;
			cf = cfr(0,0,.017,.988,-.152,-.029,.152,.988,-.008,.03,.003,1);
			es = "Linear";
			ed = "In";
		};
		["Left Arm"] = {
			tm = .0329;
			cf = cfr(.016,-.384,.156,.383,.756,-.531,-.92,.26,-.294,-.084,.601,.795);
			es = "Linear";
			ed = "In";
		};
		["Right Arm"] = {
			tm = .0329;
			cf = cfr(-.038,-.361,.104,.888,-.342,-.308,.457,.578,.676,-.053,-.741,.669);
			es = "Linear";
			ed = "In";
		};
		["Left Leg"] = {
			tm = .0329;
			cf = cfr(.004,.247,-.025,.853,.119,.508,-.311,.898,.313,-.418,-.424,.803);
			es = "Linear";
			ed = "In";
		};
		["Right Leg"] = {
			tm = .0329;
			cf = cfr(-.196,.072,-.018,.742,-.038,-.669,-.012,.997,-.07,.67,.06,.74);
			es = "Linear";
			ed = "In";
		};
	};
	{
		tm = 1.2;
		["Torso"] = {
			tm = .0330;
			cf = cfr(.386,-.014,-.301,.981,.153,.121,-.155,.988,.002,-.12,-.021,.993);
			es = "Linear";
			ed = "In";
		};
		["Head"] = {
			tm = .0330;
			cf = cfr(0,0,.017,.999,-.036,.006,.036,.997,.064,-.008,-.064,.998);
			es = "Linear";
			ed = "In";
		};
		["Left Arm"] = {
			tm = .0330;
			cf = cfr(.021,-.341,.141,.557,.689,-.465,-.816,.349,-.461,-.155,.636,.756);
			es = "Linear";
			ed = "In";
		};
		["Right Arm"] = {
			tm = .0330;
			cf = cfr(.007,-.298,.089,.962,-.157,-.221,.26,.763,.591,.076,-.627,.775);
			es = "Linear";
			ed = "In";
		};
		["Left Leg"] = {
			tm = .0330;
			cf = cfr(-.283,.381,.062,.863,.049,.502,-.223,.93,.294,-.453,-.365,.813);
			es = "Linear";
			ed = "In";
		};
		["Right Leg"] = {
			tm = .0330;
			cf = cfr(.005,.085,.147,.698,-.002,-.716,.008,1,.004,.716,-.008,.698);
			es = "Linear";
			ed = "In";
		};
	};
	{
		tm = 1.233;
		["Torso"] = {
			tm = .0339;
			cf = cfr(.478,-.04,-.477,.984,.132,.123,-.132,.991,-.012,-.123,-.005,.992);
			es = "Linear";
			ed = "In";
		};
		["Head"] = {
			tm = .0339;
			cf = cfr(0,0,.017,.998,.045,.041,-.05,.993,.11,-.036,-.112,.993);
			es = "Linear";
			ed = "In";
		};
		["Left Arm"] = {
			tm = .0339;
			cf = cfr(.043,-.324,.136,.617,.658,-.432,-.767,.379,-.518,-.177,.651,.738);
			es = "Linear";
			ed = "In";
		};
		["Right Arm"] = {
			tm = .0339;
			cf = cfr(.026,-.272,.085,.978,-.087,-.192,.174,.848,.501,.119,-.523,.844);
			es = "Linear";
			ed = "In";
		};
		["Left Leg"] = {
			tm = .0339;
			cf = cfr(-.579,.6,.131,.89,-.065,.452,-.068,.96,.273,-.451,-.274,.849);
			es = "Linear";
			ed = "In";
		};
		["Right Leg"] = {
			tm = .0339;
			cf = cfr(.193,.263,.238,.677,.035,-.735,.06,.993,.103,.733,-.113,.67);
			es = "Linear";
			ed = "In";
		};
	};
	{
		tm = 1.267;
		["Torso"] = {
			tm = .0330;
			cf = cfr(.52,-.051,-.557,.985,.119,.122,-.118,.993,-.018,-.124,.003,.992);
			es = "Linear";
			ed = "In";
		};
		["Head"] = {
			tm = .0330;
			cf = cfr(0,0,.017,.995,.083,.058,-.09,.988,.126,-.047,-.13,.99);
			es = "Linear";
			ed = "In";
		};
		["Left Arm"] = {
			tm = .0330;
			cf = cfr(.094,-.33,.138,.601,.67,-.435,-.785,.393,-.479,-.15,.63,.762);
			es = "Linear";
			ed = "In";
		};
		["Right Arm"] = {
			tm = .0330;
			cf = cfr(.018,-.324,.097,.986,-.159,-.045,.163,.883,.44,-.03,-.441,.897);
			es = "Linear";
			ed = "In";
		};
		["Left Leg"] = {
			tm = .0330;
			cf = cfr(-.722,.68,.086,.93,-.101,.354,-.007,.956,.293,-.369,-.275,.888);
			es = "Linear";
			ed = "In";
		};
		["Right Leg"] = {
			tm = .0330;
			cf = cfr(.174,.322,.148,.671,.005,-.742,.165,.974,.156,.723,-.227,.652);
			es = "Linear";
			ed = "In";
		};
	};
	{
		tm = 1.3;
		["Torso"] = {
			tm = .0329;
			cf = cfr(.489,-.042,-.471,.988,.104,.116,-.103,.995,-.012,-.117,0,.993);
			es = "Linear";
			ed = "In";
		};
		["Head"] = {
			tm = .0329;
			cf = cfr(0,0,.017,.996,.077,.041,-.082,.99,.115,-.031,-.118,.993);
			es = "Linear";
			ed = "In";
		};
		["Left Arm"] = {
			tm = .0329;
			cf = cfr(.17,-.345,.149,.557,.702,-.443,-.827,.424,-.368,-.07,.572,.817);
			es = "Linear";
			ed = "In";
		};
		["Right Arm"] = {
			tm = .0329;
			cf = cfr(.003,-.439,.125,.912,-.304,.274,.172,.893,.417,-.371,-.333,.867);
			es = "Linear";
			ed = "In";
		};
		["Left Leg"] = {
			tm = .0329;
			cf = cfr(-.725,.584,.027,.967,-.068,.247,-.017,.945,.326,-.256,-.319,.912);
			es = "Linear";
			ed = "In";
		};
		["Right Leg"] = {
			tm = .0329;
			cf = cfr(.16,.265,.237,.686,.031,-.727,.077,.99,.116,.724,-.136,.676);
			es = "Linear";
			ed = "In";
		};
	};
	{
		tm = 1.333;
		["Torso"] = {
			tm = .0340;
			cf = cfr(.419,-.022,-.282,.991,.084,.101,-.084,.996,-.002,-.101,-.007,.995);
			es = "Linear";
			ed = "In";
		};
		["Head"] = {
			tm = .0340;
			cf = cfr(0,0,.017,.999,.046,.002,-.046,.996,.079,.001,-.079,.997);
			es = "Linear";
			ed = "In";
		};
		["Left Arm"] = {
			tm = .0340;
			cf = cfr(.25,-.365,.17,.489,.747,-.451,-.87,.452,-.194,.059,.487,.871);
			es = "Linear";
			ed = "In";
		};
		["Right Arm"] = {
			tm = .0340;
			cf = cfr(-.013,-.557,.16,.705,-.46,.54,.228,.868,.441,-.672,-.188,.717);
			es = "Linear";
			ed = "In";
		};
		["Left Leg"] = {
			tm = .0340;
			cf = cfr(-.453,.357,.011,.978,.098,.184,-.155,.932,.328,-.139,-.35,.926);
			es = "Linear";
			ed = "In";
		};
		["Right Leg"] = {
			tm = .0340;
			cf = cfr(.135,.088,.341,.735,.079,-.674,-.075,.997,.035,.674,.025,.738);
			es = "Linear";
			ed = "In";
		};
	};
	{
		tm = 1.367;
		["Torso"] = {
			tm = .0329;
			cf = cfr(.346,-.001,-.093,.995,.058,.081,-.058,.998,.009,-.08,-.014,.997);
			es = "Linear";
			ed = "In";
		};
		["Head"] = {
			tm = .0329;
			cf = cfr(0,0,.017,.999,.008,-.031,-.007,1,.012,.031,-.012,.999);
			es = "Linear";
			ed = "In";
		};
		["Left Arm"] = {
			tm = .0329;
			cf = cfr(.314,-.386,.205,.402,.796,-.453,-.888,.46,.022,.226,.393,.891);
			es = "Linear";
			ed = "In";
		};
		["Right Arm"] = {
			tm = .0329;
			cf = cfr(-.023,-.613,.19,.495,-.625,.604,.347,.779,.522,-.796,-.049,.603);
			es = "Linear";
			ed = "In";
		};
		["Left Leg"] = {
			tm = .0329;
			cf = cfr(-.129,.206,0,.954,.256,.158,-.294,.906,.304,-.065,-.336,.94);
			es = "Linear";
			ed = "In";
		};
		["Right Leg"] = {
			tm = .0329;
			cf = cfr(-.171,-.097,.172,.797,-.016,-.603,-.022,.998,-.056,.603,.058,.796);
			es = "Linear";
			ed = "In";
		};
	};
	{
		tm = 1.4;
		["Torso"] = {
			tm = .0330;
			cf = cfr(.303,.009,-.007,.998,.024,.061,-.025,1,.015,-.061,-.016,.998);
			es = "Linear";
			ed = "In";
		};
		["Head"] = {
			tm = .0330;
			cf = cfr(0,0,.017,.999,-.016,-.036,.013,.996,-.09,.038,.09,.995);
			es = "Linear";
			ed = "In";
		};
		["Left Arm"] = {
			tm = .0330;
			cf = cfr(.34,-.403,.257,.302,.839,-.452,-.863,.442,.244,.405,.316,.858);
			es = "Linear";
			ed = "In";
		};
		["Right Arm"] = {
			tm = .0330;
			cf = cfr(.013,-.581,.209,.295,-.827,.478,.49,.561,.668,-.82,.037,.571);
			es = "Linear";
			ed = "In";
		};
		["Left Leg"] = {
			tm = .0330;
			cf = cfr(-.144,.189,.008,.964,.234,.126,-.26,.928,.268,-.055,-.291,.955);
			es = "Linear";
			ed = "In";
		};
		["Right Leg"] = {
			tm = .0330;
			cf = cfr(-.297,-.072,.124,.835,-.03,-.55,-.038,.993,-.112,.549,.114,.828);
			es = "Linear";
			ed = "In";
		};
	};
	{
		tm = 1.433;
		["Torso"] = {
			tm = .0340;
			cf = cfr(.29,-.025,-.039,.999,-.017,.045,.018,.999,-.026,-.045,.027,.999);
			es = "Linear";
			ed = "In";
		};
		["Head"] = {
			tm = .0340;
			cf = cfr(0,0,.017,1,-.01,-.025,.005,.982,-.187,.027,.187,.982);
			es = "Linear";
			ed = "In";
		};
		["Left Arm"] = {
			tm = .0340;
			cf = cfr(.336,-.414,.327,.169,.876,-.452,-.803,.388,.453,.572,.287,.768);
			es = "Linear";
			ed = "In";
		};
		["Right Arm"] = {
			tm = .0340;
			cf = cfr(.111,-.497,.22,.048,-.975,.218,.545,.208,.812,-.837,.079,.541);
			es = "Linear";
			ed = "In";
		};
		["Left Leg"] = {
			tm = .0340;
			cf = cfr(-.242,.191,.019,.972,.214,.097,-.231,.947,.224,-.043,-.24,.97);
			es = "Linear";
			ed = "In";
		};
		["Right Leg"] = {
			tm = .0340;
			cf = cfr(-.295,-.044,.11,.836,-.045,-.546,-.034,.99,-.134,.547,.13,.827);
			es = "Linear";
			ed = "In";
		};
	};
	{
		tm = 1.467;
		["Torso"] = {
			tm = .0329;
			cf = cfr(.282,-.101,-.117,.998,-.06,.035,.063,.991,-.118,-.027,.12,.992);
			es = "Linear";
			ed = "In";
		};
		["Head"] = {
			tm = .0329;
			cf = cfr(0,0,.017,1,.017,-.023,-.022,.969,-.244,.018,.245,.969);
			es = "Linear";
			ed = "In";
		};
		["Left Arm"] = {
			tm = .0329;
			cf = cfr(.321,-.423,.405,-.006,.9,-.436,-.707,.305,.638,.707,.312,.635);
			es = "Linear";
			ed = "In";
		};
		["Right Arm"] = {
			tm = .0329;
			cf = cfr(.233,-.395,.226,-.164,-.982,-.096,.499,-.167,.85,-.851,.092,.517);
			es = "Linear";
			ed = "In";
		};
		["Left Leg"] = {
