-- // converted using mech's animoduler
local cfr = CFrame.new

return {
	{
		tm = 0;
		["Torso"] = {
			tm = .033;
			cf = cfr(0,0,0,.977,.174,-.119,-.211,.819,-.533,.005,.546,.838);
			es = "Linear";
			ed = "In";
		};
		["Left Leg"] = {
			tm = .033;
			cf = cfr(-1.065,.693,.274,.908,-.344,.239,.362,.932,-.032,-.212,.115,.97);
			es = "Linear";
			ed = "In";
		};
		["Right Arm"] = {
			tm = .033;
			cf = cfr(-.449,-.292,.116,-.388,-.809,-.441,.919,-.305,-.248,.066,-.502,.862);
			es = "Linear";
			ed = "In";
		};
		["Head"] = {
			tm = .033;
			cf = cfr(0,0,0,.986,-.166,0,.149,.886,.44,-.073,-.434,.898);
			es = "Linear";
			ed = "In";
		};
		["Right Leg"] = {
			tm = .033;
			cf = cfr(0,0,0,1,0,0,0,.976,.216,0,-.216,.976);
			es = "Linear";
			ed = "In";
		};
		["Left Arm"] = {
			tm = .033;
			cf = cfr(-.532,-.323,.017,-.197,.538,-.819,-.921,-.387,-.033,-.335,.748,.572);
			es = "Linear";
			ed = "In";
		};
		["jump"] = "";
	};
	{
		tm = .033;
		["Torso"] = {
			tm = .134;
			cf = cfr(0,0,0,.935,.277,-.22,-.354,.713,-.605,-.011,.644,.765);
			es = "Linear";
			ed = "In";
		};
		["Left Leg"] = {
			tm = .134;
			cf = cfr(-1.006,.912,.308,.97,.049,.239,-.043,.999,-.032,-.24,.02,.97);
			es = "Linear";
			ed = "In";
		};
		["Right Arm"] = {
			tm = .134;
			cf = cfr(-.526,-.354,-.145,-.487,-.624,-.611,.873,-.324,-.364,.03,-.711,.703);
			es = "Linear";
			ed = "In";
		};
		["Head"] = {
			tm = .134;
			cf = cfr(0,0,0,.94,-.341,0,.307,.844,.44,-.15,-.413,.898);
			es = "Linear";
			ed = "In";
		};
		["Right Leg"] = {
			tm = .134;
			cf = cfr(0,0,0,.967,.253,0,-.247,.945,.216,.055,-.209,.976);
			es = "Linear";
			ed = "In";
		};
		["Left Arm"] = {
			tm = .134;
			cf = cfr(-.321,-.072,.014,-.022,.466,-.884,-.98,-.183,-.072,-.196,.865,.461);
			es = "Linear";
			ed = "In";
		};
	};
	{
		tm = .167;
		["Torso"] = {
			tm = .1159;
			cf = cfr(0,0,0,.896,.375,-.238,-.431,.606,-.669,-.106,.702,.705);
			es = "Linear";
			ed = "In";
		};
		["Left Leg"] = {
			tm = .1159;
			cf = cfr(-.823,.871,.221,.866,.221,.448,-.271,.961,.05,-.419,-.165,.893);
			es = "Linear";
			ed = "In";
		};
		["Right Arm"] = {
			tm = .1159;
			cf = cfr(-.653,-.259,-.251,-.432,-.582,-.689,.893,-.166,-.419,.13,-.796,.591);
			es = "Linear";
			ed = "In";
		};
		["Head"] = {
			tm = .1159;
			cf = cfr(0,0,0,.883,-.466,-.045,.421,.747,.514,-.206,-.474,.856);
			es = "Linear";
			ed = "In";
		};
		["Right Leg"] = {
			tm = .1159;
			cf = cfr(0,0,0,.935,.35,.055,-.346,.868,.356,.077,-.352,.933);
			es = "Linear";
			ed = "In";
		};
		["Left Arm"] = {
			tm = .1159;
			cf = cfr(-.214,.036,-.003,-.113,.484,-.868,-.994,-.06,.096,-.006,.873,.488);
			es = "Linear";
			ed = "In";
		};
	};
	{
		tm = .283;
		["Torso"] = {
			tm = .0500;
			cf = cfr(0,0,-.053,.882,.415,-.223,-.446,.582,-.68,-.152,.699,.699);
			es = "Linear";
			ed = "In";
		};
		["Left Leg"] = {
			tm = .0500;
			cf = cfr(-.732,.783,.236,.834,.322,.448,-.383,.922,.05,-.397,-.213,.893);
			es = "Linear";
			ed = "In";
		};
		["Right Arm"] = {
			tm = .0500;
			cf = cfr(-.654,-.258,-.252,-.505,-.529,-.682,.853,-.186,-.488,.131,-.828,.545);
			es = "Linear";
			ed = "In";
		};
		["Head"] = {
			tm = .0500;
			cf = cfr(0,0,0,.866,-.489,-.104,.465,.713,.525,-.182,-.503,.845);
			es = "Linear";
			ed = "In";
		};
		["Right Leg"] = {
			tm = .0500;
			cf = cfr(.12,-.12,-.026,.902,.407,.142,-.431,.839,.331,.016,-.36,.933);
			es = "Linear";
			ed = "In";
		};
		["Left Arm"] = {
			tm = .0500;
			cf = cfr(-.214,.036,-.003,-.184,.496,-.848,-.977,0,.212,.105,.868,.485);
			es = "Linear";
			ed = "In";
		};
		["freeze"] = "";
	};
	{
		tm = .333;
		["Torso"] = {
			tm = .0090;
			cf = cfr(0,0,-.053,.882,.415,-.223,-.446,.582,-.68,-.152,.699,.699);
			es = "Linear";
			ed = "In";
		};
		["Left Leg"] = {
			tm = .0090;
			cf = cfr(-.732,.783,.236,.834,.322,.448,-.383,.922,.05,-.397,-.213,.893);
			es = "Linear";
			ed = "In";
		};
		["Right Arm"] = {
			tm = .0090;
			cf = cfr(-.654,-.258,-.252,-.505,-.529,-.682,.853,-.186,-.488,.131,-.828,.545);
			es = "Linear";
			ed = "In";
		};
		["Head"] = {
			tm = .0090;
			cf = cfr(0,0,0,.866,-.489,-.104,.465,.713,.525,-.182,-.503,.845);
			es = "Linear";
			ed = "In";
		};
		["Right Leg"] = {
			tm = .0090;
			cf = cfr(.12,-.12,-.026,.902,.407,.142,-.431,.839,.331,.016,-.36,.933);
			es = "Linear";
			ed = "In";
		};
		["Left Arm"] = {
			tm = .0090;
			cf = cfr(-.214,.036,-.003,-.184,.496,-.848,-.977,0,.212,.105,.868,.485);
			es = "Linear";
			ed = "In";
		};
		["land"] = "";
	};
	{
		tm = .342;
		["Torso"] = {
			tm = .0079;
			cf = cfr(0,0,-.053,.901,.372,-.221,-.422,.641,-.641,-.097,.671,.735);
			es = "Linear";
			ed = "In";
		};
		["Left Leg"] = {
			tm = .0079;
			cf = cfr(-.528,.512,.194,.834,.359,.419,-.383,.923,-.028,-.397,-.137,.908);
			es = "Linear";
			ed = "In";
		};
		["Right Arm"] = {
			tm = .0079;
			cf = cfr(-.556,-.209,-.19,-.505,-.607,-.614,.853,-.243,-.462,.131,-.757,.64);
			es = "Linear";
			ed = "In";
		};
		["Head"] = {
			tm = .0079;
			cf = cfr(0,0,0,.871,-.488,-.055,.448,.743,.498,-.202,-.458,.866);
			es = "Linear";
			ed = "In";
		};
		["Right Leg"] = {
			tm = .0079;
			cf = cfr(.532,.181,-.03,.902,.418,.106,-.431,.865,.258,.016,-.279,.96);
			es = "Linear";
			ed = "In";
		};
		["Left Arm"] = {
			tm = .0079;
			cf = cfr(-.256,-.065,-.007,-.108,.598,-.794,-.991,-.125,.041,-.075,.792,.606);
			es = "Linear";
			ed = "In";
		};
	};
	{
		tm = .35;
		["Torso"] = {
			tm = .0080;
			cf = cfr(0,0,-.053,.915,.336,-.221,-.399,.686,-.608,-.052,.645,.762);
			es = "Linear";
			ed = "In";
		};
		["Left Leg"] = {
			tm = .0080;
			cf = cfr(-.361,.29,.159,.834,.387,.393,-.383,.919,-.092,-.397,-.073,.915);
			es = "Linear";
			ed = "In";
		};
		["Right Arm"] = {
			tm = .0080;
			cf = cfr(-.475,-.169,-.139,-.505,-.664,-.551,.853,-.287,-.436,.131,-.69,.711);
			es = "Linear";
			ed = "In";
		};
		["Head"] = {
			tm = .0080;
			cf = cfr(0,0,0,.874,-.486,-.015,.434,.766,.474,-.219,-.421,.88);
			es = "Linear";
			ed = "In";
		};
		["Right Leg"] = {
			tm = .0080;
			cf = cfr(.87,.428,-.033,.902,.424,.077,-.431,.881,.197,.016,-.211,.977);
			es = "Linear";
			ed = "In";
		};
		["Left Arm"] = {
			tm = .0080;
			cf = cfr(-.291,-.147,-.011,-.062,.679,-.732,-.972,-.208,-.111,-.227,.704,.673);
			es = "Linear";
			ed = "In";
		};
	};
	{
		tm = .358;
		["Torso"] = {
			tm = .0090;
			cf = cfr(0,0,-.053,.925,.308,-.223,-.379,.72,-.581,-.019,.622,.783);
			es = "Linear";
			ed = "In";
		};
		["Left Leg"] = {
			tm = .0090;
			cf = cfr(-.231,.117,.132,.834,.407,.371,-.383,.913,-.142,-.397,-.024,.918);
			es = "Linear";
			ed = "In";
		};
		["Right Arm"] = {
			tm = .0090;
			cf = cfr(-.413,-.138,-.099,-.505,-.704,-.499,.853,-.319,-.413,.131,-.634,.762);
			es = "Linear";
			ed = "In";
		};
		["Head"] = {
			tm = .0090;
			cf = cfr(0,0,0,.876,-.483,.017,.423,.783,.455,-.233,-.391,.89);
			es = "Linear";
			ed = "In";
		};
		["Right Leg"] = {
			tm = .0090;
			cf = cfr(1.132,.619,-.035,.902,.428,.054,-.431,.89,.149,.016,-.157,.987);
			es = "Linear";
			ed = "In";
		};
		["Left Arm"] = {
			tm = .0090;
			cf = cfr(-.318,-.211,-.014,-.037,.739,-.673,-.938,-.258,-.231,-.345,.622,.703);
			es = "Linear";
			ed = "In";
		};
	};
	{
		tm = .367;
		["Torso"] = {
			tm = .0080;
			cf = cfr(0,0,-.053,.931,.287,-.224,-.364,.743,-.562,.005,.605,.796);
			es = "Linear";
			ed = "In";
		};
		["Left Leg"] = {
			tm = .0080;
			cf = cfr(-.138,-.006,.113,.834,.421,.355,-.383,.907,-.177,-.397,.012,.918);
			es = "Linear";
			ed = "In";
		};
		["Right Arm"] = {
			tm = .0080;
			cf = cfr(-.368,-.116,-.071,-.505,-.73,-.46,.853,-.341,-.395,.131,-.592,.795);
			es = "Linear";
			ed = "In";
		};
		["Head"] = {
			tm = .0080;
			cf = cfr(0,0,0,.876,-.48,.039,.416,.795,.441,-.242,-.37,.897);
			es = "Linear";
			ed = "In";
		};
		["Right Leg"] = {
			tm = .0080;
			cf = cfr(1.319,.756,-.037,.902,.43,.037,-.431,.895,.114,.016,-.119,.993);
			es = "Linear";
			ed = "In";
		};
		["Left Arm"] = {
			tm = .0080;
			cf = cfr(-.337,-.257,-.016,-.026,.779,-.626,-.904,-.286,-.318,-.426,.558,.712);
			es = "Linear";
			ed = "In";
		};
		["swing"] = "";
	};
	{
		tm = .375;
		["Torso"] = {
			tm = .0080;
			cf = cfr(0,0,-.053,.935,.275,-.225,-.355,.756,-.55,.019,.594,.804);
			es = "Linear";
			ed = "In";
		};
		["Left Leg"] = {
			tm = .0080;
			cf = cfr(-.083,-.08,.101,.834,.429,.346,-.383,.903,-.198,-.397,.033,.917);
			es = "Linear";
			ed = "In";
		};
		["Right Arm"] = {
			tm = .0080;
			cf = cfr(-.341,-.103,-.054,-.505,-.745,-.436,.853,-.354,-.383,.131,-.565,.814);
			es = "Linear";
			ed = "In";
		};
		["Head"] = {
			tm = .0080;
			cf = cfr(0,0,0,.877,-.478,.052,.412,.802,.432,-.248,-.357,.9);
			es = "Linear";
			ed = "In";
		};
		["Right Leg"] = {
			tm = .0080;
			cf = cfr(1.432,.839,-.038,.902,.43,.027,-.431,.898,.093,.016,-.096,.995);
			es = "Linear";
			ed = "In";
		};
		["Left Arm"] = {
			tm = .0080;
			cf = cfr(-.348,-.285,-.017,-.022,.802,-.596,-.88,-.299,-.369,-.474,.517,.713);
			es = "Linear";
			ed = "In";
		};
	};
	{
		tm = .383;
		["Torso"] = {
			tm = .0499;
			cf = cfr(0,0,-.053,.936,.271,-.226,-.351,.761,-.546,.024,.59,.807);
			es = "Linear";
			ed = "In";
		};
		["Left Leg"] = {
			tm = .0499;
			cf = cfr(-.064,-.105,.098,.834,.432,.342,-.383,.901,-.205,-.397,.04,.917);
			es = "Linear";
			ed = "In";
		};
		["Right Arm"] = {
			tm = .0499;
			cf = cfr(-.332,-.099,-.048,-.505,-.75,-.428,.853,-.358,-.379,.131,-.556,.82);
			es = "Linear";
			ed = "In";
		};
		["Head"] = {
			tm = .0499;
			cf = cfr(0,0,0,.877,-.477,.057,.41,.805,.429,-.25,-.353,.902);
			es = "Linear";
			ed = "In";
		};
		["Right Leg"] = {
			tm = .0499;
			cf = cfr(1.469,.866,-.038,.902,.431,.023,-.431,.898,.086,.016,-.088,.996);
			es = "Linear";
			ed = "In";
		};
		["Left Arm"] = {
			tm = .0499;
			cf = cfr(-.352,-.294,-.017,-.021,.81,-.586,-.872,-.302,-.386,-.49,.503,.712);
			es = "Linear";
			ed = "In";
		};
	};
	{
		tm = .433;
		["Torso"] = {
			tm = .0840;
			cf = cfr(0,0,-.355,.53,-.669,.522,.841,.335,-.424,.109,.664,.74);
			es = "Linear";
			ed = "In";
		};
		["Left Leg"] = {
			tm = .0840;
			cf = cfr(-.237,.056,.06,.927,.35,-.135,-.24,.83,.504,.289,-.435,.853);
			es = "Linear";
			ed = "In";
		};
		["Right Arm"] = {
			tm = .0840;
			cf = cfr(.437,.663,.282,-.662,-.362,-.657,.745,-.419,-.519,-.087,-.833,.547);
			es = "Linear";
			ed = "In";
		};
		["Head"] = {
			tm = .0840;
			cf = cfr(0,0,0,.723,.688,.057,-.64,.637,.429,.259,-.346,.902);
			es = "Linear";
			ed = "In";
		};
		["Right Leg"] = {
			tm = .0840;
			cf = cfr(.367,.571,.391,.517,-.567,-.642,.334,.823,-.459,.788,.023,.615);
			es = "Linear";
			ed = "In";
		};
		["Left Arm"] = {
			tm = .0840;
			cf = cfr(.076,-.019,.058,-.048,.619,.784,-.887,.334,-.319,-.459,-.711,.533);
			es = "Linear";
			ed = "In";
		};
		["hit"] = "";
	};
	{
		tm = .517;
		["Torso"] = {
			tm = .1159;
			cf = cfr(0,0,-.355,.305,-.593,.745,.933,.028,-.36,.192,.805,.562);
			es = "Linear";
			ed = "In";
		};
		["Left Leg"] = {
			tm = .1159;
			cf = cfr(-.582,.272,.093,.765,.64,-.074,-.465,.628,.625,.446,-.443,.777);
			es = "Linear";
			ed = "In";
		};
		["Right Arm"] = {
			tm = .1159;
			cf = cfr(.5,.593,.477,-.657,-.355,-.665,.732,-.512,-.449,-.181,-.782,.596);
			es = "Linear";
			ed = "In";
		};
		["Head"] = {
			tm = .1159;
			cf = cfr(0,0,0,.502,.865,-.003,-.738,.43,.52,.451,-.259,.854);
			es = "Linear";
			ed = "In";
		};
		["Right Leg"] = {
			tm = .1159;
			cf = cfr(.242,.591,.387,.254,-.706,-.661,.289,.708,-.645,.923,-.027,.384);
			es = "Linear";
			ed = "In";
		};
		["Left Arm"] = {
			tm = .1159;
			cf = cfr(.076,-.019,.058,-.132,.536,.834,-.924,.238,-.299,-.359,-.81,.464);
			es = "Linear";
			ed = "In";
		};
	};
	{
		tm = .633;
		["Torso"] = {
			tm = .0999;
			cf = cfr(.038,-.016,-.343,.196,-.684,.702,.965,.008,-.261,.173,.729,.662);
			es = "Linear";
			ed = "In";
		};
		["Left Leg"] = {
			tm = .0999;
			cf = cfr(-.705,.3,.016,.842,.489,-.228,-.203,.68,.705,.5,-.547,.672);
			es = "Linear";
			ed = "In";
		};
		["Right Arm"] = {
			tm = .0999;
			cf = cfr(.638,.291,.435,-.414,-.672,-.615,.901,-.207,-.38,.128,-.711,.691);
			es = "Linear";
			ed = "In";
		};
		["Head"] = {
			tm = .0999;
			cf = cfr(0,0,0,.437,.9,-.003,-.768,.375,.52,.469,-.225,.854);
			es = "Linear";
			ed = "In";
		};
		["Right Leg"] = {
			tm = .0999;
			cf = cfr(.192,.539,.401,.315,-.526,-.79,.201,.85,-.487,.928,-.005,.373);
			es = "Linear";
			ed = "In";
		};
		["Left Arm"] = {
			tm = .0999;
			cf = cfr(.076,-.019,.058,-.043,.653,.756,-.873,.343,-.346,-.486,-.675,.556);
			es = "Linear";
			ed = "In";
		};
	};
	{
		tm = .733;
		["Torso"] = {
			tm = 0;
			cf = cfr(.027,-.011,-.243,.549,-.678,.489,.836,.444,-.323,.002,.586,.811);
			es = "Linear";
			ed = "In";
		};
		["Left Leg"] = {
			tm = 0;
			cf = cfr(-.498,.212,.012,.918,.338,-.207,-.19,.834,.518,.348,-.436,.83);
			es = "Linear";
			ed = "In";
		};
		["Right Arm"] = {
			tm = 0;
			cf = cfr(.56,.037,.086,.034,-.879,-.476,.977,.13,-.17,.211,-.459,.863);
			es = "Linear";
			ed = "In";
		};
		["Head"] = {
			tm = 0;
			cf = cfr(0,0,0,.7,.711,-.067,-.641,.667,.381,.315,-.223,.922);
			es = "Linear";
			ed = "In";
		};
		["Right Leg"] = {
			tm = 0;
			cf = cfr(.136,.381,.284,.632,-.387,-.671,.212,.92,-.33,.745,.066,.663);
			es = "Linear";
			ed = "In";
		};
		["Left Arm"] = {
			tm = 0;
			cf = cfr(.054,-.013,.041,.414,.64,.647,-.764,.631,-.136,-.495,-.438,.75);
			es = "Linear";
			ed = "In";
		};
	};
}
