-- // converted using mech's animoduler
local cfr = CFrame.new

return {
	{
		tm = 0;
		["Torso"] = {
			tm = .033;
			cf = cfr(0,0,-.064,.894,.447,0,-.447,.894,0,0,0,1);
			es = "Linear";
			ed = "In";
		};
		["Left Leg"] = {
			tm = .033;
			cf = cfr(-.235,.079,.031,.968,-.183,.171,.169,.981,.095,-.185,-.063,.981);
			es = "Linear";
			ed = "In";
		};
		["Right Leg"] = {
			tm = .033;
			cf = cfr(.004,.103,.018,.896,.265,-.355,-.216,.961,.174,.388,-.079,.918);
			es = "Linear";
			ed = "In";
		};
		["Left Arm"] = {
			tm = .033;
			cf = cfr(-.028,-.003,-.046,.65,.141,-.746,-.212,.977,0,.729,.159,.666);
			es = "Linear";
			ed = "In";
		};
		["Right Arm"] = {
			tm = .033;
			cf = cfr(.101,.053,-.114,.493,-.516,.701,.723,.691,0,-.484,.507,.713);
			es = "Linear";
			ed = "In";
		};
		["Head"] = {
			tm = .033;
			cf = cfr(0,0,.018,.983,-.185,0,.185,.983,0,0,0,1);
			es = "Linear";
			ed = "In";
		};
	};
	{
		tm = .033;
		["Torso"] = {
			tm = .034;
			cf = cfr(0,0,-.064,.917,.399,0,-.399,.917,0,0,0,1);
			es = "Linear";
			ed = "In";
		};
		["Left Leg"] = {
			tm = .034;
			cf = cfr(-.272,.078,.019,.98,-.163,.114,.155,.985,.078,-.125,-.059,.99);
			es = "Linear";
			ed = "In";
		};
		["Right Leg"] = {
			tm = .034;
			cf = cfr(-.024,.097,.023,.87,.272,-.41,-.223,.961,.164,.439,-.051,.897);
			es = "Linear";
			ed = "In";
		};
		["Left Arm"] = {
			tm = .034;
			cf = cfr(-.056,-.143,.043,.619,.304,-.724,-.24,.951,.194,.748,.053,.662);
			es = "Linear";
			ed = "In";
		};
		["Right Arm"] = {
			tm = .034;
			cf = cfr(.134,-.062,-.1,.358,-.676,.644,.853,.517,.069,-.38,.524,.762);
			es = "Linear";
			ed = "In";
		};
		["Head"] = {
			tm = .034;
			cf = cfr(0,0,.018,.983,-.185,-.015,.185,.983,-.009,.017,.006,1);
			es = "Linear";
			ed = "In";
		};
	};
	{
		tm = .067;
		["Torso"] = {
			tm = .033;
			cf = cfr(0,0,-.064,.957,.292,0,-.292,.957,0,0,0,1);
			es = "Linear";
			ed = "In";
		};
		["Left Leg"] = {
			tm = .033;
			cf = cfr(-.334,.075,-.015,.993,-.118,-.005,.118,.992,.046,-.001,-.046,.999);
			es = "Linear";
			ed = "In";
		};
		["Right Leg"] = {
			tm = .033;
			cf = cfr(-.094,.086,.027,.804,.276,-.527,-.235,.961,.145,.547,.007,.837);
			es = "Linear";
			ed = "In";
		};
		["Left Arm"] = {
			tm = .033;
			cf = cfr(-.098,-.425,.239,.599,.561,-.571,-.23,.804,.549,.767,-.198,.61);
			es = "Linear";
			ed = "In";
		};
		["Right Arm"] = {
			tm = .033;
			cf = cfr(.174,-.33,-.047,.182,-.86,.477,.96,.261,.105,-.215,.438,.873);
			es = "Linear";
			ed = "In";
		};
		["Head"] = {
			tm = .033;
			cf = cfr(0,0,.018,.982,-.183,-.049,.182,.983,-.024,.053,.014,.998);
			es = "Linear";
			ed = "In";
		};
	};
	{
		tm = .1;
		["Torso"] = {
			tm = .033;
			cf = cfr(0,0,-.064,.971,.24,0,-.24,.971,0,0,0,1);
			es = "Linear";
			ed = "In";
		};
		["Left Leg"] = {
			tm = .033;
			cf = cfr(-.356,.073,-.032,.994,-.096,-.058,.098,.995,.032,.055,-.038,.998);
			es = "Linear";
			ed = "In";
		};
		["Right Leg"] = {
			tm = .033;
			cf = cfr(-.13,.082,.025,.767,.274,-.58,-.239,.961,.138,.595,.033,.803);
			es = "Linear";
			ed = "In";
		};
		["Left Arm"] = {
			tm = .033;
			cf = cfr(-.129,-.533,.323,.564,.739,-.368,-.339,.614,.713,.753,-.277,.597);
			es = "Linear";
			ed = "In";
		};
		["Right Arm"] = {
			tm = .033;
			cf = cfr(.194,-.433,-.003,-.012,-.955,.297,.994,.023,.111,-.113,.296,.948);
			es = "Linear";
			ed = "In";
		};
		["Head"] = {
			tm = .033;
			cf = cfr(0,0,.018,.982,-.18,-.066,.178,.984,-.03,.07,.017,.997);
			es = "Linear";
			ed = "In";
		};
	};
	{
		tm = .133;
		["Torso"] = {
			tm = .034;
			cf = cfr(-.003,-.011,-.073,.971,.24,-.004,-.24,.971,-.015,0,.016,1);
			es = "Linear";
			ed = "In";
		};
		["Left Leg"] = {
			tm = .034;
			cf = cfr(-.377,.086,-.033,.994,-.09,-.057,.092,.995,.033,.054,-.038,.998);
			es = "Linear";
			ed = "In";
		};
		["Right Leg"] = {
			tm = .034;
			cf = cfr(-.105,.081,.044,.768,.271,-.581,-.243,.962,.128,.593,.043,.804);
			es = "Linear";
			ed = "In";
		};
		["Left Arm"] = {
			tm = .034;
			cf = cfr(-.175,-.467,.279,.486,.873,-.045,-.63,.385,.674,.606,-.299,.737);
			es = "Linear";
			ed = "In";
		};
		["Right Arm"] = {
			tm = .034;
			cf = cfr(.198,-.388,.032,-.216,-.971,.098,.971,-.204,.123,-.1,.122,.988);
			es = "Linear";
			ed = "In";
		};
		["Head"] = {
			tm = .034;
			cf = cfr(0,0,.018,.982,-.176,-.063,.175,.984,-.023,.067,.012,.998);
			es = "Linear";
			ed = "In";
		};
	};
	{
		tm = .167;
		["Torso"] = {
			tm = .033;
			cf = cfr(-.01,-.038,-.099,.971,.24,-.013,-.24,.969,-.052,0,.054,.999);
			es = "Linear";
			ed = "In";
		};
		["Left Leg"] = {
			tm = .033;
			cf = cfr(-.424,.123,-.036,.996,-.075,-.054,.077,.996,.036,.051,-.04,.998);
			es = "Linear";
			ed = "In";
		};
		["Right Leg"] = {
			tm = .033;
			cf = cfr(-.047,.086,.086,.77,.261,-.583,-.248,.963,.103,.588,.065,.806);
			es = "Linear";
			ed = "In";
		};
		["Left Arm"] = {
			tm = .033;
			cf = cfr(-.231,-.361,.186,.245,.899,.363,-.922,.1,.375,.301,-.427,.853);
			es = "Linear";
			ed = "In";
		};
		["Right Arm"] = {
			tm = .033;
			cf = cfr(.186,-.349,.068,-.391,-.913,-.119,.907,-.404,.117,-.155,-.062,.986);
			es = "Linear";
			ed = "In";
		};
		["Head"] = {
			tm = .033;
			cf = cfr(0,0,.018,.983,-.175,-.06,.176,.984,-.003,.059,-.007,.998);
			es = "Linear";
			ed = "In";
		};
	};
	{
		tm = .2;
		["Torso"] = {
			tm = .033;
			cf = cfr(-.015,-.059,-.128,.971,.239,-.02,-.24,.967,-.082,0,.084,.996);
			es = "Linear";
			ed = "In";
		};
		["Left Leg"] = {
			tm = .033;
			cf = cfr(-.465,.161,-.039,.997,-.065,-.052,.067,.997,.038,.049,-.042,.998);
			es = "Linear";
			ed = "In";
		};
		["Right Leg"] = {
			tm = .033;
			cf = cfr(.002,.097,.122,.771,.254,-.584,-.254,.964,.084,.584,.083,.808);
			es = "Linear";
			ed = "In";
		};
		["Left Arm"] = {
			tm = .033;
			cf = cfr(-.278,-.294,.095,.002,.9,.436,-.992,-.051,.111,.123,-.433,.893);
			es = "Linear";
			ed = "In";
		};
		["Right Arm"] = {
			tm = .033;
			cf = cfr(.178,-.336,.081,-.446,-.872,-.202,.875,-.472,.108,-.19,-.128,.973);
			es = "Linear";
			ed = "In";
		};
		["Head"] = {
			tm = .033;
			cf = cfr(0,0,.018,.983,-.174,-.063,.176,.984,.026,.057,-.037,.998);
			es = "Linear";
			ed = "In";
		};
	};
	{
		tm = .233;
		["Torso"] = {
			tm = .034;
			cf = cfr(-.017,-.067,-.159,.971,.239,-.024,-.24,.966,-.096,0,.098,.995);
			es = "Linear";
			ed = "In";
		};
		["Left Leg"] = {
			tm = .034;
			cf = cfr(-.509,.196,-.042,.996,-.073,-.05,.075,.996,.04,.047,-.043,.998);
			es = "Linear";
			ed = "In";
		};
		["Right Leg"] = {
			tm = .034;
			cf = cfr(.049,.112,.156,.767,.264,-.585,-.272,.959,.076,.581,.101,.808);
			es = "Linear";
			ed = "In";
		};
		["Left Arm"] = {
			tm = .034;
			cf = cfr(-.316,-.257,-.001,-.139,.978,.153,-.99,-.143,.018,.04,-.149,.988);
			es = "Linear";
			ed = "In";
		};
		["Right Arm"] = {
			tm = .034;
			cf = cfr(.242,-.318,-.006,-.447,-.894,-.029,.88,-.446,.167,-.162,.049,.986);
			es = "Linear";
			ed = "In";
		};
		["Head"] = {
			tm = .034;
			cf = cfr(0,0,.018,.982,-.173,-.077,.178,.982,.066,.064,-.078,.995);
			es = "Linear";
			ed = "In";
		};
	};
	{
		tm = .267;
		["Torso"] = {
			tm = .0329;
			cf = cfr(-.017,-.069,-.193,.971,.239,-.025,-.24,.965,-.103,0,.106,.994);
			es = "Linear";
			ed = "In";
		};
		["Left Leg"] = {
			tm = .0329;
			cf = cfr(-.551,.23,-.045,.995,-.088,-.048,.09,.995,.041,.044,-.045,.998);
			es = "Linear";
			ed = "In";
		};
		["Right Leg"] = {
			tm = .0329;
			cf = cfr(.093,.131,.188,.76,.28,-.586,-.295,.953,.072,.579,.118,.807);
			es = "Linear";
			ed = "In";
		};
		["Left Arm"] = {
			tm = .0329;
			cf = cfr(-.32,-.237,-.117,-.214,.909,-.357,-.977,-.207,.06,-.019,.362,.932);
			es = "Linear";
			ed = "In";
		};
		["Right Arm"] = {
			tm = .0329;
			cf = cfr(.375,-.288,-.214,-.434,-.823,.367,.892,-.335,.304,-.128,.459,.879);
			es = "Linear";
			ed = "In";
		};
		["Head"] = {
			tm = .0329;
			cf = cfr(0,0,.018,.98,-.17,-.103,.182,.977,.115,.081,-.131,.988);
			es = "Linear";
			ed = "In";
		};
	};
	{
		tm = .3;
		["Torso"] = {
			tm = .0330;
			cf = cfr(-.019,-.077,-.208,.971,.238,-.029,-.24,.964,-.115,0,.119,.993);
			es = "Linear";
			ed = "In";
		};
		["Left Leg"] = {
			tm = .0330;
			cf = cfr(-.562,.25,-.046,.996,-.081,-.047,.083,.996,.042,.043,-.045,.998);
			es = "Linear";
			ed = "In";
		};
		["Right Leg"] = {
			tm = .0330;
			cf = cfr(.108,.14,.199,.763,.274,-.586,-.294,.954,.064,.576,.124,.808);
			es = "Linear";
			ed = "In";
		};
		["Left Arm"] = {
			tm = .0330;
			cf = cfr(-.343,-.233,-.191,-.289,.748,-.598,-.957,-.22,.187,.009,.627,.779);
			es = "Linear";
			ed = "In";
		};
		["Right Arm"] = {
			tm = .0330;
			cf = cfr(.47,-.283,-.361,-.432,-.694,.576,.885,-.204,.419,-.173,.69,.702);
			es = "Linear";
			ed = "In";
		};
		["Head"] = {
			tm = .0330;
			cf = cfr(0,0,.018,.977,-.167,-.132,.186,.972,.146,.103,-.168,.98);
			es = "Linear";
			ed = "In";
		};
	};
	{
		tm = .333;
		["Torso"] = {
			tm = .0339;
			cf = cfr(-.022,-.093,-.21,.971,.238,-.032,-.24,.961,-.135,-.001,.139,.99);
			es = "Linear";
			ed = "In";
		};
		["Left Leg"] = {
			tm = .0339;
			cf = cfr(-.554,.263,-.046,.997,-.057,-.045,.059,.997,.044,.043,-.046,.998);
			es = "Linear";
			ed = "In";
		};
		["Right Leg"] = {
			tm = .0339;
			cf = cfr(.13,.14,.195,.787,.258,-.561,-.279,.959,.051,.551,.116,.826);
			es = "Linear";
			ed = "In";
		};
		["Left Arm"] = {
			tm = .0339;
			cf = cfr(-.458,-.233,-.244,-.398,.704,-.589,-.91,-.222,.35,.116,.675,.729);
			es = "Linear";
			ed = "In";
		};
		["Right Arm"] = {
			tm = .0339;
			cf = cfr(.541,-.293,-.428,-.476,-.671,.568,.821,-.107,.561,-.316,.734,.602);
			es = "Linear";
			ed = "In";
		};
		["Head"] = {
			tm = .0339;
			cf = cfr(0,0,.018,.975,-.162,-.154,.186,.969,.16,.124,-.184,.975);
			es = "Linear";
			ed = "In";
		};
	};
	{
		tm = .367;
		["Torso"] = {
			tm = .0330;
			cf = cfr(-.026,-.112,-.213,.971,.237,-.037,-.24,.958,-.16,-.002,.164,.986);
			es = "Linear";
			ed = "In";
		};
		["Left Leg"] = {
			tm = .0330;
			cf = cfr(-.543,.278,-.046,.999,-.027,-.044,.029,.999,.046,.042,-.047,.998);
			es = "Linear";
			ed = "In";
		};
		["Right Leg"] = {
			tm = .0330;
			cf = cfr(.197,.141,.176,.838,.254,-.483,-.265,.963,.046,.477,.089,.874);
			es = "Linear";
			ed = "In";
		};
		["Left Arm"] = {
			tm = .0330;
			cf = cfr(-.631,-.233,-.283,-.496,.751,-.436,-.815,-.229,.533,.3,.619,.726);
			es = "Linear";
			ed = "In";
		};
		["Right Arm"] = {
			tm = .0330;
			cf = cfr(.607,-.3,-.453,-.53,-.735,.424,.669,-.055,.741,-.521,.676,.521);
			es = "Linear";
			ed = "In";
		};
		["Head"] = {
			tm = .0330;
			cf = cfr(0,0,.018,.971,-.158,-.179,.186,.97,.157,.149,-.186,.971);
			es = "Linear";
			ed = "In";
		};
	};
	{
		tm = .4;
		["Torso"] = {
			tm = .0329;
			cf = cfr(-.033,-.134,-.217,.971,.236,-.046,-.24,.952,-.188,0,.194,.981);
			es = "Linear";
			ed = "In";
		};
		["Left Leg"] = {
			tm = .0329;
			cf = cfr(-.528,.292,-.045,.999,.009,-.042,-.008,.999,.045,.043,-.045,.998);
			es = "Linear";
			ed = "In";
		};
		["Right Leg"] = {
			tm = .0329;
			cf = cfr(.275,.143,.142,.888,.259,-.38,-.257,.965,.058,.382,.046,.923);
			es = "Linear";
			ed = "In";
		};
		["Left Arm"] = {
			tm = .0329;
			cf = cfr(-.726,-.232,-.282,-.53,.816,-.229,-.694,-.262,.671,.487,.514,.706);
			es = "Linear";
			ed = "In";
		};
		["Right Arm"] = {
			tm = .0329;
			cf = cfr(.637,-.296,-.444,-.529,-.809,.257,.522,-.071,.85,-.669,.584,.46);
			es = "Linear";
			ed = "In";
		};
		["Head"] = {
			tm = .0329;
			cf = cfr(0,0,.018,.962,-.159,-.222,.195,.97,.146,.193,-.184,.964);
			es = "Linear";
			ed = "In";
		};
	};
	{
		tm = .433;
		["Torso"] = {
			tm = .0340;
			cf = cfr(-.057,-.163,-.199,.969,.235,-.072,-.245,.945,-.215,.017,.226,.974);
			es = "Linear";
			ed = "In";
		};
		["Left Leg"] = {
			tm = .0340;
			cf = cfr(-.478,.265,-.037,.997,.067,-.044,-.066,.997,.028,.046,-.025,.999);
			es = "Linear";
			ed = "In";
		};
		["Right Leg"] = {
			tm = .0340;
			cf = cfr(.544,.186,.125,.845,.472,-.252,-.446,.881,.156,.296,-.019,.955);
			es = "Linear";
			ed = "In";
		};
		["Left Arm"] = {
			tm = .0340;
			cf = cfr(-.751,-.251,-.182,-.479,.878,-.003,-.56,-.303,.771,.676,.371,.637);
			es = "Linear";
			ed = "In";
		};
		["Right Arm"] = {
			tm = .0340;
			cf = cfr(.635,-.324,-.329,-.466,-.883,.054,.448,-.183,.875,-.763,.432,.481);
			es = "Linear";
			ed = "In";
		};
		["Head"] = {
			tm = .0340;
			cf = cfr(0,0,.018,.935,-.171,-.312,.215,.97,.112,.283,-.172,.944);
			es = "Linear";
			ed = "In";
		};
	};
	{
		tm = .467;
		["Torso"] = {
			tm = .0329;
			cf = cfr(-.099,-.2,-.156,.966,.233,-.115,-.255,.936,-.244,.051,.265,.963);
			es = "Linear";
			ed = "In";
		};
		["Left Leg"] = {
			tm = .0329;
			cf = cfr(-.364,.18,-.024,.985,.166,-.049,-.166,.986,-.008,.047,.016,.999);
			es = "Linear";
			ed = "In";
		};
		["Right Leg"] = {
			tm = .0329;
			cf = cfr(.798,.056,.062,.614,.785,-.083,-.734,.606,.306,.29,-.127,.948);
			es = "Linear";
			ed = "In";
		};
		["Left Arm"] = {
			tm = .0329;
			cf = cfr(-.76,-.289,.01,-.322,.918,.231,-.406,-.355,.842,.855,.177,.487);
			es = "Linear";
			ed = "In";
		};
		["Right Arm"] = {
			tm = .0329;
			cf = cfr(.604,-.396,-.1,-.36,-.909,-.207,.455,-.366,.812,-.814,.198,.546);
			es = "Linear";
			ed = "In";
		};
		["Head"] = {
			tm = .0329;
			cf = cfr(0,0,.018,.883,-.194,-.428,.241,.969,.058,.403,-.155,.902);
			es = "Linear";
			ed = "In";
		};
	};
	{
		tm = .5;
		["Torso"] = {
			tm = .0330;
			cf = cfr(-.128,-.234,-.143,.962,.229,-.147,-.262,.924,-.278,.073,.306,.949);
			es = "Linear";
			ed = "In";
		};
		["Left Leg"] = {
			tm = .0330;
			cf = cfr(-.273,.125,-.017,.965,.258,-.053,-.259,.965,-.029,.044,.042,.998);
			es = "Linear";
			ed = "In";
		};
		["Right Leg"] = {
			tm = .0330;
			cf = cfr(.813,-.041,.039,.509,.86,-.009,-.804,.48,.35,.305,-.171,.937);
			es = "Linear";
			ed = "In";
		};
		["Left Arm"] = {
			tm = .0330;
			cf = cfr(-.772,-.3,.106,-.175,.91,.376,-.271,-.411,.87,.946,.05,.319);
			es = "Linear";
			ed = "In";
		};
		["Right Arm"] = {
			tm = .0330;
			cf = cfr(.584,-.432,.006,-.317,-.895,-.314,.477,-.436,.763,-.82,.092,.565);
			es = "Linear";
			ed = "In";
		};
		["Head"] = {
			tm = .0330;
			cf = cfr(0,0,.018,.85,-.21,-.482,.263,.964,.042,.456,-.162,.875);
			es = "Linear";
			ed = "In";
		};
	};
	{
		tm = .533;
		["Torso"] = {
			tm = .0339;
			cf = cfr(-.138,-.264,-.18,.961,.22,-.166,-.264,.906,-.33,.078,.361,.929);
			es = "Linear";
			ed = "In";
		};
		["Left Leg"] = {
			tm = .0339;
			cf = cfr(-.288,.162,-.017,.949,.31,-.055,-.312,.95,-.031,.042,.047,.998);
			es = "Linear";
			ed = "In";
		};
		["Right Leg"] = {
			tm = .0339;
			cf = cfr(.859,.064,.033,.577,.815,-.044,-.754,.553,.354,.312,-.171,.934);
			es = "Linear";
			ed = "In";
		};
		["Left Arm"] = {
			tm = .0339;
			cf = cfr(-.858,-.262,.11,-.098,.881,.464,-.16,-.474,.866,.982,.011,.187);
			es = "Linear";
			ed = "In";
		};
		["Right Arm"] = {
			tm = .0339;
			cf = cfr(.676,-.414,-.009,-.317,-.896,-.311,.477,-.434,.764,-.82,.094,.565);
			es = "Linear";
			ed = "In";
		};
		["Head"] = {
			tm = .0339;
			cf = cfr(0,0,.018,.855,-.196,-.481,.271,.958,.09,.443,-.207,.872);
			es = "Linear";
			ed = "In";
		};
	};
	{
		tm = .567;
		["Torso"] = {
			tm = .0330;
			cf = cfr(-.136,-.286,-.251,.962,.209,-.177,-.263,.883,-.388,.075,.42,.905);
			es = "Linear";
			ed = "In";
		};
		["Left Leg"] = {
			tm = .0330;
			cf = cfr(-.339,.259,-.019,.937,.346,-.056,-.347,.937,-.025,.044,.043,.998);
			es = "Linear";
			ed = "In";
		};
		["Right Leg"] = {
			tm = .0330;
			cf = cfr(.932,.272,-.013,.703,.708,-.069,-.658,.684,.316,.271,-.177,.946);
			es = "Linear";
			ed = "In";
		};
		["Left Arm"] = {
			tm = .0330;
			cf = cfr(-1.018,-.18,.097,-.073,.857,.51,-.066,-.514,.855,.995,.029,.094);
			es = "Linear";
			ed = "In";
		};
		["Right Arm"] = {
			tm = .0330;
			cf = cfr(.873,-.36,-.042,-.317,-.904,-.288,.477,-.415,.775,-.82,.108,.562);
			es = "Linear";
			ed = "In";
		};
		["Head"] = {
			tm = .0330;
			cf = cfr(0,0,.018,.886,-.14,-.443,.241,.953,.182,.396,-.268,.878);
			es = "Linear";
			ed = "In";
		};
	};
	{
		tm = .6;
		["Torso"] = {
			tm = .0330;
			cf = cfr(-.131,-.287,-.3,.962,.204,-.179,-.262,.873,-.411,.073,.442,.894);
			es = "Linear";
			ed = "In";
		};
		["Left Leg"] = {
			tm = .0330;
			cf = cfr(-.369,.327,-.021,.934,.352,-.057,-.353,.935,-.021,.046,.04,.998);
			es = "Linear";
			ed = "In";
		};
		["Right Leg"] = {
			tm = .0330;
			cf = cfr(.939,.484,-.077,.819,.571,-.058,-.538,.799,.27,.2,-.19,.961);
			es = "Linear";
			ed = "In";
		};
		["Left Arm"] = {
			tm = .0330;
			cf = cfr(-1.096,-.105,.088,-.048,.876,.481,.015,-.48,.877,.999,.049,.01);
			es = "Linear";
			ed = "In";
		};
		["Right Arm"] = {
			tm = .0330;
			cf = cfr(.967,-.296,-.063,-.317,-.92,-.232,.477,-.366,.799,-.82,.142,.555);
			es = "Linear";
			ed = "In";
		};
		["Head"] = {
			tm = .0330;
			cf = cfr(0,0,.018,.922,-.077,-.38,.181,.953,.244,.344,-.294,.892);
			es = "Linear";
			ed = "In";
		};
	};
	{
		tm = .633;
		["Torso"] = {
			tm = .0340;
			cf = cfr(-.124,-.262,-.305,.962,.209,-.176,-.262,.884,-.387,.075,.419,.905);
			es = "Linear";
			ed = "In";
		};
		["Left Leg"] = {
			tm = .0340;
			cf = cfr(-.396,.339,-.022,.947,.315,-.059,-.317,.948,-.024,.048,.042,.998);
			es = "Linear";
			ed = "In";
		};
		["Right Leg"] = {
			tm = .0340;
			cf = cfr(.857,.689,-.136,.905,.419,-.071,-.384,.878,.285,.182,-.231,.956);
			es = "Linear";
			ed = "In";
		};
		["Left Arm"] = {
			tm = .0340;
			cf = cfr(-1.086,-.077,.067,-.162,.961,.225,.09,-.213,.973,.983,.178,-.052);
			es = "Linear";
			ed = "In";
		};
		["Right Arm"] = {
			tm = .0340;
			cf = cfr(.936,-.255,-.06,-.196,-.979,-.052,.502,-.146,.852,-.842,.141,.52);
			es = "Linear";
			ed = "In";
		};
		["Head"] = {
			tm = .0340;
			cf = cfr(0,0,.018,.959,0,-.283,.09,.948,.305,.268,-.318,.909);
			es = "Linear";
			ed = "In";
		};
	};
	{
		tm = .667;
		["Torso"] = {
			tm = .0329;
			cf = cfr(-.112,-.209,-.287,.962,.22,-.163,-.263,.909,-.324,.077,.355,.932);
			es = "Linear";
			ed = "In";
		};
		["Left Leg"] = {
			tm = .0329;
			cf = cfr(-.437,.32,-.023,.971,.233,-.059,-.235,.972,-.031,.051,.044,.998);
			es = "Linear";
			ed = "In";
		};
		["Right Leg"] = {
			tm = .0329;
			cf = cfr(.723,.835,-.212,.964,.248,-.102,-.199,.917,.345,.179,-.313,.933);
			es = "Linear";
			ed = "In";
		};
		["Left Arm"] = {
			tm = .0329;
			cf = cfr(-.966,-.096,.052,-.435,.842,-.319,-.01,.35,.937,.9,.411,-.144);
			es = "Linear";
			ed = "In";
		};
		["Right Arm"] = {
			tm = .0329;
			cf = cfr(.795,-.242,-.032,.073,-.948,.311,.467,.308,.829,-.881,.085,.465);
			es = "Linear";
			ed = "In";
		};
		["Head"] = {
			tm = .0329;
			cf = cfr(0,0,.018,.985,.082,-.151,-.017,.922,.386,.171,-.378,.91);
			es = "Linear";
			ed = "In";
		};
	};
	{
		tm = .7;
		["Torso"] = {
			tm = .0330;
			cf = cfr(-.097,-.16,-.287,.962,.231,-.143,-.262,.929,-.262,.073,.29,.954);
			es = "Linear";
			ed = "In";
		};
		["Left Leg"] = {
			tm = .0330;
			cf = cfr(-.494,.32,-.024,.989,.136,-.056,-.138,.99,-.03,.052,.038,.998);
			es = "Linear";
			ed = "In";
		};
		["Right Leg"] = {
			tm = .0330;
			cf = cfr(.657,.85,-.238,.988,.131,-.084,-.094,.933,.347,.124,-.335,.934);
			es = "Linear";
			ed = "In";
		};
		["Left Arm"] = {
			tm = .0330;
			cf = cfr(-.757,-.081,.113,-.465,.533,-.707,-.218,.705,.675,.858,.468,-.212);
			es = "Linear";
			ed = "In";
		};
		["Right Arm"] = {
			tm = .0330;
			cf = cfr(.585,-.207,.01,.196,-.758,.623,.36,.646,.673,-.912,.092,.399);
			es = "Linear";
			ed = "In";
		};
		["Head"] = {
			tm = .0330;
			cf = cfr(0,0,.018,.99,.113,-.081,-.069,.903,.423,.121,-.414,.902);
			es = "Linear";
			ed = "In";
		};
	};
	{
		tm = .733;
		["Torso"] = {
			tm = .0340;
			cf = cfr(-.079,-.144,-.327,.964,.242,-.112,-.261,.944,-.2,.057,.222,.973);
			es = "Linear";
			ed = "In";
		};
		["Left Leg"] = {
			tm = .0340;
			cf = cfr(-.707,.264,.004,.967,-.253,-.001,.253,.966,-.045,.013,.043,.999);
			es = "Linear";
			ed = "In";
		};
		["Right Leg"] = {
			tm = .0340;
			cf = cfr(.676,.784,-.201,.994,.103,-.027,-.092,.958,.272,.053,-.268,.962);
			es = "Linear";
			ed = "In";
		};
		["Left Arm"] = {
			tm = .0340;
			cf = cfr(-.487,-.032,.253,-.244,.168,-.955,-.344,.906,.247,.907,.389,-.163);
			es = "Linear";
			ed = "In";
		};
		["Right Arm"] = {
			tm = .0340;
			cf = cfr(.318,-.136,.212,.18,-.418,.89,.294,.887,.357,-.939,.197,.282);
			es = "Linear";
			ed = "In";
		};
		["Head"] = {
			tm = .0340;
			cf = cfr(0,0,.018,.993,.109,-.049,-.084,.925,.37,.086,-.363,.928);
			es = "Linear";
			ed = "In";
		};
	};
	{
		tm = .767;
		["Torso"] = {
			tm = .0330;
			cf = cfr(-.064,-.171,-.39,.965,.252,-.073,-.26,.956,-.136,.036,.151,.988);
			es = "Linear";
			ed = "In";
		};
		["Left Leg"] = {
			tm = .0330;
			cf = cfr(-.591,-.14,.133,.652,-.73,.203,.736,.674,.061,-.181,.11,.977);
			es = "Linear";
			ed = "In";
		};
		["Right Leg"] = {
			tm = .0330;
			cf = cfr(.762,.665,-.16,.985,.163,.051,-.169,.971,.167,-.023,-.173,.985);
			es = "Linear";
			ed = "In";
		};
		["Left Arm"] = {
			tm = .0330;
			cf = cfr(-.148,.05,.438,.098,-.264,-.96,-.283,.917,-.281,.954,.299,.015);
			es = "Linear";
			ed = "In";
		};
		["Right Arm"] = {
			tm = .0330;
			cf = cfr(-.019,-.028,.596,.141,.056,.988,.286,.954,-.095,-.948,.296,.118);
			es = "Linear";
			ed = "In";
		};
		["Head"] = {
			tm = .0330;
			cf = cfr(0,0,.018,.996,.086,-.006,-.082,.968,.238,.027,-.236,.971);
			es = "Linear";
			ed = "In";
		};
	};
	{
		tm = .8;
		["Torso"] = {
			tm = .0329;
			cf = cfr(-.064,-.203,-.418,.965,.255,-.057,-.26,.959,-.111,.026,.122,.992);
			es = "Linear";
			ed = "In";
		};
		["Left Leg"] = {
			tm = .0329;
			cf = cfr(-.15,-.064,.157,.475,-.779,.409,.732,.608,.307,-.488,.154,.859);
			es = "Linear";
			ed = "In";
		};
		["Right Leg"] = {
			tm = .0329;
			cf = cfr(.817,.599,-.159,.972,.214,.094,-.224,.967,.121,-.065,-.138,.988);
			es = "Linear";
			ed = "In";
		};
		["Left Arm"] = {
			tm = .0329;
			cf = cfr(.116,.091,.566,.298,-.406,-.864,-.185,.863,-.47,.937,.3,.182);
			es = "Linear";
			ed = "In";
		};
		["Right Arm"] = {
			tm = .0329;
			cf = cfr(-.281,.024,.773,.128,.237,.963,.295,.918,-.265,-.947,.318,.047);
			es = "Linear";
			ed = "In";
		};
		["Head"] = {
			tm = .0329;
			cf = cfr(0,0,.018,.998,.064,.014,-.065,.982,.175,-.003,-.175,.985);
			es = "Linear";
			ed = "In";
		};
	};
	{
		tm = .833;
		["Torso"] = {
			tm = .0340;
			cf = cfr(-.076,-.22,-.413,.965,.254,-.065,-.26,.959,-.108,.035,.121,.992);
			es = "Linear";
			ed = "In";
		};
		["Left Leg"] = {
			tm = .0340;
			cf = cfr(-.108,-.05,.134,.487,-.769,.414,.721,.621,.306,-.493,.149,.857);
			es = "Linear";
			ed = "In";
		};
		["Right Leg"] = {
			tm = .0340;
			cf = cfr(.827,.591,-.165,.969,.229,.094,-.24,.962,.129,-.061,-.148,.987);
			es = "Linear";
			ed = "In";
		};
		["Left Arm"] = {
			tm = .0340;
			cf = cfr(.268,.007,.587,.392,-.228,-.891,-.327,.871,-.367,.86,.435,.267);
			es = "Linear";
			ed = "In";
		};
		["Right Arm"] = {
			tm = .0340;
			cf = cfr(-.42,-.148,.533,.172,-.006,.985,.319,.946,-.05,-.932,.323,.164);
			es = "Linear";
			ed = "In";
		};
		["Head"] = {
			tm = .0340;
			cf = cfr(0,0,.018,.998,.048,.039,-.055,.98,.193,-.029,-.195,.98);
			es = "Linear";
			ed = "In";
		};
	};
	{
		tm = .867;
		["Torso"] = {
			tm = .0330;
			cf = cfr(-.095,-.226,-.388,.964,.253,-.086,-.261,.96,-.105,.057,.123,.991);
			es = "Linear";
			ed = "In";
		};
		["Left Leg"] = {
			tm = .0330;
			cf = cfr(-.076,-.054,.093,.548,-.744,.382,.714,.654,.249,-.436,.136,.89);
			es = "Linear";
			ed = "In";
		};
		["Right Leg"] = {
			tm = .0330;
			cf = cfr(.819,.584,-.169,.969,.23,.086,-.241,.959,.151,-.048,-.167,.985);
			es = "Linear";
			ed = "In";
		};
		["Left Arm"] = {
			tm = .0330;
			cf = cfr(.246,-.117,.489,.292,.195,-.936,-.551,.835,.002,.782,.515,.351);
			es = "Linear";
			ed = "In";
		};
		["Right Arm"] = {
			tm = .0330;
			cf = cfr(-.5,-.405,.264,.196,-.387,.901,.36,.883,.301,-.912,.266,.312);
			es = "Linear";
			ed = "In";
		};
		["Head"] = {
			tm = .0330;
			cf = cfr(0,0,.018,.996,.034,.085,-.053,.97,.238,-.074,-.241,.968);
			es = "Linear";
			ed = "In";
		};
	};
	{
		tm = .9;
		["Torso"] = {
			tm = .0330;
			cf = cfr(-.111,-.225,-.342,.962,.252,-.103,-.262,.96,-.102,.073,.125,.989);
			es = "Linear";
			ed = "In";
		};
		["Left Leg"] = {
			tm = .0330;
			cf = cfr(.002,-.021,.032,.64,-.687,.344,.67,.718,.188,-.376,.11,.92);
			es = "Linear";
			ed = "In";
		};
		["Right Leg"] = {
			tm = .0330;
			cf = cfr(.805,.556,-.173,.972,.218,.088,-.23,.959,.167,-.048,-.183,.982);
			es = "Linear";
			ed = "In";
		};
		["Left Arm"] = {
			tm = .0330;
			cf = cfr(.122,-.226,.35,.093,.507,-.857,-.642,.688,.337,.761,.519,.39);
			es = "Linear";
			ed = "In";
		};
		["Right Arm"] = {
			tm = .0330;
			cf = cfr(-.542,-.489,.27,.196,-.758,.623,.36,.646,.673,-.912,.092,.399);
			es = "Linear";
			ed = "In";
		};
		["Head"] = {
			tm = .0330;
			cf = cfr(0,0,.018,.995,.021,.096,-.047,.958,.283,-.086,-.286,.954);
			es = "Linear";
			ed = "In";
		};
	};
	{
		tm = .933;
		["Torso"] = {
			tm = .0339;
			cf = cfr(-.123,-.23,-.256,.962,.25,-.113,-.262,.958,-.118,.079,.143,.987);
			es = "Linear";
			ed = "In";
		};
		["Left Leg"] = {
			tm = .0339;
			cf = cfr(-.254,-.146,.105,.619,-.735,.277,.735,.667,.125,-.276,.127,.953);
			es = "Linear";
			ed = "In";
		};
		["Right Leg"] = {
			tm = .0339;
			cf = cfr(.78,.478,-.173,.973,.207,.103,-.223,.959,.177,-.062,-.195,.979);
			es = "Linear";
			ed = "In";
		};
		["Left Arm"] = {
			tm = .0339;
			cf = cfr(-.091,-.323,.168,-.203,.735,-.647,-.609,.422,.671,.767,.53,.362);
			es = "Linear";
			ed = "In";
		};
		["Right Arm"] = {
			tm = .0339;
			cf = cfr(-.416,-.431,.351,.09,-.881,.465,.229,.473,.851,-.969,.03,.245);
			es = "Linear";
			ed = "In";
		};
		["Head"] = {
			tm = .0339;
			cf = cfr(0,0,.018,.997,.011,.082,-.037,.948,.317,-.074,-.319,.945);
			es = "Linear";
			ed = "In";
		};
	};
	{
		tm = .967;
		["Torso"] = {
			tm = .0330;
			cf = cfr(-.135,-.248,-.148,.962,.245,-.122,-.263,.952,-.159,.077,.185,.98);
			es = "Linear";
			ed = "In";
		};
		["Left Leg"] = {
			tm = .0330;
			cf = cfr(-.682,-.124,.149,.606,-.771,.197,.771,.63,.091,-.194,.097,.976);
			es = "Linear";
			ed = "In";
		};
		["Right Leg"] = {
			tm = .0330;
			cf = cfr(.712,.373,-.162,.977,.178,.12,-.199,.962,.186,-.083,-.205,.975);
			es = "Linear";
			ed = "In";
		};
		["Left Arm"] = {
			tm = .0330;
			cf = cfr(-.291,-.395,.017,-.43,.808,-.403,-.473,.178,.863,.769,.561,.306);
			es = "Linear";
			ed = "In";
		};
		["Right Arm"] = {
			tm = .0330;
			cf = cfr(-.159,-.356,.488,-.058,-.932,.359,.051,.356,.933,-.997,.073,.026);
			es = "Linear";
			ed = "In";
		};
		["Head"] = {
			tm = .0330;
			cf = cfr(0,0,.018,.997,.005,.071,-.029,.942,.334,-.065,-.335,.94);
			es = "Linear";
			ed = "In";
		};
	};
	{
		tm = 1;
		["Torso"] = {
			tm = .0329;
			cf = cfr(-.14,-.268,-.107,.962,.241,-.126,-.262,.945,-.194,.073,.22,.973);
			es = "Linear";
			ed = "In";
		};
		["Left Leg"] = {
			tm = .0329;
			cf = cfr(-.86,.097,.138,.681,-.712,.171,.706,.7,.105,-.195,.05,.98);
			es = "Linear";
			ed = "In";
		};
		["Right Leg"] = {
			tm = .0329;
			cf = cfr(.66,.34,-.152,.982,.139,.125,-.161,.969,.188,-.095,-.205,.974);
			es = "Linear";
			ed = "In";
		};
		["Left Arm"] = {
			tm = .0329;
			cf = cfr(-.396,-.447,-.037,-.502,.808,-.309,-.401,.099,.911,.766,.581,.274);
			es = "Linear";
			ed = "In";
		};
		["Right Arm"] = {
			tm = .0329;
			cf = cfr(.037,-.321,.539,-.189,-.938,.291,-.053,.306,.951,-.981,.164,-.108);
			es = "Linear";
			ed = "In";
		};
		["Head"] = {
			tm = .0329;
			cf = cfr(0,0,.018,.998,.002,.061,-.022,.947,.322,-.057,-.322,.945);
			es = "Linear";
			ed = "In";
		};
	};
	{
		tm = 1.033;
		["Torso"] = {
			tm = .0340;
			cf = cfr(-.142,-.287,-.111,.963,.238,-.128,-.262,.94,-.218,.069,.244,.967);
			es = "Linear";
			ed = "In";
		};
		["Left Leg"] = {
			tm = .0340;
			cf = cfr(-.875,.257,.126,.764,-.623,.171,.618,.781,.089,-.189,.037,.981);
			es = "Linear";
			ed = "In";
		};
		["Right Leg"] = {
			tm = .0340;
			cf = cfr(.647,.354,-.151,.987,.109,.122,-.13,.974,.187,-.098,-.201,.975);
			es = "Linear";
			ed = "In";
		};
		["Left Arm"] = {
			tm = .0340;
			cf = cfr(-.428,-.482,-.033,-.507,.802,-.315,-.395,.109,.912,.767,.587,.261);
			es = "Linear";
			ed = "In";
		};
		["Right Arm"] = {
			tm = .0340;
			cf = cfr(.133,-.326,.489,-.286,-.927,.242,-.081,.275,.958,-.955,.254,-.153);
			es = "Linear";
			ed = "In";
		};
		["Head"] = {
			tm = .0340;
			cf = cfr(0,0,.018,.998,-.002,.056,-.015,.955,.297,-.054,-.297,.953);
			es = "Linear";
			ed = "In";
		};
	};
	{
		tm = 1.067;
		["Torso"] = {
			tm = .0330;
			cf = cfr(-.139,-.303,-.114,.964,.237,-.124,-.261,.935,-.238,.06,.262,.963);
			es = "Linear";
			ed = "In";
		};
		["Left Leg"] = {
			tm = .0330;
			cf = cfr(-.847,.36,.12,.845,-.511,.155,.514,.857,.026,-.146,.058,.988);
			es = "Linear";
			ed = "In";
		};
		["Right Leg"] = {
			tm = .0330;
			cf = cfr(.637,.36,-.15,.989,.084,.123,-.106,.978,.18,-.105,-.192,.976);
			es = "Linear";
			ed = "In";
		};
		["Left Arm"] = {
			tm = .0330;
			cf = cfr(-.434,-.5,-.007,-.507,.793,-.337,-.394,.134,.909,.766,.594,.244);
			es = "Linear";
			ed = "In";
		};
		["Right Arm"] = {
			tm = .0330;
			cf = cfr(.179,-.349,.406,-.364,-.901,.235,-.054,.272,.961,-.93,.337,-.147);
			es = "Linear";
			ed = "In";
		};
		["Head"] = {
			tm = .0330;
			cf = cfr(0,0,.018,.999,-.005,.051,-.009,.961,.277,-.051,-.277,.96);
			es = "Linear";
			ed = "In";
		};
	};
	{
		tm = 1.1;
		["Torso"] = {
			tm = .0329;
			cf = cfr(-.127,-.31,-.114,.966,.236,-.109,-.256,.935,-.247,.044,.267,.963);
			es = "Linear";
			ed = "In";
		};
		["Left Leg"] = {
			tm = .0329;
			cf = cfr(-.769,.474,.115,.928,-.347,.138,.353,.935,-.021,-.122,.069,.99);
			es = "Linear";
			ed = "In";
		};
		["Right Leg"] = {
			tm = .0329;
			cf = cfr(.633,.349,-.147,.989,.076,.131,-.097,.982,.164,-.116,-.175,.978);
			es = "Linear";
			ed = "In";
		};
		["Left Arm"] = {
			tm = .0329;
			cf = cfr(-.449,-.511,.049,-.502,.776,-.382,-.401,.183,.898,.766,.604,.219);
			es = "Linear";
			ed = "In";
		};
		["Right Arm"] = {
			tm = .0329;
			cf = cfr(.206,-.367,.359,-.429,-.855,.291,.024,.311,.95,-.903,.414,-.112);
			es = "Linear";
			ed = "In";
		};
		["Head"] = {
			tm = .0329;
			cf = cfr(0,0,.018,.999,-.008,.036,-.002,.963,.269,-.037,-.269,.963);
			es = "Linear";
			ed = "In";
		};
	};
	{
		tm = 1.133;
		["Torso"] = {
			tm = .0340;
			cf = cfr(-.092,-.31,-.129,.988,.141,-.065,-.153,.955,-.256,.026,.263,.965);
			es = "Linear";
			ed = "In";
		};
		["Left Leg"] = {
			tm = .0340;
			cf = cfr(-.62,.59,.075,.996,-.056,.076,.06,.997,-.055,-.072,.059,.996);
			es = "Linear";
			ed = "In";
		};
		["Right Leg"] = {
			tm = .0340;
			cf = cfr(.57,.211,.011,.985,.167,-.032,-.167,.986,-.015,.029,.02,.999);
			es = "Linear";
			ed = "In";
		};
		["Left Arm"] = {
			tm = .0340;
			cf = cfr(-.491,-.523,.139,-.473,.753,-.457,-.41,.271,.871,.78,.599,.18);
			es = "Linear";
			ed = "In";
		};
		["Right Arm"] = {
			tm = .0340;
			cf = cfr(.225,-.34,.384,-.422,-.787,.449,.2,.402,.893,-.884,.467,-.012);
			es = "Linear";
			ed = "In";
		};
		["Head"] = {
			tm = .0340;
			cf = cfr(0,0,.018,.995,.094,.026,-.097,.967,.234,-.004,-.235,.972);
			es = "Linear";
			ed = "In";
		};
	};
	{
		tm = 1.167;
		["Torso"] = {
			tm = .0329;
			cf = cfr(-.035,-.296,-.174,.998,-.064,.01,.065,.964,-.257,.006,.257,.966);
			es = "Linear";
			ed = "In";
		};
		["Left Leg"] = {
			tm = .0329;
			cf = cfr(-.438,.492,.033,.947,.318,-.052,-.322,.94,-.114,.012,.124,.992);
			es = "Linear";
			ed = "In";
		};
		["Right Leg"] = {
			tm = .0329;
			cf = cfr(.2,-.152,.156,.88,.2,-.431,-.347,.891,-.294,.325,.408,.853);
			es = "Linear";
			ed = "In";
		};
		["Left Arm"] = {
			tm = .0329;
			cf = cfr(-.54,-.516,.265,-.395,.712,-.581,-.432,.414,.801,.811,.567,.144);
			es = "Linear";
			ed = "In";
		};
		["Right Arm"] = {
			tm = .0329;
			cf = cfr(.221,-.261,.455,-.252,-.686,.683,.459,.537,.708,-.852,.492,.18);
			es = "Linear";
			ed = "In";
		};
		["Head"] = {
			tm = .0329;
			cf = cfr(0,0,.018,.951,.31,-.004,-.307,.944,.12,.041,-.113,.993);
			es = "Linear";
			ed = "In";
		};
	};
	{
		tm = 1.2;
		["Torso"] = {
			tm = .0330;
			cf = cfr(-.003,-.279,-.225,.986,-.157,.056,.166,.955,-.244,-.015,.25,.968);
			es = "Linear";
			ed = "In";
		};
		["Left Leg"] = {
			tm = .0330;
			cf = cfr(-.244,.21,.013,.799,.593,-.101,-.601,.785,-.149,-.009,.18,.984);
			es = "Linear";
			ed = "In";
		};
		["Right Leg"] = {
			tm = .0330;
			cf = cfr(-.09,-.288,.051,.759,.165,-.629,-.464,.815,-.346,.456,.555,.696);
			es = "Linear";
			ed = "In";
		};
		["Left Arm"] = {
			tm = .0330;
			cf = cfr(-.545,-.466,.391,-.285,.622,-.729,-.483,.564,.67,.828,.543,.14);
			es = "Linear";
			ed = "In";
		};
		["Right Arm"] = {
			tm = .0330;
			cf = cfr(.201,-.211,.484,-.031,-.566,.824,.617,.637,.461,-.786,.523,.329);
			es = "Linear";
			ed = "In";
		};
		["Head"] = {
			tm = .0330;
			cf = cfr(0,0,.018,.916,.395,-.068,-.397,.918,-.013,.057,.039,.998);
			es = "Linear";
			ed = "In";
		};
	};
	{
		tm = 1.233;
		["Torso"] = {
			tm = .0339;
			cf = cfr(-.006,-.237,-.282,.995,-.076,.06,.085,.98,-.18,-.045,.184,.982);
			es = "Linear";
			ed = "In";
		};
		["Left Leg"] = {
			tm = .0339;
			cf = cfr(.029,-.095,-.011,.649,.761,.001,-.75,.64,-.167,-.128,.108,.986);
			es = "Linear";
			ed = "In";
		};
		["Right Leg"] = {
			tm = .0339;
			cf = cfr(-.024,-.307,.067,.734,.336,-.59,-.583,.758,-.293,.349,.559,.752);
			es = "Linear";
			ed = "In";
		};
		["Left Arm"] = {
			tm = .0339;
			cf = cfr(-.399,-.335,.531,-.061,.444,-.894,-.584,.711,.393,.81,.546,.215);
			es = "Linear";
			ed = "In";
		};
		["Right Arm"] = {
			tm = .0339;
			cf = cfr(.109,-.202,.476,.218,-.415,.883,.676,.717,.17,-.704,.56,.437);
			es = "Linear";
			ed = "In";
		};
		["Head"] = {
			tm = .0339;
			cf = cfr(0,0,.018,.941,.325,-.095,-.336,.93,-.148,.04,.171,.984);
			es = "Linear";
			ed = "In";
		};
	};
	{
		tm = 1.267;
		["Torso"] = {
			tm = .0330;
			cf = cfr(-.016,-.149,-.347,.994,.098,.057,-.096,.994,-.043,-.061,.037,.997);
			es = "Linear";
			ed = "In";
		};
		["Left Leg"] = {
			tm = .0330;
			cf = cfr(-.025,.087,.04,.768,.604,.21,-.579,.797,-.174,-.273,.012,.962);
			es = "Linear";
			ed = "In";
		};
		["Right Leg"] = {
			tm = .0330;
			cf = cfr(.14,-.35,.073,.662,.605,-.442,-.734,.642,-.222,.149,.472,.869);
			es = "Linear";
			ed = "In";
		};
		["Left Arm"] = {
			tm = .0330;
			cf = cfr(-.113,-.139,.669,.275,.203,-.94,-.626,.78,-.015,.73,.592,.341);
			es = "Linear";
			ed = "In";
		};
		["Right Arm"] = {
			tm = .0330;
			cf = cfr(-.059,-.202,.466,.476,-.244,.845,.631,.764,-.135,-.613,.597,.517);
			es = "Linear";
			ed = "In";
		};
		["Head"] = {
			tm = .0330;
			cf = cfr(0,0,.018,.983,.176,-.057,-.185,.949,-.256,.009,.262,.965);
			es = "Linear";
			ed = "In";
		};
	};
	{
		tm = 1.3;
		["Torso"] = {
			tm = .0329;
			cf = cfr(-.012,-.086,-.378,.982,.177,.066,-.181,.982,.047,-.057,-.059,.997);
			es = "Linear";
			ed = "In";
		};
		["Left Leg"] = {
			tm = .0329;
			cf = cfr(-.018,.125,.061,.806,.499,.32,-.474,.866,-.157,-.355,-.025,.934);
			es = "Linear";
			ed = "In";
		};
		["Right Leg"] = {
			tm = .0329;
			cf = cfr(.164,-.366,.075,.563,.719,-.407,-.818,.555,-.153,.116,.419,.9);
			es = "Linear";
			ed = "In";
		};
		["Left Arm"] = {
			tm = .0329;
			cf = cfr(.017,-.051,.719,.411,.108,-.905,-.605,.775,-.182,.682,.622,.384);
			es = "Linear";
			ed = "In";
		};
		["Right Arm"] = {
			tm = .0329;
			cf = cfr(-.134,-.198,.454,.566,-.176,.806,.588,.771,-.244,-.578,.612,.54);
			es = "Linear";
			ed = "In";
		};
		["Head"] = {
			tm = .0329;
			cf = cfr(0,0,.018,.994,.108,-.028,-.112,.95,-.29,-.004,.292,.956);
			es = "Linear";
			ed = "In";
		};
	};
	{
		tm = 1.333;
		["Torso"] = {
			tm = .0340;
			cf = cfr(-.005,-.055,-.347,.982,.175,.072,-.181,.98,.082,-.057,-.093,.994);
			es = "Linear";
			ed = "In";
		};
		["Left Leg"] = {
			tm = .0340;
			cf = cfr(-.069,.136,.065,.869,.39,.303,-.372,.921,-.117,-.325,-.011,.946);
			es = "Linear";
			ed = "In";
		};
		["Right Leg"] = {
			tm = .0340;
			cf = cfr(.056,-.289,.118,.483,.71,-.512,-.832,.554,-.017,.271,.435,.859);
			es = "Linear";
			ed = "In";
		};
		["Left Arm"] = {
			tm = .0340;
			cf = cfr(.005,-.082,.691,.255,.167,-.953,-.679,.732,-.053,.688,.661,.3);
			es = "Linear";
			ed = "In";
		};
		["Right Arm"] = {
			tm = .0340;
			cf = cfr(-.108,-.19,.433,.48,-.22,.849,.629,.761,-.159,-.611,.61,.504);
			es = "Linear";
			ed = "In";
		};
		["Head"] = {
			tm = .0340;
			cf = cfr(0,0,.018,.986,.166,-.024,-.165,.939,-.301,-.027,.301,.953);
			es = "Linear";
			ed = "In";
		};
	};
	{
		tm = 1.367;
		["Torso"] = {
			tm = .0329;
			cf = cfr(.003,-.033,-.278,.982,.174,.075,-.181,.979,.096,-.057,-.107,.993);
			es = "Linear";
			ed = "In";
		};
		["Left Leg"] = {
			tm = .0329;
			cf = cfr(-.247,.176,.058,.966,.177,.186,-.171,.984,-.048,-.192,.014,.981);
			es = "Linear";
			ed = "In";
		};
		["Right Leg"] = {
			tm = .0329;
			cf = cfr(-.005,-.184,.157,.442,.676,-.589,-.788,.607,.105,.429,.418,.801);
			es = "Linear";
			ed = "In";
		};
		["Left Arm"] = {
			tm = .0329;
			cf = cfr(-.023,-.167,.613,-.155,.298,-.942,-.748,.588,.309,.646,.752,.132);
			es = "Linear";
			ed = "In";
		};
		["Right Arm"] = {
			tm = .0329;
			cf = cfr(-.043,-.179,.392,.249,-.351,.903,.693,.715,.087,-.676,.604,.421);
			es = "Linear";
			ed = "In";
		};
		["Head"] = {
			tm = .0329;
			cf = cfr(0,0,.018,.958,.288,-.014,-.278,.909,-.309,-.076,.3,.951);
			es = "Linear";
			ed = "In";
		};
	};
	{
		tm = 1.4;
		["Torso"] = {
			tm = .0330;
			cf = cfr(.006,-.027,-.245,.982,.174,.075,-.181,.979,.097,-.057,-.109,.992);
			es = "Linear";
			ed = "In";
		};
		["Left Leg"] = {
			tm = .0330;
			cf = cfr(-.46,.196,-.016,1,-.001,-.015,.001,1,.002,.015,-.002,1);
			es = "Linear";
			ed = "In";
		};
		["Right Leg"] = {
			tm = .0330;
			cf = cfr(-.002,-.112,.203,.419,.652,-.632,-.742,.647,.175,.523,.396,.755);
			es = "Linear";
			ed = "In";
		};
		["Left Arm"] = {
			tm = .0330;
			cf = cfr(-.054,-.26,.532,-.457,.422,-.783,-.661,.428,.616,.595,.8,.083);
			es = "Linear";
			ed = "In";
		};
		["Right Arm"] = {
			tm = .0330;
			cf = cfr(.008,-.161,.351,.032,-.518,.855,.697,.625,.352,-.716,.585,.381);
			es = "Linear";
			ed = "In";
		};
		["Head"] = {
			tm = .0330;
			cf = cfr(0,0,.018,.938,.347,.016,-.324,.892,-.316,-.124,.291,.949);
			es = "Linear";
			ed = "In";
		};
	};
	{
		tm = 1.433;
		["Torso"] = {
			tm = .0340;
			cf = cfr(-.022,-.091,-.24,.972,.233,.039,-.234,.972,.017,-.034,-.025,.999);
			es = "Linear";
			ed = "In";
		};
		["Left Leg"] = {
			tm = .0340;
			cf = cfr(-.689,.309,-.198,.965,-.086,-.246,.111,.99,.089,.236,-.114,.965);
			es = "Linear";
			ed = "In";
		};
		["Right Leg"] = {
			tm = .0340;
			cf = cfr(.18,-.031,.314,.479,.626,-.616,-.697,.698,.167,.534,.349,.77);
			es = "Linear";
			ed = "In";
		};
		["Left Arm"] = {
			tm = .0340;
			cf = cfr(-.168,-.375,.448,-.592,.615,-.52,-.481,.248,.841,.646,.748,.149);
			es = "Linear";
			ed = "In";
		};
		["Right Arm"] = {
			tm = .0340;
			cf = cfr(.037,-.241,.307,-.186,-.728,.66,.609,.442,.659,-.771,.525,.361);
			es = "Linear";
			ed = "In";
		};
		["Head"] = {
			tm = .0340;
			cf = cfr(0,0,.018,.939,.339,.06,-.324,.929,-.176,-.115,.146,.983);
			es = "Linear";
			ed = "In";
		};
	};
	{
		tm = 1.467;
		["Torso"] = {
			tm = .0329;
			cf = cfr(-.099,-.228,-.25,.936,.346,-.059,-.352,.923,-.157,0,.168,.986);
			es = "Linear";
			ed = "In";
		};
		["Left Leg"] = {
			tm = .0329;
			cf = cfr(-.783,.469,-.384,.935,-.074,-.348,.162,.96,.23,.317,-.271,.909);
			es = "Linear";
			ed = "In";
		};
		["Right Leg"] = {
			tm = .0329;
			cf = cfr(.447,.257,.348,.679,.509,-.529,-.543,.833,.105,.494,.216,.842);
			es = "Linear";
			ed = "In";
		};
		["Left Arm"] = {
			tm = .0329;
			cf = cfr(-.355,-.495,.366,-.584,.796,-.162,-.262,.004,.965,.769,.606,.206);
