-- // converted using mech's animoduler
local cfr = CFrame.new

return {
	{
		tm = 0;
		["Torso"] = {
			cf = cfr(0,-.097,.94,1,0,0,0,-.524,.852,0,-.852,-.524);
			es = "Linear";
			ed = "In";
		};
		["Left Leg"] = {
			cf = cfr(-.864,.659,.001,1,.03,-.003,-.03,1,-.007,.003,.007,1);
			es = "Linear";
			ed = "In";
		};
		["Right Arm"] = {
			cf = cfr(-.059,.098,0,-.101,.995,0,-.995,-.101,0,0,0,1);
			es = "Linear";
			ed = "In";
		};
		["Head"] = {
			cf = cfr(0,0,0,1,0,0,0,.797,-.604,0,.604,.797);
			es = "Linear";
			ed = "In";
		};
		["Left Arm"] = {
			cf = cfr(.184,.063,0,-.169,-.986,0,.986,-.169,0,0,0,1);
			es = "Linear";
			ed = "In";
		};
		["Right Leg"] = {
			cf = cfr(.606,.2,0,-.432,-.902,0,.902,-.432,0,0,0,1);
			es = "Linear";
			ed = "In";
		};
	};
	{
		tm = .283;
		["Torso"] = {
			cf = cfr(0,-.097,1.415,1,0,0,0,.293,.956,0,-.956,.293);
			es = "Linear";
			ed = "In";
		};
		["Left Leg"] = {
			cf = cfr(-1.107,.505,-.001,.844,-.537,-.003,.537,.844,-.007,.006,.004,1);
			es = "Linear";
			ed = "In";
		};
		["Right Arm"] = {
			cf = cfr(-.059,.098,0,-.66,.751,0,-.751,-.66,0,0,0,1);
			es = "Linear";
			ed = "In";
		};
		["Head"] = {
			cf = cfr(0,0,0,1,0,0,0,.771,-.636,0,.636,.771);
			es = "Linear";
			ed = "In";
		};
		["Left Arm"] = {
			cf = cfr(.184,.063,0,-.351,-.936,0,.936,-.351,0,0,0,1);
			es = "Linear";
			ed = "In";
		};
		["Right Leg"] = {
			cf = cfr(.606,.2,0,-.035,-.999,0,.999,-.035,0,0,0,1);
			es = "Linear";
			ed = "In";
		};
		["swingreg"] = "";
	};
	{
		tm = .367;
		["Torso"] = {
			cf = cfr(0,-.097,-.656,1,0,0,0,.834,-.552,0,.552,.834);
			es = "Linear";
			ed = "In";
		};
		["Left Leg"] = {
			cf = cfr(-.419,.364,.001,.987,-.159,-.003,.159,.987,-.007,.004,.006,1);
			es = "Linear";
			ed = "In";
		};
		["Right Arm"] = {
			cf = cfr(-.059,.098,0,-.206,.979,0,-.979,-.206,0,0,0,1);
			es = "Linear";
			ed = "In";
		};
		["Head"] = {
			cf = cfr(0,0,0,1,0,0,0,.766,-.643,0,.643,.766);
			es = "Linear";
			ed = "In";
		};
		["Left Arm"] = {
			cf = cfr(.184,.063,0,-.299,-.954,0,.954,-.299,0,0,0,1);
			es = "Linear";
			ed = "In";
		};
		["Right Leg"] = {
			cf = cfr(.891,1.029,0,.798,-.602,0,.602,.798,0,0,0,1);
			es = "Linear";
			ed = "In";
		};
		["hitreg"] = "";
	};
	{
		tm = .433;
		["Torso"] = {
			cf = cfr(0,-.097,-.893,1,0,0,0,.401,-.916,0,.916,.401);
			es = "Linear";
			ed = "In";
		};
		["Left Leg"] = {
			cf = cfr(-.419,.364,.001,.954,.301,-.003,-.301,.954,-.007,.001,.008,1);
			es = "Linear";
			ed = "In";
		};
		["Right Arm"] = {
			cf = cfr(-.36,.003,0,-.395,.919,0,-.919,-.395,0,0,0,1);
			es = "Linear";
			ed = "In";
		};
		["Head"] = {
			cf = cfr(0,0,0,1,0,0,0,.621,-.784,0,.784,.621);
			es = "Linear";
			ed = "In";
		};
		["Left Arm"] = {
			cf = cfr(.493,-.003,0,-.481,-.877,0,.877,-.481,0,0,0,1);
			es = "Linear";
			ed = "In";
		};
		["Right Leg"] = {
			cf = cfr(.404,1.156,0,.15,-.989,0,.989,.15,0,0,0,1);
			es = "Linear";
			ed = "In";
		};
	};
	{
		tm = .5;
		["Torso"] = {
			cf = cfr(0,-.097,-.893,1,0,0,0,.309,-.951,0,.951,.309);
			es = "Linear";
			ed = "In";
		};
		["Left Leg"] = {
			cf = cfr(-.419,.364,.001,.924,.383,-.003,-.383,.924,-.007,0,.008,1);
			es = "Linear";
			ed = "In";
		};
		["Right Arm"] = {
			cf = cfr(-.36,.003,0,.04,.999,0,-.999,.04,0,0,0,1);
			es = "Linear";
			ed = "In";
		};
		["Head"] = {
			cf = cfr(0,0,0,1,0,0,0,.774,-.634,0,.634,.774);
			es = "Linear";
			ed = "In";
		};
		["Left Arm"] = {
			cf = cfr(.493,-.003,0,-.056,-.998,0,.998,-.056,0,0,0,1);
			es = "Linear";
			ed = "In";
		};
		["Right Leg"] = {
			cf = cfr(.404,1.156,0,.036,-.999,0,.999,.036,0,0,0,1);
			es = "Linear";
			ed = "In";
		};
	};
	{
		tm = .583;
		["Torso"] = {
			cf = cfr(0,-.097,-.893,1,0,0,0,.528,-.85,0,.85,.528);
			es = "Linear";
			ed = "In";
		};
		["Left Leg"] = {
			cf = cfr(-.419,.364,.001,.985,.172,-.003,-.172,.985,-.007,.002,.007,1);
			es = "Linear";
			ed = "In";
		};
		["Right Arm"] = {
			cf = cfr(-.076,-.173,0,.976,.218,0,-.218,.976,0,0,0,1);
			es = "Linear";
			ed = "In";
		};
		["Head"] = {
			cf = cfr(0,0,0,1,0,0,0,.965,.262,0,-.262,.965);
			es = "Linear";
			ed = "In";
		};
		["Left Arm"] = {
			cf = cfr(.209,-.179,0,.951,-.311,0,.311,.951,0,0,0,1);
			es = "Linear";
			ed = "In";
		};
		["Right Leg"] = {
			cf = cfr(.404,1.156,0,.356,-.934,0,.934,.356,0,0,0,1);
			es = "Linear";
			ed = "In";
		};
	};
	{
		tm = .65;
		["Torso"] = {
			cf = cfr(0,-.097,-.514,1,0,0,0,.846,-.532,0,.532,.846);
			es = "Linear";
			ed = "In";
		};
		["Left Leg"] = {
			cf = cfr(-.349,-.017,-.001,.969,-.248,-.003,.248,.969,-.007,.005,.006,1);
			es = "Linear";
			ed = "In";
		};
		["Right Arm"] = {
			cf = cfr(.171,-.094,0,.981,-.195,0,.195,.981,0,0,0,1);
			es = "Linear";
			ed = "In";
		};
		["Head"] = {
			cf = cfr(0,0,0,1,0,0,0,.922,.388,0,-.388,.922);
			es = "Linear";
			ed = "In";
		};
		["Left Arm"] = {
			cf = cfr(-.086,-.207,0,.964,.267,0,-.267,.964,0,0,0,1);
			es = "Linear";
			ed = "In";
		};
		["Right Leg"] = {
			cf = cfr(.673,.729,0,.757,-.654,0,.654,.757,0,0,0,1);
			es = "Linear";
			ed = "In";
		};
	};
	{
		tm = .7;
		["Torso"] = {
			cf = cfr(0,-.097,-.175,1,0,0,0,.951,-.309,0,.309,.951);
			es = "Linear";
			ed = "In";
		};
		["Left Leg"] = {
			cf = cfr(-.349,-.017,-.001,.963,-.271,-.003,.271,.962,-.007,.005,.006,1);
			es = "Linear";
			ed = "In";
		};
		["Right Arm"] = {
			cf = cfr(-.056,-.099,0,.935,-.356,0,.356,.935,0,0,0,1);
			es = "Linear";
			ed = "In";
		};
		["Head"] = {
			cf = cfr(0,0,0,1,0,0,0,.963,.269,0,-.269,.963);
			es = "Linear";
			ed = "In";
		};
		["Left Arm"] = {
			cf = cfr(-.086,-.207,0,.918,.396,0,-.396,.918,0,0,0,1);
			es = "Linear";
			ed = "In";
		};
		["Right Leg"] = {
			cf = cfr(.823,.351,0,.93,-.368,0,.368,.93,0,0,0,1);
			es = "Linear";
			ed = "In";
		};
	};
	{
		tm = .717;
		["Torso"] = {
			cf = cfr(0,-.097,-.175,1,0,0,0,.951,-.309,0,.309,.951);
			es = "Linear";
			ed = "In";
		};
		["Left Leg"] = {
			cf = cfr(-.349,-.017,-.001,.963,-.271,-.003,.271,.962,-.007,.005,.006,1);
			es = "Linear";
			ed = "In";
		};
		["Right Arm"] = {
			cf = cfr(-.056,-.099,0,.935,-.356,0,.356,.935,0,0,0,1);
			es = "Linear";
			ed = "In";
		};
		["Head"] = {
			cf = cfr(0,0,0,1,0,0,0,.963,.269,0,-.269,.963);
			es = "Linear";
			ed = "In";
		};
		["Left Arm"] = {
			cf = cfr(-.086,-.207,0,.918,.396,0,-.396,.918,0,0,0,1);
			es = "Linear";
			ed = "In";
		};
		["Right Leg"] = {
			cf = cfr(.823,.351,0,.93,-.368,0,.368,.93,0,0,0,1);
			es = "Linear";
			ed = "In";
		};
		["end"] = "";
	};
}
