-- // converted using mech's animoduler
local cfr = CFrame.new

return {
	{
		tm = 0;
		["Torso"] = {
			tm = .05;
			cf = cfr(.262,0,-.121,1,0,0,0,1,0,0,0,1);
			es = "Linear";
			ed = "In";
		};
		["Left Leg"] = {
			tm = .05;
			cf = cfr(0,0,0,1,0,0,0,1,0,0,0,1);
			es = "Linear";
			ed = "In";
		};
		["Right Leg"] = {
			tm = .05;
			cf = cfr(0,.546,.158,.693,-.107,-.713,.132,.991,-.02,.709,-.08,.701);
			es = "Linear";
			ed = "In";
		};
		["Left Arm"] = {
			tm = .05;
			cf = cfr(-.422,-.168,-.102,-.263,.394,-.881,-.953,-.249,.173,-.151,.885,.441);
			es = "Linear";
			ed = "In";
		};
		["Right Arm"] = {
			tm = .05;
			cf = cfr(0,.828,0,-.997,-.045,-.056,.032,-.975,.222,-.065,.219,.974);
			es = "Linear";
			ed = "In";
		};
		["Head"] = {
			tm = .05;
			cf = cfr(0,0,0,.998,.064,.023,-.066,.988,.137,-.014,-.138,.99);
			es = "Linear";
			ed = "In";
		};
	};
	{
		tm = .05;
		["Torso"] = {
			tm = .05;
			cf = cfr(.247,0,-.274,1,0,0,0,1,0,0,0,1);
			es = "Linear";
			ed = "In";
		};
		["Left Leg"] = {
			tm = .05;
			cf = cfr(0,.131,0,1,0,0,0,.999,.046,0,-.046,.999);
			es = "Linear";
			ed = "In";
		};
		["Right Leg"] = {
			tm = .05;
			cf = cfr(0,.347,.207,.73,-.072,-.68,.109,.994,.011,.675,-.082,.733);
			es = "Linear";
			ed = "In";
		};
		["Left Arm"] = {
			tm = .05;
			cf = cfr(-.422,-.168,-.101,-.245,.406,-.881,-.963,-.205,.173,-.11,.891,.441);
			es = "Linear";
			ed = "In";
		};
		["Right Arm"] = {
			tm = .05;
			cf = cfr(-.159,.828,0,-.946,.324,.031,-.321,-.944,.075,.054,.062,.997);
			es = "Linear";
			ed = "In";
		};
		["Head"] = {
			tm = .05;
			cf = cfr(0,0,0,.997,.072,-.018,-.069,.988,.138,.027,-.136,.99);
			es = "Linear";
			ed = "In";
		};
	};
	{
		tm = .1;
		["Torso"] = {
			tm = .0499;
			cf = cfr(.23,0,-.329,1,0,0,0,1,0,0,0,1);
			es = "Linear";
			ed = "In";
		};
		["Left Leg"] = {
			tm = .0499;
			cf = cfr(0,.215,0,1,0,0,0,.996,.085,0,-.085,.996);
			es = "Linear";
			ed = "In";
		};
		["Right Leg"] = {
			tm = .0499;
			cf = cfr(0,.207,.221,.765,-.039,-.643,.085,.996,.041,.639,-.086,.765);
			es = "Linear";
			ed = "In";
		};
		["Left Arm"] = {
			tm = .0499;
			cf = cfr(-.422,-.168,-.1,-.228,.415,-.881,-.971,-.167,.173,-.075,.895,.441);
			es = "Linear";
			ed = "In";
		};
		["Right Arm"] = {
			tm = .0499;
			cf = cfr(-.218,.828,0,-.893,.44,.091,-.445,-.895,-.031,.067,-.068,.995);
			es = "Linear";
			ed = "In";
		};
		["Head"] = {
			tm = .0499;
			cf = cfr(0,0,0,.996,.077,-.038,-.071,.988,.139,.048,-.136,.99);
			es = "Linear";
			ed = "In";
		};
	};
	{
		tm = .15;
		["Torso"] = {
			tm = .0500;
			cf = cfr(.186,0,-.383,1,0,0,0,1,0,0,0,1);
			es = "Linear";
			ed = "In";
		};
		["Left Leg"] = {
			tm = .0500;
			cf = cfr(0,.354,0,1,0,0,0,.988,.154,0,-.154,.988);
			es = "Linear";
			ed = "In";
		};
		["Right Leg"] = {
			tm = .0500;
			cf = cfr(0,.237,.108,.841,.032,-.541,.031,.994,.106,.541,-.106,.835);
			es = "Linear";
			ed = "In";
		};
		["Left Arm"] = {
			tm = .0500;
			cf = cfr(-.422,-.168,-.099,-.19,.434,-.881,-.982,-.078,.173,.006,.898,.441);
			es = "Linear";
			ed = "In";
		};
		["Right Arm"] = {
			tm = .0500;
			cf = cfr(-.21,.828,-.001,-.905,.416,.085,-.424,-.868,-.26,-.034,-.271,.962);
			es = "Linear";
			ed = "In";
		};
		["Head"] = {
			tm = .0500;
			cf = cfr(0,0,0,.993,.089,-.078,-.077,.987,.142,.089,-.135,.987);
			es = "Linear";
			ed = "In";
		};
	};
	{
		tm = .2;
		["Torso"] = {
			tm = .0499;
			cf = cfr(.161,0,-.369,1,0,0,0,1,0,0,0,1);
			es = "Linear";
			ed = "In";
		};
		["Left Leg"] = {
			tm = .0499;
			cf = cfr(0,.388,0,1,0,0,0,.985,.172,0,-.172,.985);
			es = "Linear";
			ed = "In";
		};
		["Right Leg"] = {
			tm = .0499;
			cf = cfr(0,.338,.01,.875,.059,-.481,.006,.991,.133,.485,-.119,.867);
			es = "Linear";
			ed = "In";
		};
		["Left Arm"] = {
			tm = .0499;
			cf = cfr(-.422,-.168,-.099,-.169,.443,-.881,-.984,-.03,.173,.05,.896,.441);
			es = "Linear";
			ed = "In";
		};
		["Right Arm"] = {
			tm = .0499;
			cf = cfr(-.162,.828,-.001,-.941,.336,.038,-.325,-.868,-.374,-.093,-.365,.927);
			es = "Linear";
			ed = "In";
		};
		["Head"] = {
			tm = .0499;
			cf = cfr(0,0,0,.991,.094,-.097,-.08,.986,.144,.109,-.134,.985);
			es = "Linear";
			ed = "In";
		};
	};
	{
		tm = .25;
		["Torso"] = {
			tm = .0499;
			cf = cfr(.093,0,-.102,1,0,-.009,0,1,0,.009,0,1);
			es = "Linear";
			ed = "In";
		};
		["Left Leg"] = {
			tm = .0499;
			cf = cfr(0,.266,.061,.995,-.063,.081,.053,.991,.122,-.088,-.117,.989);
			es = "Linear";
			ed = "In";
		};
		["Right Leg"] = {
			tm = .0499;
			cf = cfr(0,.254,.012,.946,.088,-.311,-.038,.986,.165,.321,-.145,.936);
			es = "Linear";
			ed = "In";
		};
		["Left Arm"] = {
			tm = .0499;
			cf = cfr(-.422,-.168,-.1,-.123,.457,-.881,-.982,.069,.173,.14,.887,.441);
			es = "Linear";
			ed = "In";
		};
		["Right Arm"] = {
			tm = .0499;
			cf = cfr(-.049,.828,-.002,-.993,.114,.02,-.105,-.813,-.573,-.049,-.571,.819);
			es = "Linear";
			ed = "In";
		};
		["Head"] = {
			tm = .0499;
			cf = cfr(0,0,0,.986,.101,-.131,-.081,.986,.147,.144,-.135,.98);
			es = "Linear";
			ed = "In";
		};
	};
	{
		tm = .3;
		["Torso"] = {
			tm = .0499;
			cf = cfr(.05,0,.123,1,0,-.02,0,1,0,.02,0,1);
			es = "Linear";
			ed = "In";
		};
		["Left Leg"] = {
			tm = .0499;
			cf = cfr(0,.139,.132,.976,-.122,.182,.111,.991,.069,-.189,-.047,.981);
			es = "Linear";
			ed = "In";
		};
		["Right Leg"] = {
			tm = .0499;
			cf = cfr(0,.171,.025,.975,.095,-.2,-.059,.983,.176,.214,-.159,.964);
			es = "Linear";
			ed = "In";
		};
		["Left Arm"] = {
			tm = .0499;
			cf = cfr(-.422,-.168,-.101,-.101,.463,-.881,-.978,.117,.173,.183,.879,.441);
			es = "Linear";
			ed = "In";
		};
		["Right Arm"] = {
			tm = .0499;
			cf = cfr(.012,.828,-.002,-.996,-.052,.07,-.004,-.779,-.627,.087,-.625,.776);
			es = "Linear";
			ed = "In";
		};
		["Head"] = {
			tm = .0499;
			cf = cfr(0,0,0,.984,.101,-.146,-.079,.986,.15,.159,-.136,.978);
			es = "Linear";
			ed = "In";
		};
	};
	{
		tm = .35;
		["Torso"] = {
			tm = .0500;
			cf = cfr(.01,0,.327,1,0,-.03,0,1,0,.03,0,1);
			es = "Linear";
			ed = "In";
		};
		["Left Leg"] = {
			tm = .0500;
			cf = cfr(0,.022,.208,.939,-.163,.302,.165,.986,.019,-.3,.032,.953);
			es = "Linear";
			ed = "In";
		};
		["Right Leg"] = {
			tm = .0500;
			cf = cfr(0,.091,.037,.99,.097,-.106,-.077,.98,.182,.121,-.172,.978);
			es = "Linear";
			ed = "In";
		};
		["Left Arm"] = {
			tm = .0500;
			cf = cfr(-.422,-.168,-.104,-.079,.467,-.881,-.971,.162,.173,.224,.869,.441);
			es = "Linear";
			ed = "In";
		};
		["Right Arm"] = {
			tm = .0500;
			cf = cfr(.073,.828,-.002,-.963,-.233,.134,.091,-.752,-.652,.252,-.616,.746);
			es = "Linear";
			ed = "In";
		};
		["Head"] = {
			tm = .0500;
			cf = cfr(0,0,0,.982,.1,-.158,-.076,.986,.152,.171,-.137,.976);
			es = "Linear";
			ed = "In";
		};
	};
	{
		tm = .4;
		["Torso"] = {
			tm = .0499;
			cf = cfr(-.032,0,.41,.999,0,-.033,0,1,0,.033,0,.999);
			es = "Linear";
			ed = "In";
		};
		["Left Leg"] = {
			tm = .0499;
			cf = cfr(-.023,.032,.307,.847,-.15,.51,.182,.983,-.012,-.5,.103,.86);
			es = "Linear";
			ed = "In";
		};
		["Right Leg"] = {
			tm = .0499;
			cf = cfr(0,.02,.045,.994,.096,-.049,-.087,.981,.172,.064,-.167,.984);
			es = "Linear";
			ed = "In";
		};
		["Left Arm"] = {
			tm = .0499;
			cf = cfr(-.422,-.168,-.106,-.08,.467,-.881,-.972,.16,.173,.222,.87,.441);
			es = "Linear";
			ed = "In";
		};
		["Right Arm"] = {
			tm = .0499;
			cf = cfr(.173,.828,-.003,-.872,-.448,.196,.272,-.777,-.567,.407,-.441,.8);
			es = "Linear";
			ed = "In";
		};
		["Head"] = {
			tm = .0499;
			cf = cfr(0,0,0,.98,.093,-.173,-.066,.986,.155,.185,-.141,.973);
			es = "Linear";
			ed = "In";
		};
	};
	{
		tm = .45;
		["Torso"] = {
			tm = .0499;
			cf = cfr(-.023,0,.224,1,0,-.021,0,1,0,.021,0,1);
			es = "Linear";
			ed = "In";
		};
		["Left Leg"] = {
			tm = .0499;
			cf = cfr(-.102,.217,.328,.816,-.087,.571,.114,.993,-.012,-.566,.075,.821);
			es = "Linear";
			ed = "In";
		};
		["Right Leg"] = {
			tm = .0499;
			cf = cfr(0,.042,.044,.994,.093,-.049,-.087,.99,.113,.059,-.108,.992);
			es = "Linear";
			ed = "In";
		};
		["Left Arm"] = {
			tm = .0499;
			cf = cfr(-.422,-.168,-.106,-.14,.452,-.881,-.984,.032,.173,.107,.891,.441);
			es = "Linear";
			ed = "In";
		};
		["Right Arm"] = {
			tm = .0499;
			cf = cfr(.188,.828,-.003,-.884,-.44,.155,.355,-.85,-.39,.303,-.29,.908);
			es = "Linear";
			ed = "In";
		};
		["Head"] = {
			tm = .0499;
			cf = cfr(0,0,0,.981,.088,-.172,-.061,.986,.157,.183,-.144,.973);
			es = "Linear";
			ed = "In";
		};
	};
	{
		tm = .5;
		["Torso"] = {
			tm = .0500;
			cf = cfr(.001,0,-.105,1,0,0,0,1,0,0,0,1);
			es = "Linear";
			ed = "In";
		};
		["Left Leg"] = {
			tm = .0500;
			cf = cfr(-.245,.562,.34,.808,.014,.59,-.008,1,-.012,-.59,.005,.808);
			es = "Linear";
			ed = "In";
		};
		["Right Leg"] = {
			tm = .0500;
			cf = cfr(0,.088,.043,.995,.088,-.049,-.088,.996,.008,.05,-.003,.999);
			es = "Linear";
			ed = "In";
		};
		["Left Arm"] = {
			tm = .0500;
			cf = cfr(-.422,-.168,-.107,-.235,.411,-.881,-.968,-.183,.173,-.09,.893,.441);
			es = "Linear";
			ed = "In";
		};
		["Right Arm"] = {
			tm = .0500;
			cf = cfr(.193,.828,-.004,-.966,-.258,.017,.257,-.966,-.014,.02,-.01,1);
			es = "Linear";
			ed = "In";
		};
		["Head"] = {
			tm = .0500;
			cf = cfr(0,0,0,.989,.072,-.132,-.051,.986,.16,.142,-.151,.978);
			es = "Linear";
			ed = "In";
		};
	};
	{
		tm = .55;
		["Torso"] = {
			tm = .0499;
			cf = cfr(.016,0,-.107,1,0,0,0,1,0,0,0,1);
			es = "Linear";
			ed = "In";
		};
		["Left Leg"] = {
			tm = .0499;
			cf = cfr(-.213,.501,.338,.808,-.008,.59,.019,1,-.012,-.589,.021,.808);
			es = "Linear";
			ed = "In";
		};
		["Right Leg"] = {
			tm = .0499;
			cf = cfr(0,.113,.042,.995,.089,-.049,-.088,.996,.03,.052,-.025,.998);
			es = "Linear";
			ed = "In";
		};
		["Left Arm"] = {
			tm = .0499;
			cf = cfr(-.422,-.168,-.107,-.229,.414,-.881,-.97,-.169,.173,-.077,.894,.441);
			es = "Linear";
			ed = "In";
		};
		["Right Arm"] = {
			tm = .0499;
			cf = cfr(.169,.828,-.004,-.992,-.117,-.056,.108,-.985,.138,-.071,.13,.989);
			es = "Linear";
			ed = "In";
		};
		["Head"] = {
			tm = .0499;
			cf = cfr(0,0,0,.992,.065,-.106,-.047,.986,.161,.115,-.154,.981);
			es = "Linear";
			ed = "In";
		};
	};
	{
		tm = .6;
		["Torso"] = {
			tm = .0500;
			cf = cfr(.048,0,-.107,1,0,0,0,1,0,0,0,1);
			es = "Linear";
			ed = "In";
		};
		["Left Leg"] = {
			tm = .0500;
			cf = cfr(-.035,.144,.311,.834,-.138,.533,.171,.985,-.012,-.524,.101,.846);
			es = "Linear";
			ed = "In";
		};
		["Right Leg"] = {
			tm = .0500;
			cf = cfr(0,.165,.041,.994,.095,-.049,-.087,.984,.156,.063,-.151,.987);
			es = "Linear";
			ed = "In";
		};
		["Left Arm"] = {
			tm = .0500;
			cf = cfr(-.422,-.168,-.107,-.173,.441,-.881,-.984,-.041,.173,.04,.897,.441);
			es = "Linear";
			ed = "In";
		};
		["Right Arm"] = {
			tm = .0500;
			cf = cfr(.025,.828,-.004,-.977,.172,-.125,-.179,-.983,.047,-.115,.069,.991);
			es = "Linear";
			ed = "In";
		};
		["Head"] = {
			tm = .0500;
			cf = cfr(0,0,0,.997,.053,-.049,-.044,.986,.161,.057,-.159,.986);
			es = "Linear";
			ed = "In";
		};
	};
	{
		tm = .65;
		["Torso"] = {
			tm = .0499;
			cf = cfr(.066,0,-.106,1,0,0,0,1,0,0,0,1);
			es = "Linear";
			ed = "In";
		};
		["Left Leg"] = {
			tm = .0499;
			cf = cfr(0,.015,.276,.873,-.171,.457,.198,.98,-.012,-.446,.101,.889);
			es = "Linear";
			ed = "In";
		};
		["Right Leg"] = {
			tm = .0499;
			cf = cfr(0,.192,.04,.994,.097,-.049,-.086,.979,.186,.066,-.181,.981);
			es = "Linear";
			ed = "In";
		};
		["Left Arm"] = {
			tm = .0499;
			cf = cfr(-.422,-.168,-.108,-.138,.453,-.881,-.984,.038,.173,.112,.891,.441);
			es = "Linear";
			ed = "In";
		};
		["Right Arm"] = {
			tm = .0499;
			cf = cfr(-.061,.828,-.004,-.943,.301,-.141,-.297,-.953,-.049,-.149,-.005,.989);
			es = "Linear";
			ed = "In";
		};
		["Head"] = {
			tm = .0499;
			cf = cfr(0,0,0,.998,.052,-.019,-.048,.986,.161,.028,-.16,.987);
			es = "Linear";
			ed = "In";
		};
	};
	{
		tm = .7;
		["Torso"] = {
			tm = .0500;
			cf = cfr(.106,0,.114,1,0,0,0,1,0,0,0,1);
			es = "Linear";
			ed = "In";
		};
		["Left Leg"] = {
			tm = .0500;
			cf = cfr(0,-.058,.138,.951,-.186,.249,.194,.981,-.007,-.243,.055,.969);
			es = "Linear";
			ed = "In";
		};
		["Right Leg"] = {
			tm = .0500;
			cf = cfr(0,.245,.039,.97,.103,-.219,-.065,.983,.173,.233,-.153,.96);
			es = "Linear";
			ed = "In";
		};
		["Left Arm"] = {
			tm = .0500;
			cf = cfr(-.422,-.168,-.108,-.087,.466,-.881,-.974,.147,.173,.21,.873,.441);
			es = "Linear";
			ed = "In";
		};
		["Right Arm"] = {
			tm = .0500;
			cf = cfr(-.195,.828,-.003,-.871,.471,-.143,-.427,-.867,-.256,-.245,-.162,.956);
			es = "Linear";
			ed = "In";
		};
		["Head"] = {
			tm = .0500;
			cf = cfr(0,0,0,.998,.057,.038,-.063,.985,.159,-.029,-.161,.987);
			es = "Linear";
			ed = "In";
		};
	};
	{
		tm = .75;
		["Torso"] = {
			tm = .0500;
			cf = cfr(.128,0,.285,1,0,0,0,1,0,0,0,1);
			es = "Linear";
			ed = "In";
		};
		["Left Leg"] = {
			tm = .0500;
			cf = cfr(0,-.066,.06,.973,-.185,.136,.187,.982,-.003,-.133,.028,.991);
			es = "Linear";
			ed = "In";
		};
		["Right Leg"] = {
			tm = .0500;
			cf = cfr(0,.272,.039,.927,.097,-.362,-.045,.988,.15,.372,-.123,.92);
			es = "Linear";
			ed = "In";
		};
		["Left Arm"] = {
			tm = .0500;
			cf = cfr(-.422,-.168,-.108,-.091,.465,-.881,-.975,.138,.173,.202,.875,.441);
			es = "Linear";
			ed = "In";
		};
		["Right Arm"] = {
			tm = .0500;
			cf = cfr(-.201,.828,-.003,-.876,.468,-.113,-.403,-.842,-.359,-.264,-.269,.926);
			es = "Linear";
			ed = "In";
		};
		["Head"] = {
			tm = .0500;
			cf = cfr(0,0,0,.996,.062,.066,-.071,.985,.157,-.055,-.161,.985);
			es = "Linear";
			ed = "In";
		};
	};
	{
		tm = .8;
		["Torso"] = {
			tm = .0499;
			cf = cfr(.188,0,.474,1,0,0,0,1,0,0,0,1);
			es = "Linear";
			ed = "In";
		};
		["Left Leg"] = {
			tm = .0499;
			cf = cfr(0,-.025,-.019,.988,-.152,-.002,.152,.988,.001,.002,-.002,1);
			es = "Linear";
			ed = "In";
		};
		["Right Leg"] = {
			tm = .0499;
			cf = cfr(0,.325,.038,.802,.052,-.595,.008,.995,.097,.597,-.082,.798);
			es = "Linear";
			ed = "In";
		};
		["Left Arm"] = {
			tm = .0499;
			cf = cfr(-.422,-.168,-.108,-.168,.443,-.881,-.984,-.028,.173,.052,.896,.441);
			es = "Linear";
			ed = "In";
		};
		["Right Arm"] = {
			tm = .0499;
			cf = cfr(-.152,.828,-.003,-.98,.198,.031,-.182,-.818,-.546,-.083,-.54,.837);
			es = "Linear";
			ed = "In";
		};
		["Head"] = {
			tm = .0499;
			cf = cfr(0,0,0,.991,.068,.112,-.085,.985,.153,-.1,-.161,.982);
			es = "Linear";
			ed = "In";
		};
	};
	{
		tm = .85;
		["Torso"] = {
			tm = .0500;
			cf = cfr(.233,0,.31,1,0,0,0,1,0,0,0,1);
			es = "Linear";
			ed = "In";
		};
		["Left Leg"] = {
			tm = .0500;
			cf = cfr(0,.033,-.012,.996,-.085,-.002,.085,.996,.001,.002,-.001,1);
			es = "Linear";
			ed = "In";
		};
		["Right Leg"] = {
			tm = .0500;
			cf = cfr(0,.352,.04,.741,-.02,-.671,.066,.997,.043,.668,-.076,.74);
			es = "Linear";
			ed = "In";
		};
		["Left Arm"] = {
			tm = .0500;
			cf = cfr(-.422,-.168,-.108,-.21,.425,-.881,-.977,-.124,.173,-.035,.897,.441);
			es = "Linear";
			ed = "In";
		};
		["Right Arm"] = {
			tm = .0500;
			cf = cfr(-.118,.828,-.003,-.995,-.029,.094,-.036,-.785,-.619,.092,-.619,.78);
			es = "Linear";
			ed = "In";
		};
		["Head"] = {
			tm = .0500;
			cf = cfr(0,0,0,.99,.069,.125,-.088,.985,.151,-.112,-.16,.981);
			es = "Linear";
			ed = "In";
		};
	};
	{
		tm = .9;
		["Torso"] = {
			tm = .0499;
			cf = cfr(.262,0,-.175,1,0,0,0,1,0,0,0,1);
			es = "Linear";
			ed = "In";
		};
		["Left Leg"] = {
			tm = .0499;
			cf = cfr(0,.094,0,1,0,-.002,0,1,0,.002,0,1);
			es = "Linear";
			ed = "In";
		};
		["Right Leg"] = {
			tm = .0499;
			cf = cfr(0,.403,.054,.695,-.107,-.711,.132,.991,-.02,.707,-.08,.703);
			es = "Linear";
			ed = "In";
		};
		["Left Arm"] = {
			tm = .0499;
			cf = cfr(-.422,-.168,-.107,-.236,.411,-.881,-.967,-.184,.173,-.091,.893,.441);
			es = "Linear";
			ed = "In";
		};
		["Right Arm"] = {
			tm = .0499;
			cf = cfr(-.049,.828,-.002,-.877,-.441,.193,.208,-.709,-.674,.434,-.551,.713);
			es = "Linear";
			ed = "In";
		};
		["Head"] = {
			tm = .0499;
			cf = cfr(0,0,0,.991,.068,.116,-.085,.986,.147,-.105,-.155,.982);
			es = "Linear";
			ed = "In";
		};
	};
	{
		tm = .95;
		["Torso"] = {
			tm = .0500;
			cf = cfr(.262,0,-.179,1,0,0,0,1,0,0,0,1);
			es = "Linear";
			ed = "In";
		};
		["Left Leg"] = {
			tm = .0500;
			cf = cfr(0,.074,0,1,0,-.002,0,1,-.001,.002,.001,1);
			es = "Linear";
			ed = "In";
		};
		["Right Leg"] = {
			tm = .0500;
			cf = cfr(0,.429,.065,.697,-.107,-.709,.132,.991,-.02,.705,-.08,.705);
			es = "Linear";
			ed = "In";
		};
		["Left Arm"] = {
			tm = .0500;
			cf = cfr(-.422,-.168,-.107,-.213,.423,-.881,-.976,-.131,.173,-.042,.897,.441);
			es = "Linear";
			ed = "In";
		};
		["Right Arm"] = {
			tm = .0500;
			cf = cfr(-.017,.828,-.002,-.799,-.556,.229,.286,-.686,-.669,.529,-.469,.707);
			es = "Linear";
			ed = "In";
		};
		["Head"] = {
			tm = .0500;
			cf = cfr(0,0,0,.992,.066,.108,-.082,.986,.144,-.097,-.152,.984);
			es = "Linear";
			ed = "In";
		};
	};
	{
		tm = 1;
		["Torso"] = {
			tm = .0500;
			cf = cfr(.262,0,-.075,1,0,0,0,1,0,0,0,1);
			es = "Linear";
			ed = "In";
		};
		["Left Leg"] = {
			tm = .0500;
			cf = cfr(0,.007,0,1,0,-.001,0,1,-.004,.001,.004,1);
			es = "Linear";
			ed = "In";
		};
		["Right Leg"] = {
			tm = .0500;
			cf = cfr(0,.477,.092,.697,-.107,-.709,.132,.991,-.02,.705,-.08,.704);
			es = "Linear";
			ed = "In";
		};
		["Left Arm"] = {
			tm = .0500;
			cf = cfr(-.422,-.168,-.105,-.109,.461,-.881,-.98,.1,.173,.168,.882,.441);
			es = "Linear";
			ed = "In";
		};
		["Right Arm"] = {
			tm = .0500;
			cf = cfr(.034,.828,-.001,-.836,-.493,.242,.391,-.844,-.368,.385,-.213,.898);
			es = "Linear";
			ed = "In";
		};
		["Head"] = {
			tm = .0500;
			cf = cfr(0,0,0,.994,.063,.087,-.075,.987,.141,-.077,-.146,.986);
			es = "Linear";
			ed = "In";
		};
	};
	{
		tm = 1.05;
		["Torso"] = {
			tm = .0500;
			cf = cfr(.262,0,-.033,1,0,0,0,1,0,0,0,1);
			es = "Linear";
			ed = "In";
		};
		["Left Leg"] = {
			tm = .0500;
			cf = cfr(0,-.019,0,1,0,-.001,0,1,-.004,.001,.004,1);
			es = "Linear";
			ed = "In";
		};
		["Right Leg"] = {
			tm = .0500;
			cf = cfr(0,.499,.108,.695,-.107,-.711,.132,.991,-.02,.706,-.08,.703);
			es = "Linear";
			ed = "In";
		};
		["Left Arm"] = {
			tm = .0500;
			cf = cfr(-.422,-.168,-.104,-.127,.456,-.881,-.983,.062,.173,.133,.888,.441);
			es = "Linear";
			ed = "In";
		};
		["Right Arm"] = {
			tm = .0500;
			cf = cfr(.049,.828,-.001,-.913,-.389,.122,.381,-.921,-.081,.144,-.028,.989);
			es = "Linear";
			ed = "In";
		};
		["Head"] = {
			tm = .0500;
			cf = cfr(0,0,0,.995,.062,.073,-.072,.988,.139,-.064,-.144,.988);
			es = "Linear";
			ed = "In";
		};
	};
	{
		tm = 1.1;
		["Torso"] = {
			tm = .0499;
			cf = cfr(.262,0,-.021,1,0,0,0,1,0,0,0,1);
			es = "Linear";
			ed = "In";
		};
		["Left Leg"] = {
			tm = .0499;
			cf = cfr(0,-.03,0,1,0,-.001,0,1,-.004,.001,.004,1);
			es = "Linear";
			ed = "In";
		};
		["Right Leg"] = {
			tm = .0499;
			cf = cfr(0,.52,.124,.694,-.107,-.712,.132,.991,-.02,.708,-.08,.702);
			es = "Linear";
			ed = "In";
		};
		["Left Arm"] = {
			tm = .0499;
			cf = cfr(-.422,-.168,-.104,-.18,.438,-.881,-.983,-.057,.173,.026,.897,.441);
			es = "Linear";
			ed = "In";
		};
		["Right Arm"] = {
			tm = .0499;
			cf = cfr(.053,.828,-.001,-.958,-.288,.008,.287,-.953,.1,-.022,.098,.995);
			es = "Linear";
			ed = "In";
		};
		["Head"] = {
			tm = .0499;
			cf = cfr(0,0,0,.996,.061,.058,-.069,.988,.138,-.049,-.141,.989);
			es = "Linear";
			ed = "In";
		};
	};
	{
		tm = 1.15;
		["Torso"] = {
			tm = 0;
			cf = cfr(.262,0,-.049,1,0,0,0,1,0,0,0,1);
			es = "Linear";
			ed = "In";
		};
		["Left Leg"] = {
			tm = 0;
			cf = cfr(0,-.024,0,1,0,0,0,1,-.002,0,.002,1);
			es = "Linear";
			ed = "In";
		};
		["Right Leg"] = {
			tm = 0;
			cf = cfr(0,.537,.141,.693,-.107,-.713,.132,.991,-.02,.708,-.08,.701);
			es = "Linear";
			ed = "In";
		};
		["Left Arm"] = {
			tm = 0;
			cf = cfr(-.422,-.168,-.103,-.236,.41,-.881,-.967,-.185,.173,-.092,.893,.441);
			es = "Linear";
			ed = "In";
		};
		["Right Arm"] = {
			tm = 0;
			cf = cfr(.04,.828,0,-.984,-.174,-.044,.163,-.967,.194,-.076,.184,.98);
			es = "Linear";
			ed = "In";
		};
		["Head"] = {
			tm = 0;
			cf = cfr(0,0,0,.997,.062,.041,-.067,.988,.137,-.032,-.14,.99);
			es = "Linear";
			ed = "In";
		};
	};
}
