-- // converted using mech's animoduler
local cfr = CFrame.new

return {
	{
		tm = 0;
		["Torso"] = {
			tm = .05;
			cf = cfr(0,0,.053,1,-.012,-.005,.012,1,0,.005,0,1);
			es = "Linear";
			ed = "In";
		};
		["Left Leg"] = {
			tm = .05;
			cf = cfr(-.049,.059,0,1,0,0,0,1,0,0,0,1);
			es = "Linear";
			ed = "In";
		};
		["Right Leg"] = {
			tm = .05;
			cf = cfr(0,0,0,1,0,0,0,1,0,0,0,1);
			es = "Linear";
			ed = "In";
		};
		["Left Arm"] = {
			tm = .05;
			cf = cfr(0,0,0,-.759,.651,.019,-.636,-.747,.195,.141,.136,.981);
			es = "Linear";
			ed = "In";
		};
		["Right Arm"] = {
			tm = .05;
			cf = cfr(0,0,0,-.558,-.793,.245,.813,-.581,-.025,.162,.185,.969);
			es = "Linear";
			ed = "In";
		};
		["Head"] = {
			tm = .05;
			cf = cfr(0,0,0,1,.001,.004,0,.989,-.145,-.004,.145,.989);
			es = "Linear";
			ed = "In";
		};
	};
	{
		tm = .05;
		["Torso"] = {
			tm = .05;
			cf = cfr(0,.001,.282,.998,-.063,-.025,.063,.998,0,.025,-.001,1);
			es = "Linear";
			ed = "In";
		};
		["Left Leg"] = {
			tm = .05;
			cf = cfr(-.19,.139,.021,.992,-.123,.008,.123,.992,-.015,-.006,.016,1);
			es = "Linear";
			ed = "In";
		};
		["Right Leg"] = {
			tm = .05;
			cf = cfr(-.036,-.177,.002,.997,-.083,0,.082,.996,.027,-.002,-.027,1);
			es = "Linear";
			ed = "In";
		};
		["Left Arm"] = {
			tm = .05;
			cf = cfr(0,0,0,-.581,.806,-.112,-.81,-.559,.177,.08,.194,.978);
			es = "Linear";
			ed = "In";
		};
		["Right Arm"] = {
			tm = .05;
			cf = cfr(0,0,0,-.476,-.834,.278,.871,-.49,.023,.117,.253,.96);
			es = "Linear";
			ed = "In";
		};
		["Head"] = {
			tm = .05;
			cf = cfr(0,0,0,.997,-.011,-.081,.004,.997,-.078,.081,.077,.994);
			es = "Linear";
			ed = "In";
		};
	};
	{
		tm = .1;
		["Torso"] = {
			tm = .0499;
			cf = cfr(0,.001,.423,.995,-.094,-.038,.095,.996,-.001,.038,-.003,.999);
			es = "Linear";
			ed = "In";
		};
		["Left Leg"] = {
			tm = .0499;
			cf = cfr(-.313,.209,.04,.973,-.229,.015,.23,.973,-.029,-.008,.032,.999);
			es = "Linear";
			ed = "In";
		};
		["Right Leg"] = {
			tm = .0499;
			cf = cfr(-.024,-.238,.005,.997,-.073,0,.073,.996,.05,-.004,-.05,.999);
			es = "Linear";
			ed = "In";
		};
		["Left Arm"] = {
			tm = .0499;
			cf = cfr(0,0,0,-.446,.874,-.195,-.893,-.419,.166,.063,.248,.967);
			es = "Linear";
			ed = "In";
		};
		["Right Arm"] = {
			tm = .0499;
			cf = cfr(0,0,0,-.407,-.861,.305,.911,-.408,.065,.069,.304,.95);
			es = "Linear";
			ed = "In";
		};
		["Head"] = {
			tm = .0499;
			cf = cfr(0,0,0,.993,-.008,-.118,.009,1,.013,.118,-.014,.993);
			es = "Linear";
			ed = "In";
		};
	};
	{
		tm = .15;
		["Torso"] = {
			tm = .0500;
			cf = cfr(0,.001,.655,.987,-.146,-.059,.146,.989,-.001,.059,-.008,.998);
			es = "Linear";
			ed = "In";
		};
		["Left Leg"] = {
			tm = .0500;
			cf = cfr(-.501,.316,.068,.922,-.387,.026,.387,.921,-.05,-.005,.056,.998);
			es = "Linear";
			ed = "In";
		};
		["Right Leg"] = {
			tm = .0500;
			cf = cfr(-.001,-.29,.007,1,-.002,0,.002,.997,.078,0,-.078,.997);
			es = "Linear";
			ed = "In";
		};
		["Left Arm"] = {
			tm = .0500;
			cf = cfr(0,0,0,-.469,.864,-.184,-.88,-.439,.183,.078,.248,.966);
			es = "Linear";
			ed = "In";
		};
		["Right Arm"] = {
			tm = .0500;
			cf = cfr(0,0,0,-.323,-.884,.337,.946,-.302,.115,0,.356,.935);
			es = "Linear";
			ed = "In";
		};
		["Head"] = {
			tm = .0500;
			cf = cfr(0,0,0,.989,.019,-.15,.018,.97,.244,.15,-.244,.958);
			es = "Linear";
			ed = "In";
		};
	};
	{
		tm = .2;
		["Torso"] = {
			tm = .0499;
			cf = cfr(0,.002,.708,.985,-.158,-.064,.158,.987,-.001,.063,-.009,.998);
			es = "Linear";
			ed = "In";
		};
		["Left Leg"] = {
			tm = .0499;
			cf = cfr(-.487,.307,.066,.927,-.375,.026,.376,.926,-.045,-.007,.052,.999);
			es = "Linear";
			ed = "In";
		};
		["Right Leg"] = {
			tm = .0499;
			cf = cfr(.071,-.228,.006,.998,.056,0,-.056,.996,.07,.004,-.07,.998);
			es = "Linear";
			ed = "In";
		};
		["Left Arm"] = {
			tm = .0499;
			cf = cfr(0,0,0,-.583,.804,-.12,-.806,-.551,.217,.108,.223,.969);
			es = "Linear";
			ed = "In";
		};
		["Right Arm"] = {
			tm = .0499;
			cf = cfr(0,0,0,-.378,-.874,.305,.926,-.364,.104,.02,.321,.947);
			es = "Linear";
			ed = "In";
		};
		["Head"] = {
			tm = .0499;
			cf = cfr(0,0,0,.989,.029,-.147,.018,.952,.306,.148,-.305,.941);
			es = "Linear";
			ed = "In";
		};
	};
	{
		tm = .25;
		["Torso"] = {
			tm = .0499;
			cf = cfr(0,.001,.344,.991,-.128,-.043,.128,.992,-.002,.043,-.004,.999);
			es = "Linear";
			ed = "In";
		};
		["Left Leg"] = {
			tm = .0499;
			cf = cfr(-.244,.159,.028,.985,-.174,.012,.173,.985,.019,-.015,-.017,1);
			es = "Linear";
			ed = "In";
		};
		["Right Leg"] = {
			tm = .0499;
			cf = cfr(.44,.107,.003,.977,.215,0,-.215,.976,.029,.006,-.029,1);
			es = "Linear";
			ed = "In";
		};
		["Left Arm"] = {
			tm = .0499;
			cf = cfr(0,0,0,-.765,.644,-.004,-.625,-.742,.243,.154,.188,.97);
			es = "Linear";
			ed = "In";
		};
		["Right Arm"] = {
			tm = .0499;
			cf = cfr(0,0,0,-.663,-.738,.129,.747,-.663,.043,.054,.125,.991);
			es = "Linear";
			ed = "In";
		};
		["Head"] = {
			tm = .0499;
			cf = cfr(0,0,0,.99,.042,-.136,.013,.926,.376,.142,-.374,.916);
			es = "Linear";
			ed = "In";
		};
	};
	{
		tm = .3;
		["Torso"] = {
			tm = .0499;
			cf = cfr(0,.001,.198,.996,-.09,-.018,.09,.996,-.002,.019,.001,1);
			es = "Linear";
			ed = "In";
		};
		["Left Leg"] = {
			tm = .0499;
			cf = cfr(-.111,.079,.007,.998,-.059,.004,.058,.997,.057,-.007,-.056,.998);
			es = "Linear";
			ed = "In";
		};
		["Right Leg"] = {
			tm = .0499;
			cf = cfr(.617,.266,.001,.961,.278,0,-.278,.961,.01,.003,-.009,1);
			es = "Linear";
			ed = "In";
		};
		["Left Arm"] = {
			tm = .0499;
			cf = cfr(0,0,0,-.795,.605,.04,-.586,-.784,.207,.157,.141,.978);
			es = "Linear";
			ed = "In";
		};
		["Right Arm"] = {
			tm = .0499;
			cf = cfr(0,0,0,-.779,-.625,.042,.626,-.779,.014,.024,.038,.999);
			es = "Linear";
			ed = "In";
		};
		["Head"] = {
			tm = .0499;
			cf = cfr(0,0,0,.991,.047,-.126,.005,.924,.383,.134,-.38,.915);
			es = "Linear";
			ed = "In";
		};
	};
	{
		tm = .35;
		["Torso"] = {
			tm = .0500;
			cf = cfr(0,0,.034,.999,-.011,.034,.011,1,-.003,-.034,.003,.999);
			es = "Linear";
			ed = "In";
		};
		["Left Leg"] = {
			tm = .0500;
			cf = cfr(-.046,.051,-.004,1,0,0,0,.996,.085,0,-.085,.996);
			es = "Linear";
			ed = "In";
		};
		["Right Leg"] = {
			tm = .0500;
			cf = cfr(.621,.313,-.001,.955,.296,0,-.296,.955,0,0,0,1);
			es = "Linear";
			ed = "In";
		};
		["Left Arm"] = {
			tm = .0500;
			cf = cfr(0,0,0,-.653,.75,.104,-.74,-.661,.12,.159,.002,.987);
			es = "Linear";
			ed = "In";
		};
		["Right Arm"] = {
			tm = .0500;
			cf = cfr(0,0,0,-.786,-.616,.04,.617,-.787,.009,.026,.032,.999);
			es = "Linear";
			ed = "In";
		};
		["Head"] = {
			tm = .0500;
			cf = cfr(0,0,0,.994,.062,-.093,-.035,.963,.268,.106,-.263,.959);
			es = "Linear";
			ed = "In";
		};
	};
	{
		tm = .4;
		["Torso"] = {
			tm = .0499;
			cf = cfr(0,0,.004,.999,.012,.049,-.012,1,-.003,-.049,.003,.999);
			es = "Linear";
			ed = "In";
		};
		["Left Leg"] = {
			tm = .0499;
			cf = cfr(-.049,.081,-.003,1,-.003,.002,.002,.996,.087,-.003,-.087,.996);
			es = "Linear";
			ed = "In";
		};
		["Right Leg"] = {
			tm = .0499;
			cf = cfr(.428,.229,-.001,.963,.27,0,-.27,.963,0,0,0,1);
			es = "Linear";
			ed = "In";
		};
		["Left Arm"] = {
			tm = .0499;
			cf = cfr(0,0,0,-.549,.835,.034,-.826,-.549,.13,.128,.044,.991);
			es = "Linear";
			ed = "In";
		};
		["Right Arm"] = {
			tm = .0499;
			cf = cfr(0,0,0,-.662,-.736,.143,.746,-.665,.032,.071,.128,.989);
			es = "Linear";
			ed = "In";
		};
		["Head"] = {
			tm = .0499;
			cf = cfr(0,0,0,.995,.073,-.068,-.061,.983,.17,.08,-.165,.983);
			es = "Linear";
			ed = "In";
		};
	};
	{
		tm = .45;
		["Torso"] = {
			tm = .0499;
			cf = cfr(0,0,.063,.998,.036,.055,-.036,.999,.001,-.055,-.003,.998);
			es = "Linear";
			ed = "In";
		};
		["Left Leg"] = {
			tm = .0499;
			cf = cfr(-.053,.121,.002,.999,-.024,.022,.021,.996,.09,-.024,-.089,.996);
			es = "Linear";
			ed = "In";
		};
		["Right Leg"] = {
			tm = .0499;
			cf = cfr(.085,-.008,-.003,.98,.197,.001,-.197,.98,0,-.001,0,1);
			es = "Linear";
			ed = "In";
		};
		["Left Arm"] = {
			tm = .0499;
			cf = cfr(0,0,0,-.414,.875,-.251,-.908,-.376,.187,.069,.305,.95);
			es = "Linear";
			ed = "In";
		};
		["Right Arm"] = {
			tm = .0499;
			cf = cfr(0,0,0,-.312,-.873,.376,.949,-.302,.087,.037,.384,.923);
			es = "Linear";
			ed = "In";
		};
		["Head"] = {
			tm = .0499;
			cf = cfr(0,0,0,.996,.086,-.013,-.086,.996,0,.013,.002,1);
			es = "Linear";
			ed = "In";
		};
	};
	{
		tm = .5;
		["Torso"] = {
			tm = .0500;
			cf = cfr(0,0,.168,.996,.067,.059,-.067,.998,.007,-.058,-.011,.998);
			es = "Linear";
			ed = "In";
		};
		["Left Leg"] = {
			tm = .0500;
			cf = cfr(-.04,.037,.015,.997,-.059,.054,.054,.994,.092,-.059,-.089,.994);
			es = "Linear";
			ed = "In";
		};
		["Right Leg"] = {
			tm = .0500;
			cf = cfr(.049,-.189,-.009,.987,.153,.038,-.153,.988,-.011,-.04,.005,.999);
			es = "Linear";
			ed = "In";
		};
		["Left Arm"] = {
			tm = .0500;
			cf = cfr(0,0,0,-.453,.872,-.185,-.888,-.425,.173,.072,.243,.967);
			es = "Linear";
			ed = "In";
		};
		["Right Arm"] = {
			tm = .0500;
			cf = cfr(0,0,0,-.23,-.874,.428,.973,-.207,.1,.001,.439,.898);
			es = "Linear";
			ed = "In";
		};
		["Head"] = {
			tm = .0500;
			cf = cfr(0,0,0,.999,.037,.023,-.036,.999,-.04,-.024,.04,.999);
			es = "Linear";
			ed = "In";
		};
	};
	{
		tm = .55;
		["Torso"] = {
			tm = .0499;
			cf = cfr(0,.001,.441,.987,.146,.069,-.148,.989,.023,-.064,-.033,.997);
			es = "Linear";
			ed = "In";
		};
		["Left Leg"] = {
			tm = .0499;
			cf = cfr(.001,-.229,.058,.975,-.173,.14,.16,.982,.096,-.154,-.071,.985);
			es = "Linear";
			ed = "In";
		};
		["Right Leg"] = {
			tm = .0499;
			cf = cfr(.037,-.346,-.014,.978,.06,.198,-.05,.997,-.059,-.201,.047,.979);
			es = "Linear";
			ed = "In";
		};
		["Left Arm"] = {
			tm = .0499;
			cf = cfr(0,0,0,-.614,.789,.032,-.78,-.612,.129,.121,.054,.991);
			es = "Linear";
			ed = "In";
		};
		["Right Arm"] = {
			tm = .0499;
			cf = cfr(0,0,0,-.4,-.866,.302,.915,-.398,.069,.06,.304,.951);
			es = "Linear";
			ed = "In";
		};
		["Head"] = {
			tm = .0499;
			cf = cfr(0,0,0,.99,-.118,.078,.121,.992,-.029,-.074,.038,.997);
			es = "Linear";
			ed = "In";
		};
	};
	{
		tm = .6;
		["Torso"] = {
			tm = .0500;
			cf = cfr(0,.001,.569,.98,.183,.073,-.186,.982,.031,-.066,-.044,.997);
			es = "Linear";
			ed = "In";
		};
		["Left Leg"] = {
			tm = .0500;
			cf = cfr(.001,-.253,.077,.958,-.231,.17,.217,.971,.097,-.187,-.056,.981);
			es = "Linear";
			ed = "In";
		};
		["Right Leg"] = {
			tm = .0500;
			cf = cfr(.036,-.278,-.006,.964,.034,.263,-.013,.997,-.079,-.265,.072,.961);
			es = "Linear";
			ed = "In";
		};
		["Left Arm"] = {
			tm = .0500;
			cf = cfr(0,0,0,-.692,.72,.06,-.71,-.693,.124,.131,.043,.991);
			es = "Linear";
			ed = "In";
		};
		["Right Arm"] = {
			tm = .0500;
			cf = cfr(0,0,0,-.562,-.808,.177,.824,-.565,.04,.067,.168,.983);
			es = "Linear";
			ed = "In";
		};
		["Head"] = {
			tm = .0500;
			cf = cfr(0,0,0,.976,-.196,.094,.191,.98,.063,-.105,-.044,.994);
			es = "Linear";
			ed = "In";
		};
	};
	{
		tm = .65;
		["Torso"] = {
			tm = .0499;
			cf = cfr(0,.002,.71,.971,.224,.078,-.227,.973,.039,-.067,-.056,.996);
			es = "Linear";
			ed = "In";
		};
		["Left Leg"] = {
			tm = .0499;
			cf = cfr(-.16,.03,.11,.912,-.358,.201,.345,.934,.097,-.223,-.019,.975);
			es = "Linear";
			ed = "In";
		};
		["Right Leg"] = {
			tm = .0499;
			cf = cfr(.072,-.038,0,.965,.059,.255,-.041,.996,-.076,-.258,.063,.964);
			es = "Linear";
			ed = "In";
		};
		["Left Arm"] = {
			tm = .0499;
			cf = cfr(0,0,0,-.797,.602,.058,-.59,-.795,.139,.129,.077,.989);
			es = "Linear";
			ed = "In";
		};
		["Right Arm"] = {
			tm = .0499;
			cf = cfr(0,0,0,-.758,-.652,.002,.652,-.758,0,.001,.001,1);
			es = "Linear";
			ed = "In";
		};
		["Head"] = {
			tm = .0499;
			cf = cfr(0,0,0,.968,-.22,.121,.191,.958,.214,-.163,-.184,.969);
			es = "Linear";
			ed = "In";
		};
	};
	{
		tm = .7;
		["Torso"] = {
			tm = .0500;
			cf = cfr(0,.001,.549,.973,.217,.076,-.22,.975,.038,-.066,-.054,.996);
			es = "Linear";
			ed = "In";
		};
		["Left Leg"] = {
			tm = .0500;
			cf = cfr(-.266,.217,.124,.885,-.414,.211,.403,.91,.097,-.232,-.001,.973);
			es = "Linear";
			ed = "In";
		};
		["Right Leg"] = {
			tm = .0500;
			cf = cfr(.147,.123,0,.974,.133,.183,-.125,.991,-.054,-.188,.03,.982);
			es = "Linear";
			ed = "In";
		};
		["Left Arm"] = {
			tm = .0500;
			cf = cfr(0,0,0,-.753,.655,.055,-.643,-.751,.15,.14,.078,.987);
			es = "Linear";
			ed = "In";
		};
		["Right Arm"] = {
			tm = .0500;
			cf = cfr(0,0,0,-.728,-.685,.031,.685,-.728,.008,.017,.027,.999);
			es = "Linear";
			ed = "In";
		};
		["Head"] = {
			tm = .0500;
			cf = cfr(0,0,0,.977,-.17,.129,.132,.957,.258,-.167,-.235,.957);
			es = "Linear";
			ed = "In";
		};
	};
	{
		tm = .75;
		["Torso"] = {
			tm = .0500;
			cf = cfr(0,.001,.254,.986,.155,.054,-.157,.987,.027,-.049,-.035,.998);
			es = "Linear";
			ed = "In";
		};
		["Left Leg"] = {
			tm = .0500;
			cf = cfr(-.341,.366,.128,.872,-.441,.213,.431,.897,.095,-.234,.009,.972);
			es = "Linear";
			ed = "In";
		};
		["Right Leg"] = {
			tm = .0500;
			cf = cfr(.303,.391,0,.954,.298,.029,-.298,.955,-.009,-.03,0,1);
			es = "Linear";
			ed = "In";
		};
		["Left Arm"] = {
			tm = .0500;
			cf = cfr(0,0,0,-.54,.837,-.082,-.834,-.52,.184,.111,.168,.979);
			es = "Linear";
			ed = "In";
		};
		["Right Arm"] = {
			tm = .0500;
			cf = cfr(0,0,0,-.48,-.846,.234,.875,-.479,.063,.059,.235,.97);
			es = "Linear";
			ed = "In";
		};
		["Head"] = {
			tm = .0500;
			cf = cfr(0,0,0,.988,-.083,.133,.043,.96,.276,-.151,-.267,.952);
			es = "Linear";
			ed = "In";
		};
	};
	{
		tm = .8;
		["Torso"] = {
			tm = .0499;
			cf = cfr(0,.001,.152,.993,.112,.039,-.113,.993,.019,-.036,-.024,.999);
			es = "Linear";
			ed = "In";
		};
		["Left Leg"] = {
			tm = .0499;
			cf = cfr(-.145,.184,.057,.948,-.267,.173,.257,.963,.077,-.187,-.029,.982);
			es = "Linear";
			ed = "In";
		};
		["Right Leg"] = {
			tm = .0499;
			cf = cfr(.333,.435,0,.944,.329,0,-.329,.944,0,0,0,1);
			es = "Linear";
			ed = "In";
		};
		["Left Arm"] = {
			tm = .0499;
			cf = cfr(0,0,0,-.423,.88,-.216,-.901,-.384,.203,.096,.28,.955);
			es = "Linear";
			ed = "In";
		};
		["Right Arm"] = {
			tm = .0499;
			cf = cfr(0,0,0,-.341,-.878,.336,.94,-.33,.092,.03,.347,.938);
			es = "Linear";
			ed = "In";
		};
		["Head"] = {
			tm = .0499;
			cf = cfr(0,0,0,.99,-.05,.13,.023,.98,.2,-.137,-.195,.971);
			es = "Linear";
			ed = "In";
		};
	};
	{
		tm = .85;
		["Torso"] = {
			tm = .0500;
			cf = cfr(0,0,.031,.999,.031,.011,-.031,1,.005,-.01,-.006,1);
			es = "Linear";
			ed = "In";
		};
		["Left Leg"] = {
			tm = .0500;
			cf = cfr(.044,.004,-.014,.997,-.021,.079,.019,.999,.035,-.08,-.033,.996);
			es = "Linear";
			ed = "In";
		};
		["Right Leg"] = {
			tm = .0500;
			cf = cfr(.191,.249,0,.984,.18,0,-.18,.984,0,0,0,1);
			es = "Linear";
			ed = "In";
		};
		["Left Arm"] = {
			tm = .0500;
			cf = cfr(0,0,0,-.412,.873,-.26,-.907,-.365,.212,.091,.323,.942);
			es = "Linear";
			ed = "In";
		};
		["Right Arm"] = {
			tm = .0500;
			cf = cfr(0,0,0,-.299,-.878,.373,.954,-.286,.091,.027,.384,.923);
			es = "Linear";
			ed = "In";
		};
		["Head"] = {
			tm = .0500;
			cf = cfr(0,0,0,.995,0,.1,.001,1,-.011,-.1,.011,.995);
			es = "Linear";
			ed = "In";
		};
	};
	{
		tm = .9;
		["Torso"] = {
			tm = .0499;
			cf = cfr(0,0,.005,1,.006,.002,-.006,1,.001,-.002,-.001,1);
			es = "Linear";
			ed = "In";
		};
		["Left Leg"] = {
			tm = .0499;
			cf = cfr(.009,.025,-.009,.999,-.007,.042,.007,1,.019,-.043,-.019,.999);
			es = "Linear";
			ed = "In";
		};
		["Right Leg"] = {
			tm = .0499;
			cf = cfr(.078,.101,0,.998,.068,0,-.068,.998,0,0,0,1);
			es = "Linear";
			ed = "In";
		};
		["Left Arm"] = {
			tm = .0499;
			cf = cfr(0,0,0,-.556,.816,-.156,-.826,-.524,.206,.086,.243,.966);
			es = "Linear";
			ed = "In";
		};
		["Right Arm"] = {
			tm = .0499;
			cf = cfr(0,0,0,-.396,-.858,.326,.914,-.404,.047,.091,.317,.944);
			es = "Linear";
			ed = "In";
		};
		["Head"] = {
			tm = .0499;
			cf = cfr(0,0,0,.997,.007,.074,0,.995,-.099,-.074,.099,.992);
			es = "Linear";
			ed = "In";
		};
	};
	{
		tm = .95;
		["Torso"] = {
			tm = 0;
			cf = cfr(0,0,0,1,0,0,0,1,0,0,0,1);
			es = "Linear";
			ed = "In";
		};
		["Left Leg"] = {
			tm = 0;
			cf = cfr(-.049,.059,0,1,0,0,0,1,0,0,0,1);
			es = "Linear";
			ed = "In";
		};
		["Right Leg"] = {
			tm = 0;
			cf = cfr(-.035,-.12,.001,.998,-.071,0,.071,.998,0,0,0,1);
			es = "Linear";
			ed = "In";
		};
		["Left Arm"] = {
			tm = 0;
			cf = cfr(0,0,0,-.759,.651,.019,-.636,-.747,.195,.141,.136,.981);
			es = "Linear";
			ed = "In";
		};
		["Right Arm"] = {
			tm = 0;
			cf = cfr(0,0,0,-.558,-.793,.245,.813,-.581,-.025,.162,.185,.969);
			es = "Linear";
			ed = "In";
		};
		["Head"] = {
			tm = 0;
			cf = cfr(0,0,0,1,0,0,0,.989,-.145,0,.145,.989);
			es = "Linear";
			ed = "In";
		};
	};
}
