-- // converted using mech's animoduler
local cfr = CFrame.new

return {
	{
		tm = 0;
		["Torso"] = {
			tm = .05;
			cf = cfr(.382,0,0,1,0,0,0,1,0,0,0,1);
			es = "Linear";
			ed = "In";
		};
		["Left Leg"] = {
			tm = .1;
			cf = cfr(0,0,0,1,0,0,0,1,0,0,0,1);
			es = "Linear";
			ed = "In";
		};
		["Right Leg"] = {
			tm = .05;
			cf = cfr(0,0,0,1,0,0,0,1,0,0,0,1);
			es = "Linear";
			ed = "In";
		};
		["Left Arm"] = {
			tm = .05;
			cf = cfr(0,0,0,1,0,0,0,1,0,0,0,1);
			es = "Linear";
			ed = "In";
		};
		["Right Arm"] = {
			tm = .05;
			cf = cfr(0,0,0,1,0,0,0,1,0,0,0,1);
			es = "Linear";
			ed = "In";
		};
		["Head"] = {
			tm = .05;
			cf = cfr(0,0,0,1,0,0,0,1,0,0,0,1);
			es = "Linear";
			ed = "In";
		};
	};
	{
		tm = .05;
		["Torso"] = {
			tm = .05;
			cf = cfr(.373,0,0,1,0,.003,0,1,0,-.003,0,1);
			es = "Linear";
			ed = "In";
		};
		["Right Leg"] = {
			tm = .05;
			cf = cfr(0,0,0,1,0,0,0,1,-.017,0,.017,1);
			es = "Linear";
			ed = "In";
		};
		["Left Arm"] = {
			tm = .05;
			cf = cfr(0,0,.042,.988,-.099,-.117,.113,.987,.118,.104,-.13,.986);
			es = "Linear";
			ed = "In";
		};
		["Right Arm"] = {
			tm = .05;
			cf = cfr(.075,-.049,.037,.997,-.082,0,.082,.991,.108,-.009,-.108,.994);
			es = "Linear";
			ed = "In";
		};
		["Head"] = {
			tm = .05;
			cf = cfr(0,0,-.004,1,0,-.007,0,1,0,.007,0,1);
			es = "Linear";
			ed = "In";
		};
	};
	{
		tm = .1;
		["Torso"] = {
			tm = .0499;
			cf = cfr(.368,0,0,1,0,.009,0,1,0,-.009,0,1);
			es = "Linear";
			ed = "In";
		};
		["Left Leg"] = {
			tm = .0499;
			cf = cfr(0,0,0,1,0,0,0,1,0,0,0,1);
			es = "Linear";
			ed = "In";
		};
		["Right Leg"] = {
			tm = .0499;
			cf = cfr(0,0,0,1,0,0,0,1,-.03,0,.03,1);
			es = "Linear";
			ed = "In";
		};
		["Left Arm"] = {
			tm = .0499;
			cf = cfr(0,0,.084,.959,-.167,-.23,.221,.946,.236,.179,-.278,.944);
			es = "Linear";
			ed = "In";
		};
		["Right Arm"] = {
			tm = .0499;
			cf = cfr(.126,-.07,.08,.99,-.14,0,.136,.966,.222,-.031,-.22,.975);
			es = "Linear";
			ed = "In";
		};
		["Head"] = {
			tm = .0499;
			cf = cfr(0,0,-.008,1,0,-.014,0,1,0,.014,0,1);
			es = "Linear";
			ed = "In";
		};
	};
	{
		tm = .15;
		["Torso"] = {
			tm = .0500;
			cf = cfr(.355,0,0,.999,0,.037,0,1,0,-.037,0,.999);
			es = "Linear";
			ed = "In";
		};
		["Left Leg"] = {
			tm = .0500;
			cf = cfr(0,0,.005,1,0,0,0,.999,.052,0,-.052,.999);
			es = "Linear";
			ed = "In";
		};
		["Right Leg"] = {
			tm = .0500;
			cf = cfr(0,0,0,1,0,0,0,.999,-.051,0,.051,.999);
			es = "Linear";
			ed = "In";
		};
		["Left Arm"] = {
			tm = .0500;
			cf = cfr(0,0,.195,.873,-.194,-.448,.432,.734,.524,.227,-.651,.725);
			es = "Linear";
			ed = "In";
		};
		["Right Arm"] = {
			tm = .0500;
			cf = cfr(.153,-.064,.243,.988,-.15,.042,.102,.825,.555,-.118,-.544,.831);
			es = "Linear";
			ed = "In";
		};
		["Head"] = {
			tm = .0500;
			cf = cfr(0,0,-.016,1,0,-.028,0,1,0,.028,0,1);
			es = "Linear";
			ed = "In";
		};
	};
	{
		tm = .2;
		["Torso"] = {
			tm = .0499;
			cf = cfr(.332,0,0,.999,0,.053,0,1,0,-.053,0,.999);
			es = "Linear";
			ed = "In";
		};
		["Left Leg"] = {
			tm = .0499;
			cf = cfr(0,0,.013,1,0,0,0,.996,.091,0,-.091,.996);
			es = "Linear";
			ed = "In";
		};
		["Right Leg"] = {
			tm = .0499;
			cf = cfr(0,0,0,1,0,0,0,.998,-.056,0,.056,.998);
			es = "Linear";
			ed = "In";
		};
		["Left Arm"] = {
			tm = .0499;
			cf = cfr(0,0,.259,.855,-.14,-.499,.482,.566,.669,.189,-.812,.552);
			es = "Linear";
			ed = "In";
		};
		["Right Arm"] = {
			tm = .0499;
			cf = cfr(.153,-.035,.45,.985,-.164,.048,.036,.473,.88,-.167,-.866,.472);
			es = "Linear";
			ed = "In";
		};
		["Head"] = {
			tm = .0499;
			cf = cfr(0,0,-.019,.999,0,-.032,0,1,0,.032,0,.999);
			es = "Linear";
			ed = "In";
		};
	};
	{
		tm = .25;
		["Torso"] = {
			tm = .0499;
			cf = cfr(.249,0,0,.997,0,.082,0,1,0,-.082,0,.997);
			es = "Linear";
			ed = "In";
		};
		["Left Leg"] = {
			tm = .0499;
			cf = cfr(-.118,-.003,.029,1,-.023,0,.023,.995,.101,-.002,-.101,.995);
			es = "Linear";
			ed = "In";
		};
		["Right Leg"] = {
			tm = .0499;
			cf = cfr(.069,.062,-.003,.999,.054,-.002,-.054,.997,-.056,-.001,.056,.998);
			es = "Linear";
			ed = "In";
		};
		["Left Arm"] = {
			tm = .0499;
			cf = cfr(0,0,.396,.92,.002,-.393,.384,.205,.9,.083,-.979,.188);
			es = "Linear";
			ed = "In";
		};
		["Right Arm"] = {
			tm = .0499;
			cf = cfr(.15,.05,.672,.986,-.169,-.015,-.008,-.134,.991,-.169,-.977,-.133);
			es = "Linear";
			ed = "In";
		};
		["Head"] = {
			tm = .0499;
			cf = cfr(0,0,-.017,1,0,-.029,0,1,0,.029,0,1);
			es = "Linear";
			ed = "In";
		};
	};
	{
		tm = .3;
		["Torso"] = {
			tm = .0499;
			cf = cfr(.193,0,0,.995,0,.099,0,1,0,-.099,0,.995);
			es = "Linear";
			ed = "In";
		};
		["Left Leg"] = {
			tm = .0499;
			cf = cfr(-.27,-.033,.038,.997,-.08,0,.079,.99,.113,-.009,-.112,.994);
			es = "Linear";
			ed = "In";
		};
		["Right Leg"] = {
			tm = .0499;
			cf = cfr(.148,.135,-.007,.993,.116,-.005,-.116,.992,-.055,-.001,.056,.998);
			es = "Linear";
			ed = "In";
		};
		["Left Arm"] = {
			tm = .0499;
			cf = cfr(0,0,.466,.969,.043,-.243,.239,.074,.968,.06,-.996,.062);
			es = "Linear";
			ed = "In";
		};
		["Right Arm"] = {
			tm = .0499;
			cf = cfr(.149,.142,.693,.986,-.163,-.029,-.016,-.263,.965,-.165,-.951,-.262);
			es = "Linear";
			ed = "In";
		};
		["Head"] = {
			tm = .0499;
			cf = cfr(0,0,-.012,1,0,-.02,0,1,0,.02,0,1);
			es = "Linear";
			ed = "In";
		};
	};
	{
		tm = .35;
		["Torso"] = {
			tm = .0500;
			cf = cfr(.056,0,0,.991,0,.133,0,1,0,-.133,0,.991);
			es = "Linear";
			ed = "In";
		};
		["Left Leg"] = {
			tm = .0500;
			cf = cfr(-.267,-.074,.055,.99,-.137,-.032,.141,.971,.192,.005,-.195,.981);
			es = "Linear";
			ed = "In";
		};
		["Right Leg"] = {
			tm = .0500;
			cf = cfr(.272,.251,-.013,.977,.211,-.009,-.211,.976,-.053,-.002,.054,.999);
			es = "Linear";
			ed = "In";
		};
		["Left Arm"] = {
			tm = .0500;
			cf = cfr(0,0,.579,.995,.066,.069,-.069,.001,.998,.065,-.998,.005);
			es = "Linear";
			ed = "In";
		};
		["Right Arm"] = {
			tm = .0500;
			cf = cfr(.145,.323,.671,.987,-.153,-.038,-.019,-.353,.935,-.157,-.923,-.352);
			es = "Linear";
			ed = "In";
		};
		["Head"] = {
			tm = .0500;
			cf = cfr(0,0,.021,.999,0,.038,0,1,0,-.038,0,.999);
			es = "Linear";
			ed = "In";
		};
	};
	{
		tm = .4;
		["Torso"] = {
			tm = .0499;
			cf = cfr(-.021,0,.004,.989,0,.146,0,1,0,-.146,0,.989);
			es = "Linear";
			ed = "In";
		};
		["Left Leg"] = {
			tm = .0499;
			cf = cfr(-.263,-.067,.064,.987,-.15,-.054,.159,.961,.228,.018,-.233,.972);
			es = "Linear";
			ed = "In";
		};
		["Right Leg"] = {
			tm = .0499;
			cf = cfr(.275,.248,-.013,.977,.211,-.009,-.211,.976,-.045,-.001,.046,.999);
			es = "Linear";
			ed = "In";
		};
		["Left Arm"] = {
			tm = .0499;
			cf = cfr(0,-.005,.59,.994,.066,.088,-.088,.001,.996,.066,-.998,.007);
			es = "Linear";
			ed = "In";
		};
		["Right Arm"] = {
			tm = .0499;
			cf = cfr(.143,.38,.621,.988,-.154,-.026,-.013,-.246,.969,-.155,-.957,-.244);
			es = "Linear";
			ed = "In";
		};
		["Head"] = {
			tm = .0499;
			cf = cfr(0,0,.066,.993,0,.121,0,1,0,-.121,0,.993);
			es = "Linear";
			ed = "In";
		};
	};
	{
		tm = .45;
		["Torso"] = {
			tm = .0499;
			cf = cfr(-.187,0,.062,.993,0,.117,0,1,0,-.117,0,.993);
			es = "Linear";
			ed = "In";
		};
		["Left Leg"] = {
			tm = .0499;
			cf = cfr(-.247,.042,.08,.986,-.157,-.05,.164,.963,.215,.015,-.22,.975);
			es = "Linear";
			ed = "In";
		};
		["Right Leg"] = {
			tm = .0499;
			cf = cfr(.249,.142,-.007,.989,.151,-.005,-.151,.989,.004,.005,-.003,1);
			es = "Linear";
			ed = "In";
		};
		["Left Arm"] = {
			tm = .0499;
			cf = cfr(0,-.024,.596,.996,.064,.068,-.068,-.004,.998,.064,-.998,0);
			es = "Linear";
			ed = "In";
		};
		["Right Arm"] = {
			tm = .0499;
			cf = cfr(.139,.452,.447,.989,-.147,.025,.011,.245,.969,-.148,-.958,.244);
			es = "Linear";
			ed = "In";
		};
		["Head"] = {
			tm = .0499;
			cf = cfr(0,0,.164,.956,0,.292,0,1,0,-.292,0,.956);
			es = "Linear";
			ed = "In";
		};
	};
	{
		tm = .5;
		["Torso"] = {
			tm = .0500;
			cf = cfr(-.273,0,.102,.996,0,.09,0,1,0,-.09,0,.996);
			es = "Linear";
			ed = "In";
		};
		["Left Leg"] = {
			tm = .0500;
			cf = cfr(-.234,.117,.087,.987,-.16,-.031,.163,.971,.177,.002,-.179,.984);
			es = "Linear";
			ed = "In";
		};
		["Right Leg"] = {
			tm = .0500;
			cf = cfr(.228,.073,-.004,.994,.106,-.002,-.106,.994,.035,.005,-.035,.999);
			es = "Linear";
			ed = "In";
		};
		["Left Arm"] = {
			tm = .0500;
			cf = cfr(0,-.007,.589,.995,.066,.081,-.081,0,.997,.065,-.998,.005);
			es = "Linear";
			ed = "In";
		};
		["Right Arm"] = {
			tm = .0500;
			cf = cfr(.136,.432,.379,.99,-.138,.04,.017,.393,.919,-.143,-.909,.391);
			es = "Linear";
			ed = "In";
		};
		["Head"] = {
			tm = .0500;
			cf = cfr(0,0,.189,.946,0,.324,0,1,0,-.324,0,.946);
			es = "Linear";
			ed = "In";
		};
	};
	{
		tm = .55;
		["Torso"] = {
			tm = .0499;
			cf = cfr(-.444,0,.165,.999,0,.035,0,1,0,-.035,0,.999);
			es = "Linear";
			ed = "In";
		};
		["Left Leg"] = {
			tm = .0499;
			cf = cfr(-.192,.234,.097,.989,-.147,-.001,.146,.983,.11,-.015,-.109,.994);
			es = "Linear";
			ed = "In";
		};
		["Right Leg"] = {
			tm = .0499;
			cf = cfr(.183,.003,0,1,.026,.001,-.026,.997,.067,.001,-.067,.998);
			es = "Linear";
			ed = "In";
		};
		["Left Arm"] = {
			tm = .0499;
			cf = cfr(0,.12,.53,.982,.092,.166,-.178,.137,.975,.067,-.986,.151);
			es = "Linear";
			ed = "In";
		};
		["Right Arm"] = {
			tm = .0499;
			cf = cfr(.131,.176,.335,.991,-.131,.037,.015,.377,.926,-.136,-.917,.376);
			es = "Linear";
			ed = "In";
		};
		["Head"] = {
			tm = .0499;
			cf = cfr(0,0,.178,.978,0,.21,0,1,0,-.21,0,.978);
			es = "Linear";
			ed = "In";
		};
	};
	{
		tm = .6;
		["Torso"] = {
			tm = .0500;
			cf = cfr(-.527,0,.171,1,0,.009,0,1,0,-.009,0,1);
			es = "Linear";
			ed = "In";
		};
		["Left Leg"] = {
			tm = .0500;
			cf = cfr(-.129,.215,.09,.995,-.102,0,.102,.99,.093,-.01,-.093,.996);
			es = "Linear";
			ed = "In";
		};
		["Right Leg"] = {
			tm = .0500;
			cf = cfr(.159,.012,.003,1,-.003,.001,.003,.998,.058,-.001,-.058,.998);
			es = "Linear";
			ed = "In";
		};
		["Left Arm"] = {
			tm = .0500;
			cf = cfr(0,.21,.494,.986,.108,.128,-.153,.275,.949,.067,-.955,.288);
			es = "Linear";
			ed = "In";
		};
		["Right Arm"] = {
			tm = .0500;
			cf = cfr(.128,-.003,.34,.991,-.13,.031,.012,.32,.947,-.133,-.938,.319);
			es = "Linear";
			ed = "In";
		};
		["Head"] = {
			tm = .0500;
			cf = cfr(0,0,.162,.994,0,.105,0,1,0,-.105,0,.994);
			es = "Linear";
			ed = "In";
		};
	};
	{
		tm = .65;
		["Torso"] = {
			tm = .0499;
			cf = cfr(-.681,0,.123,.999,0,-.034,0,1,0,.034,0,.999);
			es = "Linear";
			ed = "In";
		};
		["Left Leg"] = {
			tm = .0499;
			cf = cfr(0,-.045,.003,1,0,0,0,1,.011,0,-.011,1);
			es = "Linear";
			ed = "In";
		};
		["Right Leg"] = {
			tm = .0499;
			cf = cfr(.099,.072,.013,.999,-.042,.002,.042,.999,.009,-.002,-.009,1);
			es = "Linear";
			ed = "In";
		};
		["Left Arm"] = {
			tm = .0499;
			cf = cfr(0,.385,.482,.985,.118,.127,-.161,.35,.923,.064,-.929,.363);
			es = "Linear";
			ed = "In";
		};
		["Right Arm"] = {
			tm = .0499;
			cf = cfr(.122,-.206,.407,.992,-.126,.015,.005,.156,.988,-.126,-.98,.156);
			es = "Linear";
			ed = "In";
		};
		["Head"] = {
			tm = .0499;
			cf = cfr(0,0,.118,.994,0,-.109,0,1,0,.109,0,.994);
			es = "Linear";
			ed = "In";
		};
	};
	{
		tm = .7;
		["Torso"] = {
			tm = .0500;
			cf = cfr(-.749,0,.083,.999,0,-.04,0,1,0,.04,0,.999);
			es = "Linear";
			ed = "In";
		};
		["Left Leg"] = {
			tm = .0500;
			cf = cfr(0,-.07,-.046,1,0,0,0,1,.008,0,-.008,1);
			es = "Linear";
			ed = "In";
		};
		["Right Leg"] = {
			tm = .0500;
			cf = cfr(.049,.033,.003,1,-.029,.001,.029,1,.002,-.001,-.002,1);
			es = "Linear";
			ed = "In";
		};
		["Left Arm"] = {
			tm = .0500;
			cf = cfr(0,.494,.515,.964,.127,.232,-.26,.283,.923,.052,-.951,.306);
			es = "Linear";
			ed = "In";
		};
		["Right Arm"] = {
			tm = .0500;
			cf = cfr(.119,-.212,.485,.992,-.123,.006,.002,.068,.998,-.123,-.99,.068);
			es = "Linear";
			ed = "In";
		};
		["Head"] = {
			tm = .0500;
			cf = cfr(0,0,.093,.984,0,-.18,0,1,0,.18,0,.984);
			es = "Linear";
			ed = "In";
		};
	};
	{
		tm = .75;
		["Torso"] = {
			tm = .0500;
			cf = cfr(-.861,0,.014,1,0,-.01,0,1,0,.01,0,1);
			es = "Linear";
			ed = "In";
		};
		["Left Leg"] = {
			tm = .0500;
			cf = cfr(0,-.081,-.073,1,0,0,0,1,.003,0,-.003,1);
			es = "Linear";
			ed = "In";
		};
		["Right Leg"] = {
			tm = .0500;
			cf = cfr(0,.001,.002,1,0,0,0,1,-.001,0,.001,1);
			es = "Linear";
			ed = "In";
		};
		["Left Arm"] = {
			tm = .0500;
			cf = cfr(0,.62,.598,.929,.084,.36,-.36,-.021,.933,.086,-.996,.011);
			es = "Linear";
			ed = "In";
		};
		["Right Arm"] = {
			tm = .0500;
			cf = cfr(.112,-.173,.633,.993,-.114,-.006,-.002,-.066,.998,-.115,-.991,-.065);
			es = "Linear";
			ed = "In";
		};
		["Head"] = {
			tm = .0500;
			cf = cfr(0,0,.043,.988,0,-.154,0,1,0,.154,0,.988);
			es = "Linear";
			ed = "In";
		};
	};
	{
		tm = .8;
		["Torso"] = {
			tm = .0499;
			cf = cfr(-.902,0,0,1,0,0,0,1,0,0,0,1);
			es = "Linear";
			ed = "In";
		};
		["Left Leg"] = {
			tm = .0499;
			cf = cfr(0,-.058,-.052,1,0,0,0,1,.001,0,-.001,1);
			es = "Linear";
			ed = "In";
		};
		["Right Leg"] = {
			tm = .0499;
			cf = cfr(.001,-.004,-.006,1,0,0,0,1,-.002,0,.002,1);
			es = "Linear";
			ed = "In";
		};
		["Left Arm"] = {
			tm = .0499;
			cf = cfr(0,.549,.624,.95,.057,.307,-.294,-.167,.941,.105,-.984,-.142);
			es = "Linear";
			ed = "In";
		};
		["Right Arm"] = {
			tm = .0499;
			cf = cfr(.108,-.171,.658,.994,-.11,-.008,-.003,-.095,.995,-.11,-.989,-.095);
			es = "Linear";
			ed = "In";
		};
		["Head"] = {
			tm = .0499;
			cf = cfr(0,0,.022,.997,0,-.073,0,1,0,.073,0,.997);
			es = "Linear";
			ed = "In";
		};
	};
	{
		tm = .85;
		["Torso"] = {
			tm = .0500;
			cf = cfr(-.948,-.001,0,1,0,0,0,1,0,0,0,1);
			es = "Linear";
			ed = "In";
		};
		["Left Leg"] = {
			tm = .0500;
			cf = cfr(0,-.003,-.003,1,0,0,0,1,0,0,0,1);
			es = "Linear";
			ed = "In";
		};
		["Right Leg"] = {
			tm = .0500;
			cf = cfr(.004,-.019,-.028,1,0,0,0,1,-.002,0,.002,1);
			es = "Linear";
			ed = "In";
		};
		["Left Arm"] = {
			tm = .0500;
			cf = cfr(0,.141,.662,.99,.053,.13,-.112,-.256,.96,.084,-.965,-.247);
			es = "Linear";
			ed = "In";
		};
		["Right Arm"] = {
			tm = .0500;
			cf = cfr(.101,-.171,.673,.995,-.102,-.009,-.003,-.115,.993,-.102,-.988,-.115);
			es = "Linear";
			ed = "In";
		};
		["Head"] = {
			tm = .0500;
			cf = cfr(0,0,-.006,1,0,.009,0,1,0,-.009,0,1);
			es = "Linear";
			ed = "In";
		};
	};
	{
		tm = .9;
		["Torso"] = {
			tm = .0499;
			cf = cfr(-.951,-.001,0,1,0,0,0,1,0,0,0,1);
			es = "Linear";
			ed = "In";
		};
		["Left Leg"] = {
			tm = .2999;
			cf = cfr(0,0,0,1,0,0,0,1,0,0,0,1);
			es = "Linear";
			ed = "In";
		};
		["Right Leg"] = {
			tm = .0499;
			cf = cfr(.006,-.02,-.03,1,0,0,0,1,-.002,0,.002,1);
			es = "Linear";
			ed = "In";
		};
		["Left Arm"] = {
			tm = .0499;
			cf = cfr(0,-.053,.671,.994,.05,.096,-.083,-.23,.97,.07,-.972,-.225);
			es = "Linear";
			ed = "In";
		};
		["Right Arm"] = {
			tm = .0499;
			cf = cfr(.098,-.171,.671,.995,-.098,-.009,-.003,-.112,.994,-.098,-.989,-.112);
			es = "Linear";
			ed = "In";
		};
		["Head"] = {
			tm = .0499;
			cf = cfr(0,0,-.01,1,0,.015,0,1,0,-.015,0,1);
			es = "Linear";
			ed = "In";
		};
	};
	{
		tm = .95;
		["Torso"] = {
			tm = .0500;
			cf = cfr(-.951,-.001,0,1,0,0,0,1,0,0,0,1);
			es = "Linear";
			ed = "In";
		};
		["Right Leg"] = {
			tm = .0500;
			cf = cfr(.011,-.02,-.03,1,0,0,0,1,-.002,0,.002,1);
			es = "Linear";
			ed = "In";
		};
		["Left Arm"] = {
			tm = .0500;
			cf = cfr(0,-.223,.653,.993,.024,.115,-.115,.022,.993,.022,-.999,.025);
			es = "Linear";
			ed = "In";
		};
		["Right Arm"] = {
			tm = .0500;
			cf = cfr(.09,-.171,.657,.996,-.09,-.007,-.002,-.095,.995,-.09,-.991,-.095);
			es = "Linear";
			ed = "In";
		};
		["Head"] = {
			tm = .0500;
			cf = cfr(0,0,-.007,1,0,.01,0,1,0,-.01,0,1);
			es = "Linear";
			ed = "In";
		};
	};
	{
		tm = 1;
		["Torso"] = {
			tm = .3000;
			cf = cfr(-.951,-.001,0,1,0,0,0,1,0,0,0,1);
			es = "Linear";
			ed = "In";
		};
		["Right Leg"] = {
			tm = .0500;
			cf = cfr(.014,-.02,-.03,1,0,0,0,1,-.002,0,.002,1);
			es = "Linear";
			ed = "In";
		};
		["Left Arm"] = {
			tm = .0500;
			cf = cfr(0,-.254,.632,1,-.005,-.001,.001,.024,1,-.005,-1,.024);
			es = "Linear";
			ed = "In";
		};
		["Right Arm"] = {
			tm = .0500;
			cf = cfr(.086,-.171,.651,.996,-.086,-.006,-.002,-.086,.996,-.086,-.993,-.085);
			es = "Linear";
			ed = "In";
		};
		["Head"] = {
			tm = .1999;
			cf = cfr(0,0,-.003,1,0,.005,0,1,0,-.005,0,1);
			es = "Linear";
			ed = "In";
		};
	};
	{
		tm = 1.05;
		["Right Leg"] = {
			tm = .0500;
			cf = cfr(.021,-.02,-.03,1,0,0,0,1,-.002,0,.002,1);
			es = "Linear";
			ed = "In";
		};
		["Left Arm"] = {
			tm = .0500;
			cf = cfr(0,-.292,.604,.995,-.04,.09,-.089,.025,.996,-.042,-.999,.021);
			es = "Linear";
			ed = "In";
		};
		["Right Arm"] = {
			tm = .0500;
			cf = cfr(.079,-.171,.646,.997,-.078,-.005,-.001,-.079,.997,-.078,-.994,-.079);
			es = "Linear";
			ed = "In";
		};
	};
	{
		tm = 1.1;
		["Right Leg"] = {
			tm = .0499;
			cf = cfr(.024,-.02,-.03,1,0,0,0,1,-.002,0,.002,1);
			es = "Linear";
			ed = "In";
		};
		["Left Arm"] = {
			tm = .0499;
			cf = cfr(0,-.311,.593,.996,-.042,.082,-.08,.037,.996,-.044,-.998,.034);
			es = "Linear";
			ed = "In";
		};
		["Right Arm"] = {
			tm = .0499;
			cf = cfr(.075,-.171,.646,.997,-.074,-.005,-.001,-.079,.997,-.074,-.994,-.079);
			es = "Linear";
			ed = "In";
		};
	};
	{
		tm = 1.15;
		["Right Leg"] = {
			tm = .0500;
			cf = cfr(.032,-.02,-.03,1,0,0,0,1,-.002,0,.002,1);
			es = "Linear";
			ed = "In";
		};
		["Left Arm"] = {
			tm = .0500;
			cf = cfr(0,-.303,.595,.997,-.036,.065,-.065,.01,.998,-.037,-.999,.008);
			es = "Linear";
			ed = "In";
		};
		["Right Arm"] = {
			tm = .0500;
			cf = cfr(.068,-.171,.646,.998,-.066,-.004,-.001,-.079,.997,-.066,-.995,-.079);
			es = "Linear";
			ed = "In";
		};
	};
	{
		tm = 1.2;
		["Left Leg"] = {
			tm = .0500;
			cf = cfr(.001,0,0,1,0,0,0,1,0,0,0,1);
			es = "Linear";
			ed = "In";
		};
		["Right Leg"] = {
			tm = .0500;
			cf = cfr(.036,-.02,-.03,1,0,0,0,1,-.002,0,.002,1);
			es = "Linear";
			ed = "In";
		};
		["Left Arm"] = {
			tm = .0500;
			cf = cfr(0,-.252,.627,.994,-.039,.103,-.104,-.007,.995,-.038,-.999,-.011);
			es = "Linear";
			ed = "In";
		};
		["Right Arm"] = {
			tm = .0500;
			cf = cfr(.064,-.171,.646,.998,-.062,-.004,-.001,-.079,.997,-.062,-.995,-.079);
			es = "Linear";
			ed = "In";
		};
		["Head"] = {
			tm = .0500;
			cf = cfr(0,0,0,1,0,0,0,1,0,0,0,1);
			es = "Linear";
			ed = "In";
		};
	};
	{
		tm = 1.25;
		["Left Leg"] = {
			tm = .0500;
			cf = cfr(-.04,-.011,-.001,1,0,-.002,0,1,-.022,.002,.022,1);
			es = "Linear";
			ed = "In";
		};
		["Right Leg"] = {
			tm = .0500;
			cf = cfr(.043,-.017,-.026,1,0,0,0,1,.004,0,-.004,1);
			es = "Linear";
			ed = "In";
		};
		["Left Arm"] = {
			tm = .0500;
			cf = cfr(0,-.028,.783,.989,-.067,.135,-.148,-.251,.957,-.03,-.966,-.258);
			es = "Linear";
			ed = "In";
		};
		["Right Arm"] = {
			tm = .0500;
			cf = cfr(.056,-.186,.652,.999,-.054,-.004,-.001,-.093,.996,-.054,-.994,-.093);
			es = "Linear";
			ed = "In";
		};
		["Head"] = {
			tm = .0500;
			cf = cfr(0,0,-.006,1,0,.007,0,1,0,-.007,0,1);
			es = "Linear";
			ed = "In";
		};
	};
	{
		tm = 1.3;
		["Torso"] = {
			tm = .0500;
			cf = cfr(-.921,-.001,0,1,0,-.023,0,1,0,.023,0,1);
			es = "Linear";
			ed = "In";
		};
		["Left Leg"] = {
			tm = .0500;
			cf = cfr(-.099,-.078,-.01,1,.001,-.004,-.001,.988,-.152,.003,.152,.988);
			es = "Linear";
			ed = "In";
		};
		["Right Leg"] = {
			tm = .0500;
			cf = cfr(.047,.009,.008,1,0,0,0,.998,.059,0,-.059,.998);
			es = "Linear";
			ed = "In";
		};
		["Left Arm"] = {
			tm = .0500;
			cf = cfr(0,.083,.844,.996,-.064,.055,-.075,-.368,.927,-.039,-.928,-.371);
			es = "Linear";
			ed = "In";
		};
		["Right Arm"] = {
			tm = .0500;
			cf = cfr(.053,-.197,.657,.999,-.051,-.004,-.001,-.104,.995,-.051,-.993,-.103);
			es = "Linear";
			ed = "In";
		};
		["Head"] = {
			tm = .0500;
			cf = cfr(0,0,-.009,1,0,.011,0,1,0,-.011,0,1);
			es = "Linear";
			ed = "In";
		};
	};
	{
		tm = 1.35;
		["Torso"] = {
			tm = .0499;
			cf = cfr(-.71,-.001,.043,.987,0,-.158,0,1,0,.158,0,.987);
			es = "Linear";
			ed = "In";
		};
		["Left Leg"] = {
			tm = .0499;
			cf = cfr(-.258,.004,.006,1,.01,-.008,-.011,.982,-.188,.006,.188,.982);
			es = "Linear";
			ed = "In";
		};
		["Right Leg"] = {
			tm = .0499;
			cf = cfr(.053,.09,.11,1,0,0,0,.974,.227,0,-.227,.974);
			es = "Linear";
			ed = "In";
		};
		["Left Arm"] = {
			tm = .0499;
			cf = cfr(0,.186,.786,.944,-.087,.32,-.331,-.247,.911,0,-.965,-.262);
			es = "Linear";
			ed = "In";
		};
		["Right Arm"] = {
			tm = .0499;
			cf = cfr(.046,-.222,.668,.999,-.043,-.005,-.001,-.126,.992,-.044,-.991,-.126);
			es = "Linear";
			ed = "In";
		};
		["Head"] = {
			tm = .0499;
			cf = cfr(0,0,-.013,1,0,.016,0,1,0,-.016,0,1);
			es = "Linear";
			ed = "In";
		};
	};
	{
		tm = 1.4;
		["Torso"] = {
			tm = .0500;
			cf = cfr(-.567,0,.097,.988,0,-.157,0,1,0,.157,0,.988);
			es = "Linear";
			ed = "In";
		};
		["Left Leg"] = {
			tm = .0500;
			cf = cfr(-.361,.158,.036,1,.012,-.011,-.014,.988,-.154,.008,.154,.988);
			es = "Linear";
			ed = "In";
		};
		["Right Leg"] = {
			tm = .0500;
			cf = cfr(.056,.117,.144,1,0,0,0,.959,.285,0,-.285,.959);
			es = "Linear";
			ed = "In";
		};
		["Left Arm"] = {
			tm = .0500;
			cf = cfr(0,.201,.696,.922,-.019,.386,-.383,.081,.92,-.049,-.996,.068);
			es = "Linear";
			ed = "In";
		};
		["Right Arm"] = {
			tm = .0500;
			cf = cfr(.042,-.232,.672,.999,-.04,-.005,-.001,-.136,.991,-.04,-.99,-.136);
			es = "Linear";
			ed = "In";
		};
		["Head"] = {
			tm = .0500;
			cf = cfr(0,0,-.012,1,0,.014,0,1,0,-.014,0,1);
			es = "Linear";
			ed = "In";
		};
	};
	{
		tm = 1.45;
		["Torso"] = {
			tm = .0500;
			cf = cfr(-.307,0,.213,.995,0,-.1,0,1,0,.1,0,.995);
			es = "Linear";
			ed = "In";
		};
		["Left Leg"] = {
			tm = .0500;
			cf = cfr(-.519,.442,.099,.999,-.03,-.015,.03,1,0,.015,-.001,1);
			es = "Linear";
			ed = "In";
		};
		["Right Leg"] = {
			tm = .0500;
			cf = cfr(.06,.109,.124,1,0,0,0,.963,.27,0,-.27,.963);
			es = "Linear";
			ed = "In";
		};
		["Left Arm"] = {
			tm = .0500;
			cf = cfr(0,.197,.547,.998,-.012,.055,-.047,.349,.936,-.03,-.937,.348);
			es = "Linear";
			ed = "In";
		};
		["Right Arm"] = {
			tm = .0500;
			cf = cfr(.035,-.239,.675,.999,-.033,-.004,-.001,-.142,.99,-.034,-.989,-.142);
			es = "Linear";
			ed = "In";
		};
		["Head"] = {
			tm = .0500;
			cf = cfr(0,0,.006,1,0,-.008,0,1,0,.008,0,1);
			es = "Linear";
			ed = "In";
		};
	};
	{
		tm = 1.5;
		["Torso"] = {
			tm = .0500;
			cf = cfr(-.224,0,.25,.998,0,-.061,0,1,0,.061,0,.998);
			es = "Linear";
			ed = "In";
		};
		["Left Leg"] = {
			tm = .0500;
			cf = cfr(-.507,.44,.116,.999,-.045,-.015,.046,.996,.071,.012,-.071,.997);
			es = "Linear";
			ed = "In";
		};
		["Right Leg"] = {
			tm = .0500;
			cf = cfr(.062,.105,.088,1,0,0,0,.981,.195,0,-.195,.981);
			es = "Linear";
			ed = "In";
		};
		["Left Arm"] = {
			tm = .0500;
			cf = cfr(0,.185,.506,1,-.02,0,.007,.354,.935,-.019,-.935,.354);
			es = "Linear";
			ed = "In";
		};
		["Right Arm"] = {
			tm = .0500;
			cf = cfr(.032,-.233,.673,1,-.03,-.004,-.001,-.137,.991,-.03,-.99,-.137);
			es = "Linear";
			ed = "In";
		};
		["Head"] = {
			tm = .0500;
			cf = cfr(0,0,.04,.998,0,-.056,0,1,0,.056,0,.998);
			es = "Linear";
			ed = "In";
		};
	};
	{
		tm = 1.55;
		["Torso"] = {
			tm = .0500;
			cf = cfr(-.085,0,.236,1,0,.024,0,1,0,-.024,0,1);
			es = "Linear";
			ed = "In";
		};
		["Left Leg"] = {
			tm = .0500;
			cf = cfr(-.201,.149,.126,.999,-.054,-.007,.054,.984,.17,-.003,-.17,.985);
			es = "Linear";
			ed = "In";
		};
		["Right Leg"] = {
			tm = .0500;
			cf = cfr(.064,.095,-.024,1,0,0,0,.999,.036,0,-.036,.999);
			es = "Linear";
			ed = "In";
		};
		["Left Arm"] = {
			tm = .0500;
			cf = cfr(0,.121,.462,.999,-.014,.05,-.042,.347,.937,-.03,-.938,.346);
			es = "Linear";
			ed = "In";
		};
		["Right Arm"] = {
			tm = .0500;
			cf = cfr(.026,-.196,.657,1,-.025,-.002,0,-.102,.995,-.025,-.994,-.102);
			es = "Linear";
			ed = "In";
		};
		["Head"] = {
			tm = .0500;
			cf = cfr(0,0,.124,.987,0,-.161,0,1,0,.161,0,.987);
			es = "Linear";
			ed = "In";
		};
	};
	{
		tm = 1.6;
		["Torso"] = {
			tm = .0499;
			cf = cfr(-.016,0,.197,.998,0,.066,0,1,0,-.066,0,.998);
			es = "Linear";
			ed = "In";
		};
		["Left Leg"] = {
			tm = .0499;
			cf = cfr(-.105,.101,.125,.999,-.053,-.003,.052,.983,.175,-.006,-.175,.985);
			es = "Linear";
			ed = "In";
		};
		["Right Leg"] = {
			tm = .0499;
			cf = cfr(.064,.062,-.075,1,0,0,0,.999,-.041,0,.041,.999);
			es = "Linear";
			ed = "In";
		};
		["Left Arm"] = {
			tm = .0499;
			cf = cfr(0,.058,.468,.995,-.009,.102,-.095,.297,.95,-.039,-.955,.295);
			es = "Linear";
			ed = "In";
		};
		["Right Arm"] = {
			tm = .0499;
			cf = cfr(.023,-.157,.639,1,-.022,-.001,0,-.064,.998,-.022,-.998,-.064);
			es = "Linear";
			ed = "In";
		};
		["Head"] = {
			tm = .0499;
			cf = cfr(0,0,.133,.989,0,-.146,0,1,0,.146,0,.989);
			es = "Linear";
			ed = "In";
		};
	};
	{
		tm = 1.65;
		["Torso"] = {
			tm = .0500;
			cf = cfr(.114,0,.099,.991,0,.134,0,1,0,-.134,0,.991);
			es = "Linear";
			ed = "In";
		};
		["Left Leg"] = {
			tm = .0500;
			cf = cfr(-.058,.161,.121,1,-.01,0,.01,.987,.16,-.001,-.16,.987);
			es = "Linear";
			ed = "In";
		};
		["Right Leg"] = {
			tm = .0500;
			cf = cfr(.064,-.141,-.168,1,0,0,0,.989,-.149,0,.149,.989);
			es = "Linear";
			ed = "In";
		};
		["Left Arm"] = {
			tm = .0500;
			cf = cfr(0,-.186,.569,.993,-.031,.112,-.11,.051,.993,-.037,-.998,.048);
			es = "Linear";
			ed = "In";
		};
		["Right Arm"] = {
			tm = .0500;
			cf = cfr(.018,.167,.468,1,-.016,.004,.001,.295,.956,-.017,-.955,.295);
			es = "Linear";
			ed = "In";
		};
		["Head"] = {
			tm = .0500;
			cf = cfr(0,0,.113,.997,0,.078,0,1,0,-.078,0,.997);
			es = "Linear";
			ed = "In";
		};
	};
	{
		tm = 1.7;
		["Torso"] = {
			tm = .0500;
			cf = cfr(.172,0,.056,.989,0,.15,0,1,0,-.15,0,.989);
			es = "Linear";
			ed = "In";
		};
		["Left Leg"] = {
			tm = .0500;
			cf = cfr(-.056,.169,.126,1,0,0,0,.986,.167,0,-.167,.986);
			es = "Linear";
			ed = "In";
		};
		["Right Leg"] = {
			tm = .0500;
			cf = cfr(.064,-.148,-.174,1,0,0,0,.988,-.156,0,.156,.988);
			es = "Linear";
			ed = "In";
		};
		["Left Arm"] = {
			tm = .0500;
			cf = cfr(0,-.299,.624,.999,-.039,.028,-.028,.001,1,-.039,-.999,0);
			es = "Linear";
			ed = "In";
		};
		["Right Arm"] = {
			tm = .0500;
			cf = cfr(.015,.354,.389,1,-.013,.006,.001,.452,.892,-.014,-.892,.452);
			es = "Linear";
			ed = "In";
		};
		["Head"] = {
			tm = .0500;
			cf = cfr(0,0,.095,.981,0,.193,0,1,0,-.193,0,.981);
			es = "Linear";
			ed = "In";
		};
	};
	{
		tm = 1.75;
		["Torso"] = {
			tm = .0500;
			cf = cfr(.272,0,.014,1,0,.028,0,1,0,-.028,0,1);
			es = "Linear";
			ed = "In";
		};
		["Left Leg"] = {
			tm = .0500;
			cf = cfr(-.056,.079,.023,1,0,0,0,1,.031,0,-.031,1);
			es = "Linear";
			ed = "In";
		};
		["Right Leg"] = {
			tm = .0500;
			cf = cfr(.064,-.027,-.032,1,0,0,0,1,-.029,0,.029,1);
			es = "Linear";
			ed = "In";
		};
		["Left Arm"] = {
			tm = .0500;
			cf = cfr(0,-.376,.664,.998,-.043,-.044,.044,.011,.999,-.042,-.999,.013);
			es = "Linear";
			ed = "In";
		};
		["Right Arm"] = {
			tm = .0500;
			cf = cfr(.011,.523,.517,1,-.01,.002,0,.202,.979,-.01,-.979,.202);
			es = "Linear";
			ed = "In";
		};
		["Head"] = {
			tm = .0500;
			cf = cfr(0,0,.052,.978,0,.208,0,1,0,-.208,0,.978);
			es = "Linear";
			ed = "In";
		};
	};
	{
		tm = 1.8;
		["Torso"] = {
			tm = .0500;
			cf = cfr(.31,0,.006,1,0,-.001,0,1,0,.001,0,1);
			es = "Linear";
			ed = "In";
		};
		["Left Leg"] = {
			tm = .0500;
			cf = cfr(-.056,.057,-.001,1,0,0,0,1,-.001,0,.001,1);
			es = "Linear";
			ed = "In";
		};
		["Right Leg"] = {
			tm = .0500;
			cf = cfr(.064,.028,.002,1,0,0,0,1,.001,0,-.001,1);
			es = "Linear";
			ed = "In";
		};
		["Left Arm"] = {
			tm = .0500;
			cf = cfr(0,-.384,.68,.996,-.045,-.077,.078,.024,.997,-.043,-.999,.028);
			es = "Linear";
			ed = "In";
		};
		["Right Arm"] = {
			tm = .0500;
			cf = cfr(.009,.509,.724,1,-.008,-.002,0,-.227,.974,-.008,-.974,-.227);
			es = "Linear";
			ed = "In";
		};
		["Head"] = {
			tm = .0500;
			cf = cfr(0,0,.03,.991,0,.131,0,1,0,-.131,0,.991);
			es = "Linear";
			ed = "In";
		};
	};
	{
		tm = 1.85;
		["Torso"] = {
			tm = .0499;
			cf = cfr(.358,0,0,1,0,0,0,1,0,0,0,1);
			es = "Linear";
			ed = "In";
		};
		["Left Leg"] = {
			tm = .0499;
			cf = cfr(-.056,.018,0,1,0,0,0,1,0,0,0,1);
			es = "Linear";
			ed = "In";
		};
		["Right Leg"] = {
			tm = .0499;
			cf = cfr(.064,.009,0,1,0,0,0,1,0,0,0,1);
			es = "Linear";
			ed = "In";
		};
		["Left Arm"] = {
			tm = .0499;
			cf = cfr(0,-.36,.693,.992,-.047,-.113,.115,.031,.993,-.043,-.998,.036);
			es = "Linear";
			ed = "In";
		};
		["Right Arm"] = {
			tm = .0499;
			cf = cfr(.006,.224,.793,1,-.005,-.002,0,-.394,.919,-.005,-.919,-.394);
			es = "Linear";
			ed = "In";
		};
		["Head"] = {
			tm = .0499;
			cf = cfr(0,0,-.001,1,0,-.003,0,1,0,.003,0,1);
			es = "Linear";
			ed = "In";
		};
	};
	{
		tm = 1.9;
		["Torso"] = {
			tm = .0500;
			cf = cfr(.366,0,0,1,0,0,0,1,0,0,0,1);
			es = "Linear";
			ed = "In";
		};
		["Left Leg"] = {
			tm = .0500;
			cf = cfr(-.056,-.004,0,1,0,0,0,1,0,0,0,1);
			es = "Linear";
			ed = "In";
		};
		["Right Leg"] = {
			tm = .0500;
			cf = cfr(.064,-.02,0,1,0,0,0,1,0,0,0,1);
			es = "Linear";
			ed = "In";
		};
		["Left Arm"] = {
			tm = .0500;
			cf = cfr(0,-.335,.679,.995,-.045,-.088,.089,.016,.996,-.043,-.999,.02);
			es = "Linear";
			ed = "In";
		};
		["Right Arm"] = {
			tm = .0500;
			cf = cfr(.004,-.093,.692,1,-.004,-.001,0,-.223,.975,-.004,-.975,-.223);
			es = "Linear";
			ed = "In";
		};
		["Head"] = {
			tm = .0500;
			cf = cfr(0,0,-.006,1,0,-.017,0,1,0,.017,0,1);
			es = "Linear";
			ed = "In";
		};
	};
	{
		tm = 1.95;
		["Torso"] = {
			tm = .0500;
			cf = cfr(.369,0,0,1,0,0,0,1,0,0,0,1);
			es = "Linear";
			ed = "In";
		};
		["Left Leg"] = {
			tm = .0500;
			cf = cfr(-.044,-.001,0,1,0,0,0,1,0,0,0,1);
			es = "Linear";
			ed = "In";
		};
		["Right Leg"] = {
			tm = .0500;
			cf = cfr(.05,-.002,0,1,0,0,0,1,0,0,0,1);
			es = "Linear";
			ed = "In";
		};
		["Left Arm"] = {
			tm = .0500;
			cf = cfr(0,-.277,.602,.995,-.036,.097,-.097,.007,.995,-.036,-.999,.003);
			es = "Linear";
			ed = "In";
		};
		["Right Arm"] = {
			tm = .0500;
			cf = cfr(.002,-.227,.479,1,-.002,0,0,.285,.958,-.002,-.958,.285);
			es = "Linear";
			ed = "In";
		};
		["Head"] = {
			tm = .0500;
			cf = cfr(0,0,-.002,1,0,-.005,0,1,0,.005,0,1);
			es = "Linear";
			ed = "In";
		};
	};
	{
		tm = 2;
		["Torso"] = {
			tm = .0499;
			cf = cfr(.373,0,0,1,0,0,0,1,0,0,0,1);
			es = "Linear";
			ed = "In";
		};
		["Left Leg"] = {
			tm = .0499;
			cf = cfr(-.032,0,0,1,0,0,0,1,0,0,0,1);
			es = "Linear";
			ed = "In";
		};
		["Right Leg"] = {
			tm = .0499;
			cf = cfr(.036,0,0,1,0,0,0,1,0,0,0,1);
			es = "Linear";
			ed = "In";
		};
		["Left Arm"] = {
			tm = .0499;
			cf = cfr(0,-.239,.521,.959,-.017,.285,-.282,.079,.956,-.039,-.997,.071);
			es = "Linear";
			ed = "In";
		};
		["Right Arm"] = {
			tm = .0499;
			cf = cfr(.001,-.188,.369,1,-.001,0,0,.548,.836,-.001,-.836,.548);
			es = "Linear";
			ed = "In";
		};
		["Head"] = {
			tm = .0499;
			cf = cfr(0,0,0,1,0,0,0,1,0,0,0,1);
			es = "Linear";
			ed = "In";
		};
	};
	{
		tm = 2.05;
		["Torso"] = {
			tm = .0500;
			cf = cfr(.38,0,0,1,0,0,0,1,0,0,0,1);
			es = "Linear";
			ed = "In";
		};
		["Left Leg"] = {
			tm = .0500;
			cf = cfr(-.008,0,0,1,0,0,0,1,0,0,0,1);
			es = "Linear";
			ed = "In";
		};
		["Right Leg"] = {
			tm = .0500;
			cf = cfr(.009,0,0,1,0,0,0,1,0,0,0,1);
			es = "Linear";
			ed = "In";
		};
		["Left Arm"] = {
			tm = .0500;
			cf = cfr(0,-.136,.287,.844,.174,.507,-.504,.581,.639,-.183,-.795,.578);
			es = "Linear";
			ed = "In";
		};
		["Right Arm"] = {
			tm = .0500;
			cf = cfr(0,-.061,.131,1,0,0,0,.939,.343,0,-.343,.939);
			es = "Linear";
			ed = "In";
		};
		["Head"] = {
			tm = 0;
			cf = cfr(0,0,0,1,0,0,0,1,0,0,0,1);
			es = "Linear";
			ed = "In";
		};
	};
	{
		tm = 2.1;
		["Torso"] = {
			tm = .0499;
			cf = cfr(.382,0,0,1,0,0,0,1,0,0,0,1);
			es = "Linear";
			ed = "In";
		};
		["Left Leg"] = {
			tm = .0499;
			cf = cfr(-.001,0,0,1,0,0,0,1,0,0,0,1);
			es = "Linear";
			ed = "In";
		};
		["Right Leg"] = {
			tm = .0499;
			cf = cfr(.001,0,0,1,0,0,0,1,0,0,0,1);
			es = "Linear";
			ed = "In";
		};
		["Left Arm"] = {
			tm = .0499;
			cf = cfr(0,-.077,.152,.913,.226,.34,-.347,.869,.352,-.216,-.439,.872);
			es = "Linear";
			ed = "In";
		};
		["Right Arm"] = {
			tm = .0499;
			cf = cfr(0,-.011,.025,1,0,0,0,.98,.2,0,-.2,.98);
			es = "Linear";
			ed = "In";
		};
	};
	{
		tm = 2.15;
		["Torso"] = {
			tm = 0;
			cf = cfr(.382,0,0,1,0,0,0,1,0,0,0,1);
			es = "Linear";
			ed = "In";
		};
		["Left Leg"] = {
			tm = 0;
			cf = cfr(0,0,0,1,0,0,0,1,0,0,0,1);
			es = "Linear";
			ed = "In";
		};
		["Right Leg"] = {
			tm = 0;
			cf = cfr(0,0,0,1,0,0,0,1,0,0,0,1);
			es = "Linear";
			ed = "In";
		};
		["Left Arm"] = {
			tm = 0;
			cf = cfr(0,-.012,.005,1,.014,-.007,-.014,1,-.004,.007,.004,1);
			es = "Linear";
			ed = "In";
		};
		["Right Arm"] = {
			tm = 0;
			cf = cfr(0,0,0,1,0,0,0,1,0,0,0,1);
			es = "Linear";
			ed = "In";
		};
	};
}
