-- // converted using mech's animoduler
local cfr = CFrame.new

return {{tm=0;["Torso"]={cf=cfr(0,0,0,1,0,0,0,1,0,0,0,1);es="Linear";ed="In";};["Head"]={cf=cfr(0,0,0,1,0,0,0,1,0,0,0,1);es="Linear";ed="In";};["Left Leg"]={cf=cfr(0,0,0,1,0,0,0,1,0,0,0,1);es="Linear";ed="In";};["Right Arm"]={cf=cfr(0,0,0,1,0,0,0,1,0,0,0,1);es="Linear";ed="In";};["Right Leg"]={cf=cfr(0,0,0,1,0,0,0,1,0,0,0,1);es="Linear";ed="In";};["Left Arm"]={cf=cfr(0,0,0,1,0,0,0,1,0,0,0,1);es="Linear";ed="In";};};{tm=.156;["Torso"]={cf=cfr(.088,.226,-.25,.582,-.792,.184,.806,.532,-.259,.107,.299,.948);es="Linear";ed="In";};["Head"]={cf=cfr(0,0,0,.784,.62,-.03,-.621,.782,-.054,-.011,.061,.998);es="Linear";ed="In";};["Left Leg"]={cf=cfr(-.373,.091,.163,.942,.082,.325,-.135,.981,.142,-.307,-.177,.935);es="Linear";ed="In";};["Right Arm"]={cf=cfr(.682,-.465,.006,-.105,-.87,.482,.069,.477,.876,-.992,.125,.009);es="Linear";ed="In";};["Right Leg"]={cf=cfr(.31,.48,.297,.723,.067,-.688,.102,.974,.202,.684,-.216,.697);es="Linear";ed="In";};["Left Arm"]={cf=cfr(-.15,-.304,-.054,.111,.854,-.508,-.992,.065,-.108,-.059,.516,.855);es="Linear";ed="In";};};{tm=.256;["Torso"]={cf=cfr(.108,.313,-.364,.27,-.921,.282,.935,.18,-.307,.231,.347,.909);es="Linear";ed="In";};["Head"]={cf=cfr(0,0,0,.614,.789,-.035,-.789,.612,-.055,-.022,.061,.998);es="Linear";ed="In";};["Left Leg"]={cf=cfr(-.52,.118,.176,.891,.094,.445,-.187,.968,.17,-.414,-.234,.879);es="Linear";ed="In";};["Right Arm"]={cf=cfr(.952,-.64,-.031,-.588,-.805,.079,-.276,.292,.916,-.76,.516,-.394);es="Linear";ed="In";};["Right Leg"]={cf=cfr(.357,.703,.419,.527,.143,-.838,.165,.95,.266,.833,-.279,.477);es="Linear";ed="In";};["Left Arm"]={cf=cfr(-.2,-.405,-.072,-.386,.695,-.606,-.897,-.436,.072,-.214,.572,.792);es="Linear";ed="In";};};{tm=.333;["Torso"]={cf=cfr(.092,.333,-.414,.208,-.938,.277,.935,.107,-.338,.287,.329,.899);es="Linear";ed="In";};["Left Leg"]={cf=cfr(-.557,.114,.107,.878,.091,.471,-.184,.97,.157,-.442,-.224,.868);es="Linear";ed="In";};["Right Arm"]={cf=cfr(1.022,-.675,-.098,-.68,-.732,.036,-.294,.318,.901,-.672,.602,-.432);es="Linear";ed="In";};["Right Leg"]={cf=cfr(.263,.808,.458,.527,.177,-.831,.165,.938,.305,.833,-.298,.465);es="Linear";ed="In";};["Left Arm"]={cf=cfr(-.2,-.405,-.072,-.464,.676,-.573,-.866,-.481,.133,-.185,.558,.809);es="Linear";ed="In";};};{tm=.433;["pose"]="0";["Torso"]={cf=cfr(.08,.349,-.453,.152,-.947,.283,.93,.04,-.365,.334,.319,.887);es="Linear";ed="In";};["Left Leg"]={cf=cfr(-.578,.096,.074,.891,.123,.437,-.2,.971,.133,-.408,-.206,.89);es="Linear";ed="In";};["Right Arm"]={cf=cfr(1.063,-.695,-.137,-.74,-.672,.005,-.301,.338,.892,-.601,.658,-.453);es="Linear";ed="In";};["Right Leg"]={cf=cfr(.207,.871,.481,.527,.213,-.822,.165,.924,.346,.833,-.318,.452);es="Linear";ed="In";};["Left Arm"]={cf=cfr(-.2,-.405,-.072,-.521,.652,-.551,-.838,-.513,.185,-.162,.558,.814);es="Linear";ed="In";};};{tm=.556;["Torso"]={cf=cfr(.075,.357,-.471,.108,-.947,.303,.924,-.016,-.382,.367,.321,.873);es="Linear";ed="In";};["Left Leg"]={cf=cfr(-.575,.062,.093,.927,.2,.316,-.242,.965,.099,-.285,-.169,.944);es="Linear";ed="In";};["Right Arm"]={cf=cfr(1.063,-.695,-.137,-.763,-.646,-.003,-.297,.346,.89,-.574,.68,-.456);es="Linear";ed="In";};["Right Leg"]={cf=cfr(.207,.871,.481,.527,.251,-.812,.165,.907,.388,.833,-.339,.436);es="Linear";ed="In";};["Left Arm"]={cf=cfr(-.2,-.405,-.072,-.55,.627,-.551,-.821,-.526,.222,-.151,.574,.805);es="Linear";ed="In";};};{tm=.644;["Torso"]={cf=cfr(.079,.347,-.464,.102,-.941,.324,.917,-.038,-.398,.387,.337,.858);es="Linear";ed="In";};["Left Leg"]={cf=cfr(-.626,.064,.083,.949,.24,.206,-.267,.956,.119,-.169,-.168,.971);es="Linear";ed="In";};["Right Arm"]={cf=cfr(1.061,-.673,-.093,-.772,-.635,-.019,-.309,.35,.884,-.555,.689,-.467);es="Linear";ed="In";};["Right Leg"]={cf=cfr(.224,.883,.466,.529,.255,-.809,.174,.901,.398,.831,-.351,.432);es="Linear";ed="In";};["Left Arm"]={cf=cfr(-.203,-.409,-.072,-.582,.605,-.543,-.804,-.526,.276,-.119,.597,.793);es="Linear";ed="In";};};{tm=.711;["go"]="0";["Torso"]={cf=cfr(.087,.329,-.444,.118,-.933,.34,.911,-.034,-.41,.395,.358,.846);es="Linear";ed="In";};["Head"]={cf=cfr(0,0,0,.486,.87,.084,-.874,.484,.041,-.005,-.094,.996);es="Linear";ed="In";};["Left Leg"]={cf=cfr(-.695,.087,.06,.959,.253,.131,-.272,.949,.162,-.084,-.191,.978);es="Linear";ed="In";};["Right Arm"]={cf=cfr(1.058,-.643,-.034,-.772,-.635,-.036,-.329,.35,.877,-.544,.689,-.479);es="Linear";ed="In";};["Right Leg"]={cf=cfr(.248,.899,.447,.531,.239,-.813,.186,.903,.387,.827,-.357,.435);es="Linear";ed="In";};["Left Arm"]={cf=cfr(-.207,-.414,-.073,-.608,.59,-.531,-.79,-.52,.326,-.084,.618,.782);es="Linear";ed="In";};};{tm=.756;["Torso"]={cf=cfr(.182,.314,-.556,.951,-.306,.055,.284,.785,-.551,.125,.539,.833);es="Linear";ed="In";};["Head"]={cf=cfr(0,0,0,.945,.325,-.02,-.324,.944,.055,.037,-.046,.998);es="Linear";ed="In";};["Left Leg"]={cf=cfr(-.512,.47,.175,.92,.003,.391,.055,.989,-.139,-.387,.149,.91);es="Linear";ed="In";};["Right Arm"]={cf=cfr(.865,-.098,.45,.221,-.905,-.363,-.052,-.383,.922,-.974,-.185,-.132);es="Linear";ed="In";};["Right Leg"]={cf=cfr(.192,.398,.28,.955,-.143,-.26,.125,.989,-.086,.269,.049,.962);es="Linear";ed="In";};["Left Arm"]={cf=cfr(-.048,-.475,0,-.653,.751,.101,-.713,-.654,.252,.255,.093,.962);es="Linear";ed="In";};};{tm=.8;["Torso"]={cf=cfr(.286,.314,-.724,.604,.777,-.176,-.774,.52,-.361,-.189,.354,.916);es="Linear";ed="In";};["Head"]={cf=cfr(0,0,0,.605,-.784,.138,.789,.614,.03,-.108,.091,.99);es="Linear";ed="In";};["Left Leg"]={cf=cfr(-.171,.886,.247,.5,.385,.776,-.58,.814,-.03,-.643,-.435,.63);es="Linear";ed="In";};["Right Arm"]={cf=cfr(-.144,-.501,.514,.907,.381,-.182,.109,.205,.973,.408,-.902,.145);es="Linear";ed="In";};["Right Leg"]={cf=cfr(.393,.266,.157,.909,.076,-.41,.024,.972,.232,.417,-.22,.882);es="Linear";ed="In";};["Left Arm"]={cf=cfr(.205,-.455,.047,-.395,.438,.807,-.697,-.716,.047,.598,-.544,.588);es="Linear";ed="In";};};{tm=.9;["Torso"]={cf=cfr(.304,.321,-.78,.473,.866,-.16,-.838,.386,-.387,-.273,.317,.908);es="Linear";ed="In";};["Head"]={cf=cfr(0,0,0,.56,-.822,.102,.822,.567,.057,-.105,.052,.993);es="Linear";ed="In";};["Left Leg"]={cf=cfr(.009,.99,.182,.345,.289,.893,-.596,.802,-.029,-.725,-.522,.449);es="Linear";ed="In";};["Right Arm"]={cf=cfr(-.121,-.57,.495,.873,.412,-.263,.151,.283,.947,.464,-.866,.185);es="Linear";ed="In";};["Right Leg"]={cf=cfr(.447,.272,.055,.921,-.006,-.39,.079,.982,.171,.382,-.188,.905);es="Linear";ed="In";};["Left Arm"]={cf=cfr(.3,-.391,.01,-.21,.241,.947,-.691,-.722,.031,.691,-.648,.319);es="Linear";ed="In";};};{tm=.989;["Torso"]={cf=cfr(.304,.321,-.779,.479,.867,-.141,-.836,.401,-.374,-.268,.297,.916);es="Linear";ed="In";};["Head"]={cf=cfr(0,0,0,.529,-.842,.102,.842,.536,.057,-.103,.056,.993);es="Linear";ed="In";};["Left Leg"]={cf=cfr(.019,.965,.166,.343,.291,.893,-.6,.8,-.03,-.723,-.525,.449);es="Linear";ed="In";};["Right Arm"]={cf=cfr(-.111,-.599,.485,.877,.407,-.256,.137,.299,.944,.461,-.863,.206);es="Linear";ed="In";};["Right Leg"]={cf=cfr(.458,.268,.031,.953,.012,-.302,.05,.979,.196,.298,-.202,.933);es="Linear";ed="In";};["Left Arm"]={cf=cfr(.304,-.4,.003,-.065,.292,.954,-.744,-.652,.149,.665,-.7,.26);es="Linear";ed="In";};};{tm=1.033;["Torso"]={cf=cfr(.302,.317,-.769,.513,.849,-.129,-.824,.444,-.352,-.242,.287,.927);es="Linear";ed="In";};["Left Leg"]={cf=cfr(-.022,.903,.154,.348,.301,.888,-.586,.809,-.044,-.732,-.505,.458);es="Linear";ed="In";};["Right Arm"]={cf=cfr(-.111,-.599,.485,.883,.407,-.232,.111,.299,.948,.455,-.863,.219);es="Linear";ed="In";};["Right Leg"]={cf=cfr(.458,.268,.031,.977,.036,-.21,.017,.97,.243,.212,-.241,.947);es="Linear";ed="In";};["Left Arm"]={cf=cfr(.304,-.4,.003,.025,.385,.923,-.783,-.566,.257,.621,-.729,.287);es="Linear";ed="In";};};{tm=1.133;["end"]="0";["Torso"]={cf=cfr(.306,.341,-.731,.573,.813,-.102,-.793,.52,-.318,-.206,.263,.943);es="Linear";ed="In";};["Left Leg"]={cf=cfr(-.108,.801,.149,.353,.324,.877,-.569,.819,-.074,-.743,-.473,.474);es="Linear";ed="In";};["Right Arm"]={cf=cfr(-.081,-.598,.425,.904,.392,-.167,.022,.348,.937,.426,-.851,.306);es="Linear";ed="In";};["Right Leg"]={cf=cfr(.458,.268,.031,.992,.056,-.116,-.021,.958,.286,.127,-.281,.951);es="Linear";ed="In";};["Left Arm"]={cf=cfr(.258,-.418,-.014,.17,.49,.855,-.86,-.351,.372,.482,-.798,.362);es="Linear";ed="In";};};{tm=1.178;["Torso"]={cf=cfr(.313,.369,-.703,.6,.796,-.086,-.776,.551,-.307,-.197,.251,.948);es="Linear";ed="In";};["Head"]={cf=cfr(0,0,0,.529,-.842,.102,.842,.536,.057,-.103,.056,.993);es="Linear";ed="In";};["Left Leg"]={cf=cfr(-.152,.76,.156,.354,.339,.872,-.566,.82,-.089,-.745,-.462,.482);es="Linear";ed="In";};["Right Arm"]={cf=cfr(-.051,-.597,.366,.916,.38,-.126,-.039,.397,.917,.398,-.836,.378);es="Linear";ed="In";};["Right Leg"]={cf=cfr(.458,.268,.031,.992,.056,-.116,-.021,.958,.286,.127,-.281,.951);es="Linear";ed="In";};["Left Arm"]={cf=cfr(.212,-.437,-.031,.222,.508,.833,-.897,-.228,.378,.382,-.831,.405);es="Linear";ed="In";};};}
