-- // converted using mech's animoduler
local cfr = CFrame.new

return {
	{
		tm = 0;
		["Torso"] = {
			tm = .017;
			cf = cfr(-.043,-.434,-.4,.967,.244,-.07,-.241,.799,-.55,-.078,.549,.832);
			es = "Linear";
			ed = "In";
		};
		["Left Leg"] = {
			tm = .017;
			cf = cfr(-.25,.323,.195,.905,.09,.417,-.06,.995,-.085,-.422,.052,.905);
			es = "Linear";
			ed = "In";
		};
		["Right Leg"] = {
			tm = .017;
			cf = cfr(.36,.442,-.029,.906,-.421,.051,.422,.907,0,-.047,.021,.999);
			es = "Linear";
			ed = "In";
		};
		["Left Arm"] = {
			tm = .017;
			cf = cfr(.287,-.292,-.123,.307,.899,-.311,-.866,.4,.301,.396,.177,.901);
			es = "Linear";
			ed = "In";
		};
		["Head"] = {
			tm = .017;
			cf = cfr(0,0,.018,.993,-.116,-.035,.081,.853,-.515,.09,.509,.856);
			es = "Linear";
			ed = "In";
		};
		["Right Arm"] = {
			tm = .017;
			cf = cfr(-.087,-.214,-.04,.741,-.594,.314,.665,.712,-.224,-.091,.375,.922);
			es = "Linear";
			ed = "In";
		};
	};
	{
		tm = .017;
		["Torso"] = {
			tm = .016;
			cf = cfr(-.036,-.418,-.392,.968,.244,-.062,-.238,.809,-.537,-.08,.535,.841);
			es = "Linear";
			ed = "In";
		};
		["Left Leg"] = {
			tm = .016;
			cf = cfr(-.257,.325,.195,.905,.073,.418,-.046,.996,-.074,-.422,.048,.905);
			es = "Linear";
			ed = "In";
		};
		["Right Leg"] = {
			tm = .016;
			cf = cfr(.369,.434,-.027,.913,-.405,.052,.406,.914,-.004,-.046,.025,.999);
			es = "Linear";
			ed = "In";
		};
		["Left Arm"] = {
			tm = .016;
			cf = cfr(.289,-.291,-.123,.306,.899,-.314,-.866,.4,.3,.396,.18,.901);
			es = "Linear";
			ed = "In";
		};
		["Head"] = {
			tm = .016;
			cf = cfr(0,0,.018,.993,-.114,-.041,.073,.83,-.553,.098,.545,.832);
			es = "Linear";
			ed = "In";
		};
		["Right Arm"] = {
			tm = .016;
			cf = cfr(-.09,-.211,-.039,.739,-.595,.315,.667,.71,-.224,-.09,.376,.922);
			es = "Linear";
			ed = "In";
		};
	};
	{
		tm = .033;
		["Torso"] = {
			tm = .017;
			cf = cfr(-.027,-.4,-.382,.968,.246,-.05,-.235,.821,-.521,-.087,.516,.852);
			es = "Linear";
			ed = "In";
		};
		["Left Leg"] = {
			tm = .017;
			cf = cfr(-.265,.329,.195,.904,.049,.424,-.027,.998,-.059,-.426,.042,.904);
			es = "Linear";
			ed = "In";
		};
		["Right Leg"] = {
			tm = .017;
			cf = cfr(.381,.421,-.026,.921,-.385,.055,.386,.922,-.012,-.046,.033,.998);
			es = "Linear";
			ed = "In";
		};
		["Left Arm"] = {
			tm = .017;
			cf = cfr(.295,-.289,-.122,.305,.896,-.322,-.867,.401,.297,.395,.188,.899);
			es = "Linear";
			ed = "In";
		};
		["Head"] = {
			tm = .017;
			cf = cfr(0,0,.018,.993,-.112,-.048,.062,.802,-.594,.105,.587,.803);
			es = "Linear";
			ed = "In";
		};
		["Right Arm"] = {
			tm = .017;
			cf = cfr(-.101,-.2,-.039,.735,-.6,.317,.672,.705,-.224,-.09,.378,.922);
			es = "Linear";
			ed = "In";
		};
	};
	{
		tm = .05;
		["Torso"] = {
			tm = .017;
			cf = cfr(-.017,-.38,-.371,.968,.248,-.037,-.233,.832,-.503,-.094,.495,.864);
			es = "Linear";
			ed = "In";
		};
		["Left Leg"] = {
			tm = .017;
			cf = cfr(-.274,.334,.195,.903,.024,.43,-.007,.999,-.041,-.43,.034,.902);
			es = "Linear";
			ed = "In";
		};
		["Right Leg"] = {
			tm = .017;
			cf = cfr(.394,.405,-.024,.93,-.363,.059,.365,.931,-.021,-.047,.041,.998);
			es = "Linear";
			ed = "In";
		};
		["Left Arm"] = {
			tm = .017;
			cf = cfr(.305,-.286,-.12,.302,.893,-.335,-.868,.403,.291,.395,.203,.896);
			es = "Linear";
			ed = "In";
		};
		["Head"] = {
			tm = .017;
			cf = cfr(0,0,.018,.993,-.108,-.05,.052,.773,-.632,.106,.625,.774);
			es = "Linear";
			ed = "In";
		};
		["Right Arm"] = {
			tm = .017;
			cf = cfr(-.12,-.183,-.037,.727,-.607,.321,.681,.697,-.223,-.088,.381,.92);
			es = "Linear";
			ed = "In";
		};
	};
	{
		tm = .067;
		["Torso"] = {
			tm = .016;
			cf = cfr(-.006,-.36,-.36,.968,.25,-.024,-.23,.844,-.484,-.101,.474,.875);
			es = "Linear";
			ed = "In";
		};
		["Left Leg"] = {
			tm = .016;
			cf = cfr(-.282,.338,.195,.9,-.002,.436,.014,1,-.023,-.435,.026,.9);
			es = "Linear";
			ed = "In";
		};
		["Right Leg"] = {
			tm = .016;
			cf = cfr(.406,.388,-.022,.938,-.341,.063,.343,.939,-.031,-.049,.051,.998);
			es = "Linear";
			ed = "In";
		};
		["Left Arm"] = {
			tm = .016;
			cf = cfr(.32,-.28,-.118,.298,.887,-.353,-.869,.405,.283,.394,.222,.892);
			es = "Linear";
			ed = "In";
		};
		["Head"] = {
			tm = .016;
			cf = cfr(0,0,.018,.994,-.099,-.047,.043,.747,-.664,.101,.658,.746);
			es = "Linear";
			ed = "In";
		};
		["Right Arm"] = {
			tm = .016;
			cf = cfr(-.145,-.158,-.036,.715,-.618,.327,.694,.685,-.222,-.087,.385,.919);
			es = "Linear";
			ed = "In";
		};
	};
	{
		tm = .083;
		["Torso"] = {
			tm = .017;
			cf = cfr(.005,-.34,-.35,.968,.252,-.01,-.227,.856,-.465,-.109,.452,.885);
			es = "Linear";
			ed = "In";
		};
		["Left Leg"] = {
			tm = .017;
			cf = cfr(-.29,.341,.195,.897,-.029,.441,.034,.999,-.004,-.441,.018,.897);
			es = "Linear";
			ed = "In";
		};
		["Right Leg"] = {
			tm = .017;
			cf = cfr(.417,.37,-.021,.946,-.318,.067,.321,.946,-.04,-.05,.06,.997);
			es = "Linear";
			ed = "In";
		};
		["Left Arm"] = {
			tm = .017;
			cf = cfr(.338,-.274,-.115,.294,.879,-.375,-.871,.408,.273,.393,.247,.886);
			es = "Linear";
			ed = "In";
		};
		["Head"] = {
			tm = .017;
			cf = cfr(0,0,.018,.995,-.086,-.04,.035,.723,-.69,.089,.686,.723);
			es = "Linear";
			ed = "In";
		};
		["Right Arm"] = {
			tm = .017;
			cf = cfr(-.176,-.127,-.034,.7,-.632,.333,.709,.669,-.22,-.084,.391,.917);
			es = "Linear";
			ed = "In";
		};
	};
	{
		tm = .1;
		["Torso"] = {
			tm = .017;
			cf = cfr(.016,-.319,-.34,.967,.253,.004,-.225,.866,-.446,-.116,.43,.895);
			es = "Linear";
			ed = "In";
		};
		["Left Leg"] = {
			tm = .017;
			cf = cfr(-.299,.344,.195,.893,-.055,.446,.054,.998,.015,-.446,.011,.895);
			es = "Linear";
			ed = "In";
		};
		["Right Leg"] = {
			tm = .017;
			cf = cfr(.428,.353,-.019,.953,-.295,.07,.299,.953,-.05,-.052,.069,.996);
			es = "Linear";
			ed = "In";
		};
		["Left Arm"] = {
			tm = .017;
			cf = cfr(.36,-.266,-.111,.288,.869,-.401,-.874,.41,.261,.391,.275,.878);
			es = "Linear";
			ed = "In";
		};
		["Head"] = {
			tm = .017;
			cf = cfr(0,0,.018,.997,-.07,-.029,.029,.703,-.711,.07,.708,.703);
			es = "Linear";
			ed = "In";
		};
		["Right Arm"] = {
			tm = .017;
			cf = cfr(-.213,-.09,-.031,.681,-.648,.342,.728,.65,-.218,-.081,.397,.914);
			es = "Linear";
			ed = "In";
		};
	};
	{
		tm = .117;
		["Torso"] = {
			tm = .016;
			cf = cfr(.027,-.299,-.331,.967,.254,.017,-.222,.877,-.426,-.124,.408,.904);
			es = "Linear";
			ed = "In";
		};
		["Left Leg"] = {
			tm = .016;
			cf = cfr(-.307,.347,.194,.889,-.081,.45,.074,.997,.034,-.451,.003,.892);
			es = "Linear";
			ed = "In";
		};
		["Right Leg"] = {
			tm = .016;
			cf = cfr(.439,.335,-.018,.96,-.272,.072,.277,.959,-.06,-.053,.077,.996);
			es = "Linear";
			ed = "In";
		};
		["Left Arm"] = {
			tm = .016;
			cf = cfr(.384,-.258,-.107,.283,.858,-.429,-.877,.413,.247,.389,.306,.869);
			es = "Linear";
			ed = "In";
		};
		["Head"] = {
			tm = .016;
			cf = cfr(0,0,.018,.999,-.05,-.015,.023,.688,-.725,.046,.724,.688);
			es = "Linear";
			ed = "In";
		};
		["Right Arm"] = {
			tm = .016;
			cf = cfr(-.254,-.05,-.028,.658,-.666,.351,.749,.627,-.215,-.076,.404,.911);
			es = "Linear";
			ed = "In";
		};
	};
	{
		tm = .133;
		["Torso"] = {
			tm = .0169;
			cf = cfr(.037,-.279,-.322,.967,.254,.031,-.22,.887,-.407,-.13,.387,.913);
			es = "Linear";
			ed = "In";
		};
		["Left Leg"] = {
			tm = .0169;
			cf = cfr(-.315,.349,.194,.885,-.106,.453,.093,.994,.052,-.456,-.004,.89);
			es = "Linear";
			ed = "In";
		};
		["Right Leg"] = {
			tm = .0169;
			cf = cfr(.448,.317,-.016,.966,-.249,.074,.254,.965,-.069,-.054,.086,.995);
			es = "Linear";
			ed = "In";
		};
		["Left Arm"] = {
			tm = .0169;
			cf = cfr(.41,-.249,-.103,.277,.845,-.458,-.88,.415,.233,.387,.339,.858);
			es = "Linear";
			ed = "In";
		};
		["Head"] = {
			tm = .0169;
			cf = cfr(0,0,.018,1,-.027,.001,.02,.678,-.735,.019,.735,.678);
			es = "Linear";
			ed = "In";
		};
		["Right Arm"] = {
			tm = .0169;
			cf = cfr(-.296,-.007,-.025,.633,-.685,.36,.771,.601,-.212,-.071,.412,.909);
			es = "Linear";
			ed = "In";
		};
	};
	{
		tm = .15;
		["Torso"] = {
			tm = .0170;
			cf = cfr(.047,-.26,-.314,.967,.253,.043,-.217,.896,-.388,-.137,.366,.921);
			es = "Linear";
			ed = "In";
		};
		["Left Leg"] = {
			tm = .0170;
			cf = cfr(-.324,.35,.193,.881,-.131,.455,.111,.991,.07,-.461,-.011,.888);
			es = "Linear";
			ed = "In";
		};
		["Right Leg"] = {
			tm = .0170;
			cf = cfr(.457,.3,-.015,.971,-.226,.074,.232,.97,-.078,-.054,.093,.994);
			es = "Linear";
			ed = "In";
		};
		["Left Arm"] = {
			tm = .0170;
			cf = cfr(.436,-.239,-.099,.271,.83,-.487,-.882,.416,.219,.385,.371,.845);
			es = "Linear";
			ed = "In";
		};
		["Head"] = {
			tm = .0170;
			cf = cfr(0,0,.018,1,-.004,.019,.017,.673,-.74,-.01,.74,.672);
			es = "Linear";
			ed = "In";
		};
		["Right Arm"] = {
			tm = .0170;
			cf = cfr(-.338,.036,-.022,.605,-.705,.37,.793,.572,-.207,-.066,.419,.906);
			es = "Linear";
			ed = "In";
		};
	};
	{
		tm = .167;
		["Torso"] = {
			tm = .0159;
			cf = cfr(.056,-.241,-.307,.966,.251,.055,-.214,.904,-.369,-.142,.345,.928);
			es = "Linear";
			ed = "In";
		};
		["Left Leg"] = {
			tm = .0159;
			cf = cfr(-.332,.35,.192,.876,-.154,.456,.128,.988,.087,-.464,-.017,.885);
			es = "Linear";
			ed = "In";
		};
		["Right Leg"] = {
			tm = .0159;
			cf = cfr(.465,.284,-.014,.976,-.204,.074,.21,.974,-.087,-.055,.1,.993);
			es = "Linear";
			ed = "In";
		};
		["Left Arm"] = {
			tm = .0159;
			cf = cfr(.461,-.231,-.095,.265,.816,-.514,-.885,.417,.206,.382,.4,.833);
			es = "Linear";
			ed = "In";
		};
		["Head"] = {
			tm = .0159;
			cf = cfr(0,0,.018,.999,.018,.037,.015,.672,-.74,-.038,.74,.672);
			es = "Linear";
			ed = "In";
		};
		["Right Arm"] = {
			tm = .0159;
			cf = cfr(-.379,.078,-.02,.576,-.724,.379,.815,.542,-.202,-.059,.426,.903);
			es = "Linear";
			ed = "In";
		};
	};
	{
		tm = .183;
		["Torso"] = {
			tm = .0170;
			cf = cfr(.065,-.223,-.3,.966,.249,.066,-.211,.912,-.351,-.147,.325,.934);
			es = "Linear";
			ed = "In";
		};
		["Left Leg"] = {
			tm = .0170;
			cf = cfr(-.34,.349,.19,.872,-.176,.456,.145,.984,.103,-.467,-.023,.884);
			es = "Linear";
			ed = "In";
		};
		["Right Leg"] = {
			tm = .0170;
			cf = cfr(.472,.268,-.012,.981,-.182,.073,.188,.978,-.094,-.055,.106,.993);
			es = "Linear";
			ed = "In";
		};
		["Left Arm"] = {
			tm = .0170;
			cf = cfr(.484,-.223,-.091,.26,.802,-.538,-.888,.418,.193,.38,.427,.821);
			es = "Linear";
			ed = "In";
		};
		["Head"] = {
			tm = .0170;
			cf = cfr(0,0,.018,.998,.039,.053,.013,.677,-.736,-.065,.735,.675);
			es = "Linear";
			ed = "In";
		};
		["Right Arm"] = {
			tm = .0170;
			cf = cfr(-.415,.116,-.017,.546,-.743,.388,.836,.512,-.197,-.053,.432,.9);
			es = "Linear";
			ed = "In";
		};
	};
	{
		tm = .2;
		["Torso"] = {
			tm = .0169;
			cf = cfr(.072,-.206,-.294,.966,.246,.076,-.208,.92,-.333,-.151,.306,.94);
			es = "Linear";
			ed = "In";
		};
		["Left Leg"] = {
			tm = .0169;
			cf = cfr(-.349,.348,.189,.868,-.197,.455,.161,.98,.117,-.469,-.029,.883);
			es = "Linear";
			ed = "In";
		};
		["Right Leg"] = {
			tm = .0169;
			cf = cfr(.478,.254,-.011,.984,-.16,.071,.167,.981,-.101,-.054,.111,.992);
			es = "Linear";
			ed = "In";
		};
		["Left Arm"] = {
			tm = .0169;
			cf = cfr(.505,-.216,-.088,.256,.789,-.558,-.89,.418,.183,.377,.45,.809);
			es = "Linear";
			ed = "In";
		};
		["Head"] = {
			tm = .0169;
			cf = cfr(0,0,.018,.996,.056,.069,.012,.685,-.728,-.088,.726,.682);
			es = "Linear";
			ed = "In";
		};
		["Right Arm"] = {
			tm = .0169;
			cf = cfr(-.446,.15,-.015,.515,-.76,.396,.856,.481,-.191,-.046,.437,.898);
			es = "Linear";
			ed = "In";
		};
	};
	{
		tm = .217;
		["Torso"] = {
			tm = .0160;
			cf = cfr(.079,-.191,-.288,.967,.242,.084,-.204,.927,-.316,-.154,.288,.945);
			es = "Linear";
			ed = "In";
		};
		["Left Leg"] = {
			tm = .0160;
			cf = cfr(-.357,.345,.187,.865,-.217,.453,.176,.976,.131,-.47,-.033,.882);
			es = "Linear";
			ed = "In";
		};
		["Right Leg"] = {
			tm = .0160;
			cf = cfr(.484,.242,-.009,.988,-.139,.068,.146,.983,-.107,-.052,.116,.992);
			es = "Linear";
			ed = "In";
		};
		["Left Arm"] = {
			tm = .0160;
			cf = cfr(.522,-.21,-.085,.253,.779,-.574,-.892,.418,.174,.376,.468,.8);
			es = "Linear";
			ed = "In";
		};
		["Head"] = {
			tm = .0160;
			cf = cfr(0,0,.018,.994,.07,.082,.01,.697,-.717,-.107,.714,.692);
			es = "Linear";
			ed = "In";
		};
		["Right Arm"] = {
			tm = .0160;
			cf = cfr(-.47,.178,-.013,.486,-.776,.403,.873,.451,-.185,-.039,.441,.896);
			es = "Linear";
			ed = "In";
		};
	};
	{
		tm = .233;
		["Torso"] = {
			tm = .0169;
			cf = cfr(.085,-.176,-.283,.967,.237,.092,-.2,.933,-.3,-.156,.272,.95);
			es = "Linear";
			ed = "In";
		};
		["Left Leg"] = {
			tm = .0169;
			cf = cfr(-.365,.342,.185,.862,-.234,.449,.19,.971,.142,-.47,-.037,.882);
			es = "Linear";
			ed = "In";
		};
		["Right Leg"] = {
			tm = .0169;
			cf = cfr(.49,.231,-.007,.991,-.119,.064,.126,.986,-.112,-.05,.119,.992);
			es = "Linear";
			ed = "In";
		};
		["Left Arm"] = {
			tm = .0169;
			cf = cfr(.534,-.206,-.083,.251,.771,-.585,-.893,.418,.168,.374,.48,.793);
			es = "Linear";
			ed = "In";
		};
		["Head"] = {
			tm = .0169;
			cf = cfr(0,0,.018,.992,.08,.093,.008,.712,-.702,-.122,.697,.706);
			es = "Linear";
			ed = "In";
		};
		["Right Arm"] = {
			tm = .0169;
			cf = cfr(-.487,.2,-.012,.458,-.79,.408,.888,.423,-.179,-.032,.444,.895);
			es = "Linear";
			ed = "In";
		};
	};
	{
		tm = .25;
		["Torso"] = {
			tm = .0170;
			cf = cfr(.089,-.163,-.279,.968,.231,.097,-.195,.938,-.285,-.157,.257,.954);
			es = "Linear";
			ed = "In";
		};
		["Left Leg"] = {
			tm = .0170;
			cf = cfr(-.373,.337,.183,.861,-.25,.444,.203,.967,.151,-.467,-.041,.883);
			es = "Linear";
			ed = "In";
		};
		["Right Leg"] = {
			tm = .0170;
			cf = cfr(.494,.222,-.005,.993,-.1,.059,.106,.988,-.115,-.047,.12,.992);
			es = "Linear";
			ed = "In";
		};
		["Left Arm"] = {
			tm = .0170;
			cf = cfr(.543,-.203,-.082,.249,.767,-.592,-.894,.418,.165,.373,.488,.789);
			es = "Linear";
			ed = "In";
		};
		["Head"] = {
			tm = .0170;
			cf = cfr(0,0,.018,.991,.086,.102,.007,.731,-.683,-.133,.677,.724);
			es = "Linear";
			ed = "In";
		};
		["Right Arm"] = {
			tm = .0170;
			cf = cfr(-.496,.215,-.011,.432,-.802,.412,.901,.397,-.173,-.025,.446,.895);
			es = "Linear";
			ed = "In";
		};
	};
	{
		tm = .267;
		["Torso"] = {
			tm = .0159;
			cf = cfr(.092,-.152,-.275,.969,.224,.101,-.19,.943,-.272,-.156,.244,.957);
			es = "Linear";
			ed = "In";
		};
		["Left Leg"] = {
			tm = .0159;
			cf = cfr(-.382,.332,.181,.86,-.263,.437,.214,.964,.158,-.463,-.043,.886);
			es = "Linear";
			ed = "In";
		};
		["Right Leg"] = {
			tm = .0159;
			cf = cfr(.499,.216,-.003,.995,-.082,.052,.087,.989,-.116,-.042,.12,.992);
			es = "Linear";
			ed = "In";
		};
		["Left Arm"] = {
			tm = .0159;
			cf = cfr(.547,-.203,-.082,.249,.765,-.594,-.894,.418,.163,.373,.49,.788);
			es = "Linear";
			ed = "In";
		};
		["Head"] = {
			tm = .0159;
			cf = cfr(0,0,.018,.99,.089,.109,.005,.752,-.659,-.141,.653,.744);
			es = "Linear";
			ed = "In";
		};
		["Right Arm"] = {
			tm = .0159;
			cf = cfr(-.498,.223,-.011,.408,-.813,.415,.913,.373,-.167,-.019,.447,.894);
			es = "Linear";
			ed = "In";
		};
	};
	{
		tm = .283;
		["Torso"] = {
			tm = .0170;
			cf = cfr(.093,-.145,-.272,.971,.216,.103,-.183,.948,-.261,-.154,.235,.96);
			es = "Linear";
			ed = "In";
		};
		["Left Leg"] = {
			tm = .0170;
			cf = cfr(-.39,.326,.178,.861,-.273,.429,.223,.961,.163,-.457,-.045,.889);
			es = "Linear";
			ed = "In";
		};
		["Right Leg"] = {
			tm = .0170;
			cf = cfr(.503,.213,.001,.997,-.065,.044,.069,.991,-.116,-.036,.119,.992);
			es = "Linear";
			ed = "In";
		};
		["Left Arm"] = {
			tm = .0170;
			cf = cfr(.549,-.204,-.081,.25,.767,-.592,-.894,.418,.164,.373,.488,.789);
			es = "Linear";
			ed = "In";
		};
		["Head"] = {
			tm = .0170;
			cf = cfr(0,0,.018,.989,.09,.116,.002,.78,-.626,-.147,.619,.771);
			es = "Linear";
			ed = "In";
		};
		["Right Arm"] = {
			tm = .0170;
			cf = cfr(-.496,.227,-.012,.385,-.824,.417,.923,.35,-.16,-.014,.446,.895);
			es = "Linear";
			ed = "In";
		};
	};
	{
		tm = .3;
		["Torso"] = {
			tm = .0170;
			cf = cfr(.093,-.143,-.269,.973,.206,.104,-.174,.952,-.253,-.151,.228,.962);
			es = "Linear";
			ed = "In";
		};
		["Left Leg"] = {
			tm = .0170;
			cf = cfr(-.397,.321,.174,.863,-.28,.42,.23,.959,.167,-.449,-.047,.892);
			es = "Linear";
			ed = "In";
		};
		["Right Leg"] = {
			tm = .0170;
			cf = cfr(.506,.21,.005,.998,-.048,.035,.052,.992,-.117,-.029,.118,.993);
			es = "Linear";
			ed = "In";
		};
		["Left Arm"] = {
			tm = .0170;
			cf = cfr(.55,-.208,-.08,.253,.771,-.585,-.893,.418,.165,.372,.481,.794);
			es = "Linear";
			ed = "In";
		};
		["Head"] = {
			tm = .0170;
			cf = cfr(0,0,.018,.989,.089,.122,-.002,.818,-.575,-.151,.568,.809);
			es = "Linear";
			ed = "In";
		};
		["Right Arm"] = {
			tm = .0170;
			cf = cfr(-.493,.229,-.016,.361,-.834,.417,.933,.328,-.152,-.01,.443,.896);
			es = "Linear";
			ed = "In";
		};
	};
	{
		tm = .317;
		["Torso"] = {
			tm = .0160;
			cf = cfr(.09,-.145,-.268,.976,.193,.105,-.163,.955,-.248,-.148,.225,.963);
			es = "Linear";
			ed = "In";
		};
		["Left Leg"] = {
			tm = .0160;
			cf = cfr(-.404,.317,.169,.866,-.285,.41,.234,.957,.17,-.441,-.051,.896);
			es = "Linear";
			ed = "In";
		};
		["Right Leg"] = {
			tm = .0160;
			cf = cfr(.509,.209,.01,.999,-.033,.023,.036,.993,-.117,-.019,.117,.993);
			es = "Linear";
			ed = "In";
		};
		["Left Arm"] = {
			tm = .0160;
			cf = cfr(.55,-.215,-.077,.258,.778,-.573,-.893,.419,.167,.37,.468,.802);
			es = "Linear";
			ed = "In";
		};
		["Head"] = {
			tm = .0160;
			cf = cfr(0,0,.018,.988,.085,.129,-.009,.864,-.504,-.154,.497,.854);
			es = "Linear";
			ed = "In";
		};
		["Right Arm"] = {
			tm = .0160;
			cf = cfr(-.489,.229,-.023,.336,-.846,.415,.942,.305,-.141,-.008,.438,.899);
			es = "Linear";
			ed = "In";
		};
	};
	{
		tm = .333;
		["Torso"] = {
			tm = .0169;
			cf = cfr(.086,-.151,-.267,.978,.178,.105,-.149,.958,-.244,-.144,.224,.964);
			es = "Linear";
			ed = "In";
		};
		["Left Leg"] = {
			tm = .0169;
			cf = cfr(-.411,.314,.164,.871,-.287,.399,.237,.956,.172,-.431,-.055,.901);
			es = "Linear";
			ed = "In";
		};
		["Right Leg"] = {
			tm = .0169;
			cf = cfr(.512,.208,.017,1,-.018,.01,.019,.993,-.117,-.008,.117,.993);
			es = "Linear";
			ed = "In";
		};
		["Left Arm"] = {
			tm = .0169;
			cf = cfr(.55,-.224,-.074,.264,.788,-.556,-.892,.419,.17,.367,.451,.814);
			es = "Linear";
			ed = "In";
		};
		["Head"] = {
			tm = .0169;
			cf = cfr(0,0,.018,.988,.08,.136,-.018,.912,-.409,-.156,.402,.902);
			es = "Linear";
			ed = "In";
		};
		["Right Arm"] = {
			tm = .0169;
			cf = cfr(-.485,.228,-.032,.31,-.857,.412,.951,.283,-.128,-.007,.431,.902);
			es = "Linear";
			ed = "In";
		};
	};
	{
		tm = .35;
		["Torso"] = {
			tm = .0170;
			cf = cfr(.082,-.161,-.266,.981,.161,.105,-.132,.961,-.242,-.14,.224,.965);
			es = "Linear";
			ed = "In";
		};
		["Left Leg"] = {
			tm = .0170;
			cf = cfr(-.419,.31,.157,.876,-.289,.387,.238,.956,.173,-.42,-.06,.906);
			es = "Linear";
			ed = "In";
		};
		["Right Leg"] = {
			tm = .0170;
			cf = cfr(.513,.208,.025,1,-.002,-.005,.001,.993,-.117,.005,.117,.993);
			es = "Linear";
			ed = "In";
		};
		["Left Arm"] = {
			tm = .0170;
			cf = cfr(.549,-.236,-.07,.273,.8,-.534,-.891,.42,.174,.364,.428,.827);
			es = "Linear";
			ed = "In";
		};
		["Head"] = {
			tm = .0170;
			cf = cfr(0,0,.018,.987,.073,.143,-.028,.956,-.292,-.158,.284,.946);
			es = "Linear";
			ed = "In";
		};
		["Right Arm"] = {
			tm = .0170;
			cf = cfr(-.48,.226,-.044,.283,-.869,.406,.959,.26,-.112,-.008,.422,.907);
			es = "Linear";
			ed = "In";
		};
	};
	{
		tm = .367;
		["Torso"] = {
			tm = .0160;
			cf = cfr(.077,-.172,-.266,.984,.143,.104,-.114,.964,-.24,-.135,.225,.965);
			es = "Linear";
			ed = "In";
		};
		["Left Leg"] = {
			tm = .0160;
			cf = cfr(-.427,.306,.15,.882,-.29,.373,.24,.955,.175,-.407,-.065,.911);
			es = "Linear";
			ed = "In";
		};
		["Right Leg"] = {
			tm = .0160;
			cf = cfr(.514,.207,.034,1,.015,-.022,-.017,.993,-.117,.02,.117,.993);
			es = "Linear";
			ed = "In";
		};
		["Left Arm"] = {
			tm = .0160;
			cf = cfr(.547,-.251,-.065,.283,.814,-.508,-.889,.421,.179,.359,.401,.843);
			es = "Linear";
			ed = "In";
		};
		["Head"] = {
			tm = .0160;
			cf = cfr(0,0,.018,.986,.063,.151,-.039,.987,-.158,-.159,.15,.976);
			es = "Linear";
			ed = "In";
		};
		["Right Arm"] = {
			tm = .0160;
			cf = cfr(-.474,.222,-.058,.256,-.88,.399,.967,.238,-.095,-.011,.41,.912);
			es = "Linear";
			ed = "In";
		};
	};
	{
		tm = .383;
		["Torso"] = {
			tm = .0170;
			cf = cfr(.073,-.182,-.265,.987,.123,.104,-.095,.967,-.237,-.129,.224,.966);
			es = "Linear";
			ed = "In";
		};
		["Left Leg"] = {
			tm = .0170;
			cf = cfr(-.435,.301,.142,.887,-.292,.357,.243,.954,.177,-.392,-.07,.917);
			es = "Linear";
			ed = "In";
		};
		["Right Leg"] = {
			tm = .0170;
			cf = cfr(.518,.21,.044,.999,.035,-.042,-.039,.993,-.115,.037,.117,.992);
			es = "Linear";
			ed = "In";
		};
		["Left Arm"] = {
			tm = .0170;
			cf = cfr(.545,-.267,-.058,.295,.828,-.477,-.888,.422,.184,.354,.369,.86);
			es = "Linear";
			ed = "In";
		};
		["Head"] = {
			tm = .0170;
			cf = cfr(0,0,.018,.986,.053,.16,-.05,.999,-.02,-.16,.012,.987);
			es = "Linear";
			ed = "In";
		};
		["Right Arm"] = {
			tm = .0170;
			cf = cfr(-.468,.216,-.074,.228,-.892,.39,.974,.215,-.076,-.016,.398,.917);
			es = "Linear";
			ed = "In";
		};
	};
	{
		tm = .4;
		["Torso"] = {
			tm = .0169;
			cf = cfr(.07,-.191,-.263,.989,.102,.103,-.076,.97,-.231,-.124,.221,.967);
			es = "Linear";
			ed = "In";
		};
		["Left Leg"] = {
			tm = .0169;
			cf = cfr(-.445,.294,.134,.893,-.296,.34,.248,.952,.179,-.377,-.076,.923);
			es = "Linear";
			ed = "In";
		};
		["Right Leg"] = {
			tm = .0169;
			cf = cfr(.529,.224,.057,.996,.058,-.063,-.065,.992,-.113,.056,.116,.992);
			es = "Linear";
			ed = "In";
		};
		["Left Arm"] = {
			tm = .0169;
			cf = cfr(.543,-.285,-.052,.307,.843,-.442,-.886,.422,.19,.347,.333,.877);
			es = "Linear";
			ed = "In";
		};
		["Head"] = {
			tm = .0169;
			cf = cfr(0,0,.018,.985,.042,.168,-.061,.992,.108,-.162,-.117,.98);
			es = "Linear";
			ed = "In";
		};
		["Right Arm"] = {
			tm = .0169;
			cf = cfr(-.462,.209,-.092,.199,-.903,.38,.98,.192,-.056,-.022,.383,.923);
			es = "Linear";
			ed = "In";
		};
	};
	{
		tm = .417;
		["Torso"] = {
			tm = .0160;
			cf = cfr(.068,-.197,-.26,.991,.082,.103,-.057,.973,-.223,-.119,.215,.969);
			es = "Linear";
			ed = "In";
		};
		["Left Leg"] = {
			tm = .0160;
			cf = cfr(-.456,.286,.125,.897,-.303,.322,.256,.949,.182,-.361,-.081,.929);
			es = "Linear";
			ed = "In";
		};
		["Right Leg"] = {
			tm = .0160;
			cf = cfr(.544,.246,.073,.993,.083,-.085,-.092,.99,-.108,.075,.115,.99);
			es = "Linear";
			ed = "In";
		};
		["Left Arm"] = {
			tm = .0160;
			cf = cfr(.541,-.304,-.044,.32,.857,-.404,-.885,.423,.197,.339,.294,.893);
			es = "Linear";
			ed = "In";
		};
		["Head"] = {
			tm = .0160;
			cf = cfr(0,0,.018,.984,.032,.175,-.071,.973,.219,-.163,-.228,.96);
			es = "Linear";
			ed = "In";
		};
		["Right Arm"] = {
			tm = .0160;
			cf = cfr(-.455,.201,-.111,.171,-.914,.367,.985,.17,-.035,-.03,.368,.93);
			es = "Linear";
			ed = "In";
		};
	};
	{
		tm = .433;
		["Torso"] = {
			tm = .0170;
			cf = cfr(.068,-.199,-.257,.993,.061,.104,-.038,.977,-.211,-.114,.206,.972);
			es = "Linear";
			ed = "In";
		};
		["Left Leg"] = {
			tm = .0170;
			cf = cfr(-.469,.276,.116,.9,-.313,.302,.267,.946,.186,-.344,-.087,.935);
			es = "Linear";
			ed = "In";
		};
		["Right Leg"] = {
			tm = .0170;
			cf = cfr(.56,.276,.09,.988,.108,-.109,-.119,.988,-.102,.097,.113,.989);
			es = "Linear";
			ed = "In";
		};
		["Left Arm"] = {
			tm = .0170;
			cf = cfr(.539,-.323,-.037,.333,.87,-.364,-.883,.423,.204,.331,.253,.909);
			es = "Linear";
			ed = "In";
		};
		["Head"] = {
			tm = .0170;
			cf = cfr(0,0,.018,.983,.023,.182,-.079,.948,.308,-.165,-.317,.934);
			es = "Linear";
			ed = "In";
		};
		["Right Arm"] = {
			tm = .0170;
			cf = cfr(-.449,.192,-.13,.142,-.925,.353,.989,.147,-.013,-.04,.351,.936);
			es = "Linear";
			ed = "In";
		};
	};
	{
		tm = .45;
		["Torso"] = {
			tm = .0170;
			cf = cfr(.068,-.198,-.251,.994,.04,.104,-.019,.98,-.196,-.11,.193,.975);
			es = "Linear";
			ed = "In";
		};
		["Left Leg"] = {
			tm = .0170;
			cf = cfr(-.48,.262,.107,.903,-.326,.281,.28,.941,.19,-.326,-.093,.941);
			es = "Linear";
			ed = "In";
		};
		["Right Leg"] = {
			tm = .0170;
			cf = cfr(.572,.307,.108,.982,.131,-.135,-.145,.985,-.093,.12,.111,.987);
			es = "Linear";
			ed = "In";
		};
		["Left Arm"] = {
			tm = .0170;
			cf = cfr(.537,-.343,-.029,.346,.881,-.323,-.881,.423,.21,.322,.212,.923);
			es = "Linear";
			ed = "In";
		};
		["Head"] = {
			tm = .0170;
			cf = cfr(0,0,.018,.982,.014,.189,-.086,.923,.375,-.169,-.384,.908);
			es = "Linear";
			ed = "In";
		};
		["Right Arm"] = {
			tm = .0170;
			cf = cfr(-.443,.182,-.149,.114,-.934,.338,.992,.124,.009,-.05,.334,.941);
			es = "Linear";
			ed = "In";
		};
	};
	{
		tm = .467;
		["Torso"] = {
			tm = .0159;
			cf = cfr(.069,-.196,-.24,.994,.018,.104,.001,.984,-.177,-.105,.176,.979);
			es = "Linear";
			ed = "In";
		};
		["Left Leg"] = {
			tm = .0159;
			cf = cfr(-.488,.244,.095,.905,-.339,.257,.295,.935,.194,-.306,-.1,.947);
			es = "Linear";
			ed = "In";
		};
		["Right Leg"] = {
			tm = .0159;
			cf = cfr(.577,.334,.126,.975,.154,-.163,-.169,.982,-.082,.147,.107,.983);
			es = "Linear";
			ed = "In";
		};
		["Left Arm"] = {
			tm = .0159;
			cf = cfr(.536,-.362,-.021,.357,.89,-.283,-.88,.422,.217,.313,.172,.934);
			es = "Linear";
			ed = "In";
		};
		["Head"] = {
			tm = .0159;
			cf = cfr(0,0,.018,.98,.007,.198,-.092,.901,.423,-.176,-.433,.884);
			es = "Linear";
			ed = "In";
		};
		["Right Arm"] = {
			tm = .0159;
			cf = cfr(-.437,.172,-.168,.086,-.943,.322,.994,.102,.031,-.062,.317,.946);
			es = "Linear";
			ed = "In";
		};
	};
	{
		tm = .483;
		["Torso"] = {
			tm = .0170;
			cf = cfr(.07,-.193,-.226,.995,-.006,.103,.022,.988,-.155,-.101,.156,.983);
			es = "Linear";
			ed = "In";
		};
		["Left Leg"] = {
			tm = .0170;
			cf = cfr(-.491,.221,.083,.906,-.354,.231,.312,.929,.198,-.285,-.108,.952);
			es = "Linear";
			ed = "In";
		};
		["Right Leg"] = {
			tm = .0170;
			cf = cfr(.574,.352,.143,.965,.175,-.193,-.192,.979,-.069,.176,.104,.979);
			es = "Linear";
			ed = "In";
		};
		["Left Arm"] = {
			tm = .0170;
			cf = cfr(.535,-.38,-.014,.368,.897,-.245,-.879,.422,.223,.303,.134,.943);
			es = "Linear";
			ed = "In";
		};
		["Head"] = {
			tm = .0170;
			cf = cfr(0,0,.018,.978,.001,.21,-.098,.885,.456,-.185,-.466,.865);
			es = "Linear";
			ed = "In";
		};
		["Right Arm"] = {
			tm = .0170;
			cf = cfr(-.431,.161,-.185,.06,-.95,.305,.996,.079,.052,-.073,.301,.951);
			es = "Linear";
			ed = "In";
		};
	};
	{
		tm = .5;
		["Torso"] = {
			tm = .0170;
			cf = cfr(.072,-.188,-.208,.994,-.031,.102,.044,.991,-.129,-.097,.133,.986);
			es = "Linear";
			ed = "In";
		};
		["Left Leg"] = {
			tm = .0170;
			cf = cfr(-.49,.195,.069,.907,-.368,.203,.329,.922,.202,-.262,-.117,.958);
			es = "Linear";
			ed = "In";
		};
		["Right Leg"] = {
			tm = .0170;
			cf = cfr(.565,.356,.158,.954,.198,-.224,-.215,.975,-.055,.208,.1,.973);
			es = "Linear";
			ed = "In";
		};
		["Left Arm"] = {
			tm = .0170;
			cf = cfr(.534,-.396,-.008,.378,.902,-.211,-.878,.421,.229,.295,.099,.95);
			es = "Linear";
			ed = "In";
		};
		["Head"] = {
			tm = .0170;
			cf = cfr(0,0,.018,.975,-.005,.223,-.104,.874,.474,-.197,-.486,.852);
			es = "Linear";
			ed = "In";
		};
		["Right Arm"] = {
			tm = .0170;
			cf = cfr(-.426,.151,-.201,.034,-.957,.289,.996,.057,.072,-.085,.285,.955);
			es = "Linear";
			ed = "In";
		};
	};
	{
		tm = .517;
		["Torso"] = {
			tm = .0160;
			cf = cfr(.073,-.182,-.187,.993,-.057,.101,.067,.993,-.101,-.094,.107,.99);
			es = "Linear";
			ed = "In";
		};
		["Left Leg"] = {
			tm = .0160;
			cf = cfr(-.483,.167,.054,.908,-.381,.172,.345,.916,.206,-.236,-.127,.963);
			es = "Linear";
			ed = "In";
		};
		["Right Leg"] = {
			tm = .0160;
			cf = cfr(.549,.347,.172,.941,.221,-.257,-.238,.97,-.039,.241,.098,.966);
			es = "Linear";
			ed = "In";
		};
		["Left Arm"] = {
			tm = .0160;
			cf = cfr(.534,-.41,-.002,.386,.905,-.18,-.877,.42,.233,.287,.068,.956);
			es = "Linear";
			ed = "In";
		};
		["Head"] = {
			tm = .0160;
			cf = cfr(0,0,.018,.971,-.01,.237,-.108,.869,.482,-.211,-.494,.844);
			es = "Linear";
			ed = "In";
		};
		["Right Arm"] = {
			tm = .0160;
			cf = cfr(-.422,.141,-.214,.009,-.962,.273,.995,.035,.091,-.097,.271,.958);
			es = "Linear";
			ed = "In";
		};
	};
	{
		tm = .533;
		["Torso"] = {
			tm = .0170;
			cf = cfr(.074,-.176,-.164,.992,-.083,.098,.09,.993,-.072,-.092,.08,.993);
			es = "Linear";
			ed = "In";
		};
		["Left Leg"] = {
			tm = .0170;
			cf = cfr(-.469,.139,.039,.909,-.393,.141,.361,.909,.208,-.21,-.139,.968);
			es = "Linear";
			ed = "In";
		};
		["Right Leg"] = {
			tm = .0170;
			cf = cfr(.526,.324,.184,.926,.243,-.29,-.261,.965,-.023,.274,.097,.957);
			es = "Linear";
			ed = "In";
		};
		["Left Arm"] = {
			tm = .0170;
			cf = cfr(.534,-.421,.002,.392,.907,-.155,-.876,.419,.237,.28,.043,.959);
			es = "Linear";
			ed = "In";
		};
		["Head"] = {
			tm = .0170;
			cf = cfr(0,0,.018,.968,-.015,.252,-.112,.87,.481,-.227,-.493,.84);
			es = "Linear";
			ed = "In";
		};
		["Right Arm"] = {
			tm = .0170;
			cf = cfr(-.418,.131,-.225,-.015,-.966,.257,.994,.013,.108,-.108,.257,.96);
			es = "Linear";
			ed = "In";
		};
	};
	{
		tm = .55;
		["Torso"] = {
			tm = .0169;
			cf = cfr(.074,-.168,-.141,.989,-.11,.095,.114,.993,-.043,-.09,.053,.995);
			es = "Linear";
			ed = "In";
		};
		["Left Leg"] = {
			tm = .0169;
			cf = cfr(-.448,.113,.024,.91,-.401,.109,.373,.904,.21,-.183,-.15,.972);
			es = "Linear";
			ed = "In";
		};
		["Right Leg"] = {
			tm = .0169;
			cf = cfr(.491,.292,.193,.91,.261,-.323,-.277,.961,-.006,.308,.095,.947);
			es = "Linear";
			ed = "In";
		};
		["Left Arm"] = {
			tm = .0169;
			cf = cfr(.534,-.43,.006,.397,.908,-.135,-.876,.419,.24,.275,.023,.961);
			es = "Linear";
			ed = "In";
		};
		["Head"] = {
			tm = .0169;
			cf = cfr(0,0,.018,.963,-.019,.268,-.115,.873,.473,-.243,-.486,.839);
			es = "Linear";
			ed = "In";
		};
		["Right Arm"] = {
			tm = .0169;
			cf = cfr(-.416,.122,-.234,-.038,-.969,.242,.992,-.008,.124,-.118,.245,.962);
			es = "Linear";
			ed = "In";
		};
	};
	{
		tm = .567;
		["Torso"] = {
			tm = .0160;
			cf = cfr(.074,-.161,-.119,.987,-.136,.091,.138,.99,-.014,-.088,.027,.996);
			es = "Linear";
			ed = "In";
		};
		["Left Leg"] = {
			tm = .0160;
			cf = cfr(-.422,.092,.011,.911,-.405,.079,.382,.9,.21,-.156,-.161,.975);
			es = "Linear";
			ed = "In";
		};
		["Right Leg"] = {
			tm = .0160;
			cf = cfr(.442,.257,.195,.896,.267,-.354,-.282,.959,.011,.343,.09,.935);
			es = "Linear";
			ed = "In";
		};
		["Left Arm"] = {
			tm = .0160;
			cf = cfr(.534,-.437,.008,.4,.908,-.121,-.875,.418,.243,.271,.008,.963);
			es = "Linear";
			ed = "In";
		};
		["Head"] = {
			tm = .0160;
			cf = cfr(0,0,.018,.959,-.022,.284,-.117,.88,.461,-.259,-.475,.841);
			es = "Linear";
			ed = "In";
		};
		["Right Arm"] = {
			tm = .0160;
			cf = cfr(-.414,.114,-.239,-.059,-.972,.229,.99,-.028,.137,-.127,.235,.964);
			es = "Linear";
			ed = "In";
		};
	};
	{
		tm = .583;
		["Torso"] = {
			tm = .0170;
			cf = cfr(.074,-.155,-.099,.983,-.161,.087,.161,.987,.011,-.087,.003,.996);
			es = "Linear";
			ed = "In";
		};
		["Left Leg"] = {
			tm = .0170;
			cf = cfr(-.392,.077,0,.913,-.404,.051,.386,.898,.209,-.13,-.172,.976);
			es = "Linear";
			ed = "In";
		};
		["Right Leg"] = {
			tm = .0170;
			cf = cfr(.377,.221,.19,.885,.262,-.385,-.272,.962,.027,.377,.081,.923);
			es = "Linear";
			ed = "In";
		};
		["Left Arm"] = {
			tm = .0170;
			cf = cfr(.535,-.441,.009,.402,.909,-.112,-.875,.418,.244,.269,0,.963);
			es = "Linear";
			ed = "In";
		};
		["Head"] = {
			tm = .0170;
			cf = cfr(0,0,.018,.954,-.024,.299,-.118,.886,.448,-.275,-.462,.843);
			es = "Linear";
			ed = "In";
		};
		["Right Arm"] = {
			tm = .0170;
			cf = cfr(-.413,.106,-.242,-.08,-.973,.217,.988,-.048,.15,-.135,.226,.965);
			es = "Linear";
			ed = "In";
		};
	};
	{
		tm = .6;
		["Torso"] = {
			tm = .0170;
			cf = cfr(.073,-.149,-.082,.979,-.185,.082,.183,.983,.032,-.086,-.017,.996);
			es = "Linear";
			ed = "In";
		};
		["Left Leg"] = {
			tm = .0170;
			cf = cfr(-.361,.066,-.009,.916,-.4,.026,.387,.898,.208,-.107,-.181,.978);
			es = "Linear";
			ed = "In";
		};
		["Right Leg"] = {
			tm = .0170;
			cf = cfr(.296,.186,.174,.878,.243,-.413,-.249,.968,.042,.41,.066,.91);
			es = "Linear";
			ed = "In";
		};
		["Left Arm"] = {
			tm = .0170;
			cf = cfr(.535,-.442,.009,.403,.909,-.109,-.875,.418,.244,.268,-.003,.963);
			es = "Linear";
			ed = "In";
		};
		["Head"] = {
			tm = .0170;
			cf = cfr(0,0,.018,.949,-.025,.313,-.119,.893,.434,-.29,-.449,.845);
			es = "Linear";
			ed = "In";
		};
		["Right Arm"] = {
			tm = .0170;
			cf = cfr(-.412,.099,-.242,-.1,-.974,.206,.985,-.067,.16,-.142,.219,.965);
			es = "Linear";
			ed = "In";
		};
	};
	{
		tm = .617;
		["Torso"] = {
			tm = .0160;
			cf = cfr(.071,-.144,-.068,.975,-.208,.077,.204,.978,.05,-.086,-.033,.996);
			es = "Linear";
			ed = "In";
		};
		["Left Leg"] = {
			tm = .0160;
			cf = cfr(-.332,.061,-.016,.92,-.393,.005,.383,.9,.207,-.086,-.188,.978);
			es = "Linear";
			ed = "In";
		};
		["Right Leg"] = {
			tm = .0160;
			cf = cfr(.202,.153,.147,.872,.213,-.44,-.211,.976,.054,.441,.046,.897);
			es = "Linear";
			ed = "In";
		};
		["Left Arm"] = {
			tm = .0160;
			cf = cfr(.536,-.442,.009,.403,.908,-.112,-.875,.418,.245,.269,-.001,.963);
			es = "Linear";
			ed = "In";
		};
		["Head"] = {
			tm = .0160;
			cf = cfr(0,0,.018,.945,-.026,.326,-.12,.899,.421,-.304,-.437,.847);
			es = "Linear";
			ed = "In";
		};
		["Right Arm"] = {
			tm = .0160;
			cf = cfr(-.412,.092,-.241,-.117,-.973,.197,.982,-.084,.169,-.148,.214,.966);
			es = "Linear";
			ed = "In";
		};
	};
	{
		tm = .633;
		["Torso"] = {
			tm = .0170;
			cf = cfr(.069,-.141,-.058,.971,-.229,.073,.224,.973,.062,-.085,-.044,.995);
			es = "Linear";
			ed = "In";
		};
		["Left Leg"] = {
			tm = .0170;
			cf = cfr(-.309,.059,-.022,.923,-.384,-.012,.378,.903,.206,-.068,-.195,.979);
			es = "Linear";
			ed = "In";
		};
		["Right Leg"] = {
			tm = .0170;
			cf = cfr(.097,.124,.109,.869,.173,-.464,-.162,.985,.064,.468,.02,.883);
			es = "Linear";
			ed = "In";
		};
		["Left Arm"] = {
			tm = .0170;
			cf = cfr(.537,-.441,.007,.404,.907,-.119,-.873,.421,.247,.274,.004,.962);
			es = "Linear";
			ed = "In";
		};
		["Head"] = {
			tm = .0170;
			cf = cfr(0,0,.018,.941,-.027,.338,-.121,.904,.41,-.316,-.426,.848);
			es = "Linear";
			ed = "In";
		};
		["Right Arm"] = {
			tm = .0170;
			cf = cfr(-.413,.082,-.239,-.132,-.972,.192,.979,-.098,.177,-.153,.212,.965);
			es = "Linear";
			ed = "In";
		};
	};
	{
		tm = .65;
		["Torso"] = {
			tm = .0170;
			cf = cfr(.067,-.139,-.052,.966,-.248,.069,.243,.967,.069,-.084,-.05,.995);
			es = "Linear";
			ed = "In";
		};
		["Left Leg"] = {
			tm = .0170;
			cf = cfr(-.297,.059,-.025,.926,-.376,-.026,.373,.905,.205,-.054,-.199,.978);
			es = "Linear";
			ed = "In";
		};
		["Right Leg"] = {
			tm = .0170;
			cf = cfr(-.013,.1,.061,.864,.127,-.487,-.105,.992,.071,.492,-.01,.871);
			es = "Linear";
			ed = "In";
		};
		["Left Arm"] = {
			tm = .0170;
			cf = cfr(.538,-.44,.004,.404,.905,-.131,-.87,.425,.25,.282,.013,.959);
			es = "Linear";
			ed = "In";
		};
		["Head"] = {
			tm = .0170;
			cf = cfr(0,0,.018,.937,-.026,.348,-.123,.908,.401,-.327,-.419,.847);
			es = "Linear";
			ed = "In";
		};
		["Right Arm"] = {
			tm = .0170;
			cf = cfr(-.414,.07,-.237,-.144,-.971,.191,.977,-.108,.184,-.158,.213,.964);
			es = "Linear";
			ed = "In";
		};
	};
	{
		tm = .667;
		["Torso"] = {
			tm = .0160;
			cf = cfr(.065,-.138,-.05,.962,-.266,.066,.261,.963,.072,-.083,-.052,.995);
			es = "Linear";
			ed = "In";
		};
		["Left Leg"] = {
			tm = .0160;
			cf = cfr(-.297,.06,-.028,.929,-.369,-.035,.368,.907,.204,-.043,-.202,.978);
			es = "Linear";
			ed = "In";
		};
		["Right Leg"] = {
			tm = .0160;
			cf = cfr(-.12,.082,.008,.859,.078,-.507,-.046,.996,.076,.511,-.042,.859);
			es = "Linear";
			ed = "In";
		};
		["Left Arm"] = {
			tm = .0160;
			cf = cfr(.539,-.439,.001,.405,.902,-.148,-.866,.43,.254,.293,.025,.956);
			es = "Linear";
			ed = "In";
		};
		["Head"] = {
			tm = .0160;
			cf = cfr(0,0,.018,.933,-.026,.358,-.126,.91,.395,-.336,-.413,.846);
			es = "Linear";
			ed = "In";
		};
		["Right Arm"] = {
			tm = .0160;
			cf = cfr(-.416,.058,-.235,-.153,-.969,.191,.975,-.117,.19,-.162,.216,.963);
			es = "Linear";
			ed = "In";
		};
	};
	{
		tm = .683;
		["Torso"] = {
			tm = .0169;
			cf = cfr(.06,-.138,-.055,.957,-.283,.064,.279,.958,.07,-.081,-.049,.996);
			es = "Linear";
			ed = "In";
		};
		["Left Leg"] = {
			tm = .0169;
			cf = cfr(-.322,.062,-.031,.928,-.37,-.041,.37,.906,.205,-.039,-.206,.978);
			es = "Linear";
			ed = "In";
		};
		["Right Leg"] = {
			tm = .0169;
			cf = cfr(-.181,.075,-.024,.85,.05,-.524,-.01,.997,.078,.527,-.062,.848);
			es = "Linear";
			ed = "In";
		};
		["Left Arm"] = {
			tm = .0169;
			cf = cfr(.54,-.437,-.003,.406,.898,-.17,-.861,.438,.259,.306,.041,.951);
			es = "Linear";
			ed = "In";
		};
		["Head"] = {
			tm = .0169;
			cf = cfr(0,0,.018,.93,-.024,.366,-.13,.912,.389,-.343,-.409,.845);
			es = "Linear";
			ed = "In";
		};
		["Right Arm"] = {
			tm = .0169;
			cf = cfr(-.418,.046,-.233,-.163,-.968,.193,.973,-.124,.196,-.166,.22,.961);
			es = "Linear";
			ed = "In";
		};
	};
	{
		tm = .7;
		["Torso"] = {
			tm = .0170;
			cf = cfr(.052,-.137,-.071,.951,-.301,.062,.298,.953,.065,-.079,-.043,.996);
			es = "Linear";
			ed = "In";
		};
		["Left Leg"] = {
			tm = .0170;
			cf = cfr(-.373,.067,-.034,.924,-.38,-.04,.38,.901,.211,-.044,-.21,.977);
			es = "Linear";
			ed = "In";
		};
		["Right Leg"] = {
			tm = .0170;
			cf = cfr(-.142,.086,.004,.84,.07,-.539,-.034,.996,.077,.542,-.047,.839);
			es = "Linear";
			ed = "In";
		};
		["Left Arm"] = {
			tm = .0170;
			cf = cfr(.542,-.435,-.007,.406,.893,-.196,-.855,.447,.264,.323,.06,.945);
			es = "Linear";
			ed = "In";
		};
		["Head"] = {
			tm = .0170;
			cf = cfr(0,0,.018,.927,-.018,.375,-.136,.915,.381,-.35,-.404,.845);
			es = "Linear";
			ed = "In";
		};
		["Right Arm"] = {
			tm = .0170;
			cf = cfr(-.42,.036,-.231,-.173,-.966,.194,.97,-.133,.203,-.17,.224,.96);
			es = "Linear";
			ed = "In";
		};
	};
	{
		tm = .717;
		["Torso"] = {
			tm = .0160;
			cf = cfr(.039,-.136,-.098,.946,-.32,.062,.316,.947,.056,-.076,-.033,.997);
			es = "Linear";
			ed = "In";
		};
		["Left Leg"] = {
			tm = .0160;
			cf = cfr(-.452,.081,-.038,.917,-.397,-.035,.395,.892,.219,-.056,-.214,.975);
			es = "Linear";
			ed = "In";
		};
		["Right Leg"] = {
			tm = .0160;
			cf = cfr(-.069,.109,.054,.829,.103,-.549,-.076,.995,.072,.554,-.018,.832);
			es = "Linear";
			ed = "In";
		};
		["Left Arm"] = {
			tm = .0160;
			cf = cfr(.544,-.432,-.013,.406,.886,-.225,-.848,.457,.269,.341,.082,.936);
			es = "Linear";
			ed = "In";
		};
		["Head"] = {
			tm = .0160;
			cf = cfr(0,0,.018,.924,-.011,.382,-.144,.917,.373,-.354,-.4,.845);
			es = "Linear";
			ed = "In";
		};
		["Right Arm"] = {
			tm = .0160;
			cf = cfr(-.421,.028,-.229,-.185,-.964,.193,.967,-.143,.211,-.176,.226,.958);
			es = "Linear";
			ed = "In";
		};
	};
	{
		tm = .733;
		["Torso"] = {
			tm = .0170;
			cf = cfr(.023,-.134,-.134,.939,-.338,.062,.335,.941,.044,-.073,-.02,.997);
			es = "Linear";
			ed = "In";
		};
		["Left Leg"] = {
			tm = .0170;
			cf = cfr(-.548,.113,-.043,.909,-.416,-.024,.41,.883,.228,-.074,-.217,.973);
			es = "Linear";
			ed = "In";
		};
		["Right Leg"] = {
			tm = .0170;
			cf = cfr(.002,.138,.104,.821,.127,-.556,-.111,.992,.064,.56,.009,.829);
			es = "Linear";
			ed = "In";
		};
		["Left Arm"] = {
			tm = .0170;
			cf = cfr(.546,-.429,-.018,.405,.877,-.257,-.84,.468,.274,.361,.105,.927);
