-- // converted using mech's animoduler
local cfr = CFrame.new

return {
	{
		tm = 0;
		["Torso"] = {
			tm = .111;
			cf = cfr(0,-.657,-.47,.811,-.511,.285,.585,.706,-.399,.003,.49,.872);
			es = "Linear";
			ed = "In";
		};
		["Left Leg"] = {
			tm = .111;
			cf = cfr(-.998,.53,.208,.998,.04,.042,-.04,.999,-.005,-.042,.003,.999);
			es = "Linear";
			ed = "In";
		};
		["Right Arm"] = {
			tm = .111;
			cf = cfr(-.127,-.27,.275,.246,-.222,-.944,.613,.79,-.025,.751,-.572,.33);
			es = "Linear";
			ed = "In";
		};
		["Head"] = {
			tm = .111;
			cf = cfr(0,0,0,.87,.492,-.023,-.487,.867,.109,.074,-.083,.994);
			es = "Linear";
			ed = "In";
		};
		["Right Leg"] = {
			tm = .111;
			cf = cfr(.626,.716,.45,.698,-.475,-.535,.451,.873,-.187,.556,-.111,.824);
			es = "Linear";
			ed = "In";
		};
		["Left Arm"] = {
			tm = .111;
			cf = cfr(-.182,.111,.259,.721,.688,-.08,-.237,.354,.905,.651,-.634,.418);
			es = "Linear";
			ed = "In";
		};
	};
	{
		tm = .055;
		["grabstart"] = "0";
	};
	{
		tm = .111;
		["Torso"] = {
			tm = .0669;
			cf = cfr(0,-.394,-.282,.603,-.765,.227,.798,.581,-.164,-.006,.28,.96);
			es = "Linear";
			ed = "In";
		};
		["Left Leg"] = {
			tm = .0669;
			cf = cfr(-.599,.318,.125,.999,.024,.025,-.024,1,-.003,-.025,.002,1);
			es = "Linear";
			ed = "In";
		};
		["Right Arm"] = {
			tm = .0669;
			cf = cfr(-.077,-.162,.164,.502,-.54,-.676,.781,.618,.086,.371,-.571,.732);
			es = "Linear";
			ed = "In";
		};
		["Head"] = {
			tm = .0669;
			cf = cfr(0,0,0,.75,.661,-.021,-.658,.75,.064,.058,-.034,.998);
			es = "Linear";
			ed = "In";
		};
		["Right Leg"] = {
			tm = .0669;
			cf = cfr(.712,.531,.408,.885,-.011,-.465,.171,.938,.303,.433,-.347,.832);
			es = "Linear";
			ed = "In";
		};
		["Left Arm"] = {
			tm = .0669;
			cf = cfr(.35,-.066,.419,.206,.966,-.155,-.742,.258,.619,.638,-.012,.77);
			es = "Linear";
			ed = "In";
		};
	};
	{
		tm = .178;
		["Torso"] = {
			tm = .0890;
			cf = cfr(0,-.394,-.282,.342,-.927,.152,.939,.341,-.029,-.025,.153,.988);
			es = "Linear";
			ed = "In";
		};
		["Left Leg"] = {
			tm = .0890;
			cf = cfr(-.599,.318,.125,1,0,.025,0,1,-.003,-.025,.003,1);
			es = "Linear";
			ed = "In";
		};
		["Right Arm"] = {
			tm = .0890;
			cf = cfr(-.077,-.162,.164,.097,-.774,-.626,.979,-.04,.201,-.181,-.632,.753);
			es = "Linear";
			ed = "In";
		};
		["Head"] = {
			tm = .0890;
			cf = cfr(0,0,0,.483,.871,-.089,-.875,.484,-.014,.031,.085,.996);
			es = "Linear";
			ed = "In";
		};
		["Right Leg"] = {
			tm = .0890;
			cf = cfr(.429,.323,.421,.839,.285,-.464,-.092,.914,.394,.536,-.288,.793);
			es = "Linear";
			ed = "In";
		};
		["Left Arm"] = {
			tm = .0890;
			cf = cfr(-.046,-.001,.565,-.308,.879,-.365,-.653,.084,.753,.692,.47,.548);
			es = "Linear";
			ed = "In";
		};
	};
	{
		tm = .2;
		["swing"] = "0";
	};
	{
		tm = .267;
		["Torso"] = {
			tm = .0439;
			cf = cfr(0,-.394,-.282,.915,-.402,-.005,.392,.895,-.214,.09,.194,.977);
			es = "Linear";
			ed = "In";
		};
		["Left Leg"] = {
			tm = .0439;
			cf = cfr(-.614,.24,.117,.996,.086,.039,-.081,.99,-.118,-.049,.114,.992);
			es = "Linear";
			ed = "In";
		};
		["Right Arm"] = {
			tm = .0439;
			cf = cfr(-.077,-.162,.164,.097,-.933,-.346,.979,.027,.203,-.181,-.359,.916);
			es = "Linear";
			ed = "In";
		};
		["Head"] = {
			tm = .0439;
			cf = cfr(0,0,0,.914,.406,.024,-.404,.913,-.064,-.048,.049,.998);
			es = "Linear";
			ed = "In";
		};
		["Right Leg"] = {
			tm = .0439;
			cf = cfr(.501,.566,.451,.885,-.033,-.464,.179,.944,.276,.429,-.327,.842);
			es = "Linear";
			ed = "In";
		};
		["Left Arm"] = {
			tm = .0439;
			cf = cfr(.061,0,.321,-.29,.899,-.327,-.933,-.189,.308,.215,.394,.894);
			es = "Linear";
			ed = "In";
		};
	};
	{
		tm = .311;
		["Torso"] = {
			tm = .0559;
			cf = cfr(0,-1.419,-.282,.271,.919,-.288,-.952,.3,.061,.142,.258,.956);
			es = "Linear";
			ed = "In";
		};
		["Left Leg"] = {
			tm = .0559;
			cf = cfr(-.228,.083,.392,.63,.242,.738,-.011,.953,-.302,-.776,.182,.603);
			es = "Linear";
			ed = "In";
		};
		["Right Arm"] = {
			tm = .0559;
			cf = cfr(-.077,-.162,.164,.737,-.611,-.289,.653,.534,.537,-.173,-.584,.793);
			es = "Linear";
			ed = "In";
		};
		["Head"] = {
			tm = .0559;
			cf = cfr(0,0,0,.55,-.833,.052,.835,.55,-.021,-.011,.055,.998);
			es = "Linear";
			ed = "In";
		};
		["Right Leg"] = {
			tm = .0559;
			cf = cfr(1.294,.681,-.073,.926,.165,.339,-.321,.815,.482,-.197,-.556,.808);
			es = "Linear";
			ed = "In";
		};
		["Left Arm"] = {
			tm = .0559;
			cf = cfr(-.548,.23,.495,-.31,.095,.946,-.876,-.416,-.245,.37,-.905,.212);
			es = "Linear";
			ed = "In";
		};
	};
	{
		tm = .322;
		["grab"] = "0";
	};
	{
		tm = .367;
		["Torso"] = {
			tm = .0110;
			cf = cfr(0,-1.584,-.282,.203,.906,-.372,-.977,.214,-.012,.069,.366,.928);
			es = "Linear";
			ed = "In";
		};
		["Left Leg"] = {
			tm = .0110;
			cf = cfr(-.184,.196,.4,.555,.384,.738,-.237,.923,-.302,-.797,-.007,.603);
			es = "Linear";
			ed = "In";
		};
		["Right Arm"] = {
			tm = .0110;
			cf = cfr(-.077,-.162,.164,.635,-.283,-.718,.634,.723,.276,.441,-.631,.638);
			es = "Linear";
			ed = "In";
		};
		["Head"] = {
			tm = .0110;
			cf = cfr(0,0,0,.542,-.833,.11,.832,.55,.067,-.116,.055,.992);
			es = "Linear";
			ed = "In";
		};
		["Right Leg"] = {
			tm = .0110;
			cf = cfr(1.294,.681,-.073,.941,.013,.339,-.186,.856,.482,-.284,-.517,.808);
			es = "Linear";
			ed = "In";
		};
		["Left Arm"] = {
			tm = .0110;
			cf = cfr(-.548,.23,.495,-.323,.495,.806,-.776,-.626,.074,.542,-.602,.587);
			es = "Linear";
			ed = "In";
		};
	};
	{
		tm = .378;
		["Torso"] = {
			tm = .0110;
			cf = cfr(0,-1.584,-.282,.144,.909,-.391,-.988,.157,.002,.064,.386,.92);
			es = "Linear";
			ed = "In";
		};
		["Left Leg"] = {
			tm = .0110;
			cf = cfr(-.184,.196,.4,.555,.384,.738,-.237,.923,-.302,-.797,-.007,.603);
			es = "Linear";
			ed = "In";
		};
		["Right Arm"] = {
			tm = .0110;
			cf = cfr(-.077,-.162,.164,.635,-.283,-.718,.634,.723,.276,.441,-.631,.638);
			es = "Linear";
			ed = "In";
		};
		["Head"] = {
			tm = .0110;
			cf = cfr(0,0,0,.542,-.833,.11,.832,.55,.067,-.116,.055,.992);
			es = "Linear";
			ed = "In";
		};
		["Right Leg"] = {
			tm = .0110;
			cf = cfr(1.294,.681,-.073,.941,.013,.339,-.186,.856,.482,-.284,-.517,.808);
			es = "Linear";
			ed = "In";
		};
		["Left Arm"] = {
			tm = .0110;
			cf = cfr(-.622,.324,.585,-.356,.517,.778,-.779,-.624,.057,.515,-.586,.625);
			es = "Linear";
			ed = "In";
		};
	};
	{
		tm = .389;
		["Torso"] = {
			tm = .0780;
			cf = cfr(0,-1.584,-.282,.166,.905,-.391,-.983,.182,.002,.073,.385,.92);
			es = "Linear";
			ed = "In";
		};
		["Left Leg"] = {
			tm = .0780;
			cf = cfr(-.184,.196,.4,.555,.384,.738,-.237,.923,-.302,-.797,-.007,.603);
			es = "Linear";
			ed = "In";
		};
		["Right Arm"] = {
			tm = .0780;
			cf = cfr(-.077,-.162,.164,.635,-.283,-.718,.634,.723,.276,.441,-.631,.638);
			es = "Linear";
			ed = "In";
		};
		["Head"] = {
			tm = .0780;
			cf = cfr(0,0,0,.542,-.833,.11,.832,.55,.067,-.116,.055,.992);
			es = "Linear";
			ed = "In";
		};
		["Right Leg"] = {
			tm = .0780;
			cf = cfr(1.294,.681,-.073,.941,.013,.339,-.186,.856,.482,-.284,-.517,.808);
			es = "Linear";
			ed = "In";
		};
		["Left Arm"] = {
			tm = .0780;
			cf = cfr(-.622,.324,.585,-.326,.491,.808,-.777,-.626,.066,.538,-.607,.586);
			es = "Linear";
			ed = "In";
		};
	};
	{
		tm = .467;
		["Torso"] = {
			tm = .0549;
			cf = cfr(0,-1.584,-.282,.077,.925,-.372,-.997,.078,-.012,.018,.372,.928);
			es = "Linear";
			ed = "In";
		};
		["Left Leg"] = {
			tm = .0549;
			cf = cfr(-.184,.196,.4,.555,.384,.738,-.237,.923,-.302,-.797,-.007,.603);
			es = "Linear";
			ed = "In";
		};
		["Right Arm"] = {
			tm = .0549;
			cf = cfr(-.077,-.162,.164,.635,-.283,-.718,.634,.723,.276,.441,-.631,.638);
			es = "Linear";
			ed = "In";
		};
		["Head"] = {
			tm = .0549;
			cf = cfr(0,0,0,.542,-.833,.11,.832,.55,.067,-.116,.055,.992);
			es = "Linear";
			ed = "In";
		};
		["Right Leg"] = {
			tm = .0549;
			cf = cfr(1.294,.681,-.073,.941,.013,.339,-.186,.856,.482,-.284,-.517,.808);
			es = "Linear";
			ed = "In";
		};
		["Left Arm"] = {
			tm = .0549;
			cf = cfr(-.548,.23,.495,-.323,.495,.806,-.776,-.626,.074,.542,-.602,.587);
			es = "Linear";
			ed = "In";
		};
	};
	{
		tm = .522;
		["Torso"] = {
			tm = .0669;
			cf = cfr(0,-1.584,-.282,-.462,.731,-.503,-.886,-.36,.292,.032,.58,.814);
			es = "Linear";
			ed = "In";
		};
		["Left Leg"] = {
			tm = .0669;
			cf = cfr(-.184,.196,.4,.555,.32,.768,-.237,.945,-.223,-.797,-.059,.601);
			es = "Linear";
			ed = "In";
		};
		["Right Arm"] = {
			tm = .0669;
			cf = cfr(-.077,-.162,.164,.715,-.548,-.434,.665,.34,.665,-.217,-.764,.608);
			es = "Linear";
			ed = "In";
		};
		["Head"] = {
			tm = .0669;
			cf = cfr(0,0,0,.794,-.598,.11,.594,.802,.067,-.128,.012,.992);
			es = "Linear";
			ed = "In";
		};
		["Right Leg"] = {
			tm = .0669;
			cf = cfr(1.278,1.036,-.184,.898,-.281,.339,.09,.871,.482,-.431,-.402,.808);
			es = "Linear";
			ed = "In";
		};
		["Left Arm"] = {
			tm = .0669;
			cf = cfr(-.534,.248,.496,-.319,.056,.946,-.891,-.359,-.279,.324,-.932,.164);
			es = "Linear";
			ed = "In";
		};
		["spin"] = "0";
	};
	{
		tm = .589;
		["Torso"] = {
			tm = .0660;
			cf = cfr(0,-1.584,-.282,-.921,.355,-.16,-.352,-.585,.731,.165,.729,.664);
			es = "Linear";
			ed = "In";
		};
		["Left Leg"] = {
			tm = .0660;
			cf = cfr(-.153,-.055,.267,.555,.32,.768,-.237,.945,-.223,-.797,-.059,.601);
			es = "Linear";
			ed = "In";
		};
		["Right Arm"] = {
			tm = .0660;
			cf = cfr(-.077,-.162,.164,.226,-.872,-.434,.734,-.141,.665,-.641,-.469,.608);
			es = "Linear";
			ed = "In";
		};
		["Head"] = {
			tm = .0660;
			cf = cfr(0,0,0,.895,-.432,.11,.427,.902,.067,-.128,-.013,.992);
			es = "Linear";
			ed = "In";
		};
		["Right Leg"] = {
			tm = .0660;
			cf = cfr(1.031,1.231,-.331,.692,-.711,.122,.454,.56,.693,-.561,-.424,.71);
			es = "Linear";
			ed = "In";
		};
		["Left Arm"] = {
			tm = .0660;
			cf = cfr(-.49,.277,.619,-.405,-.216,.889,-.914,.067,-.4,.027,-.974,-.225);
			es = "Linear";
			ed = "In";
		};
	};
	{
		tm = .655;
		["Torso"] = {
			tm = .0559;
			cf = cfr(0,-.986,-.282,-.609,-.403,.683,.79,-.383,.479,.069,.831,.551);
			es = "Linear";
			ed = "In";
		};
		["Left Leg"] = {
			tm = .0559;
			cf = cfr(-.153,-.055,.267,.641,.009,.768,.254,.941,-.223,-.725,.338,.601);
			es = "Linear";
			ed = "In";
		};
		["Right Arm"] = {
			tm = .0559;
			cf = cfr(.511,-.133,.154,.181,-.882,-.434,.725,-.178,.665,-.664,-.436,.608);
			es = "Linear";
			ed = "In";
		};
		["Head"] = {
			tm = .0559;
			cf = cfr(0,0,0,.979,.009,.206,-.033,.993,.113,-.203,-.117,.972);
			es = "Linear";
			ed = "In";
		};
		["Right Leg"] = {
			tm = .0559;
			cf = cfr(1.004,1.197,-.276,.261,-.923,.282,.699,.382,.605,-.666,.04,.745);
			es = "Linear";
			ed = "In";
		};
		["Left Arm"] = {
			tm = .0559;
			cf = cfr(-.72,.125,.6,-.005,-.171,.985,-.986,.166,.024,-.168,-.971,-.169);
			es = "Linear";
			ed = "In";
		};
	};
	{
		tm = .711;
		["Torso"] = {
			tm = .0670;
			cf = cfr(0,-.739,-.429,-.112,-.697,.708,.985,.015,.17,-.129,.717,.685);
			es = "Linear";
			ed = "In";
		};
		["Left Leg"] = {
			tm = .0670;
			cf = cfr(-.024,.068,.244,.638,.059,.768,.18,.958,-.223,-.749,.281,.601);
			es = "Linear";
			ed = "In";
		};
		["Right Arm"] = {
			tm = .0670;
			cf = cfr(.511,-.133,.154,-.385,-.922,.038,.695,-.263,.67,-.607,.285,.742);
			es = "Linear";
			ed = "In";
		};
		["Head"] = {
			tm = .0670;
			cf = cfr(0,0,0,.825,.561,.064,-.565,.817,.116,.013,-.132,.991);
			es = "Linear";
			ed = "In";
		};
		["Right Leg"] = {
			tm = .0670;
			cf = cfr(1.004,1.197,-.276,.313,-.823,.475,.666,.547,.508,-.677,.157,.719);
			es = "Linear";
			ed = "In";
		};
		["Left Arm"] = {
			tm = .0670;
			cf = cfr(-.72,.125,.6,-.436,.073,.897,-.871,.219,-.44,-.228,-.973,-.032);
			es = "Linear";
			ed = "In";
		};
	};
	{
		tm = .778;
		["Torso"] = {
			tm = .0669;
			cf = cfr(0,-.739,-.305,.956,-.222,.194,.265,.936,-.234,-.129,.275,.953);
			es = "Linear";
			ed = "In";
		};
		["Left Leg"] = {
			tm = .0669;
			cf = cfr(.011,-.005,.059,.636,-.081,.768,.383,.896,-.223,-.67,.436,.601);
			es = "Linear";
			ed = "In";
		};
		["Right Arm"] = {
			tm = .0669;
			cf = cfr(.511,-.133,.154,-.385,-.918,-.092,.695,-.354,.626,-.607,.177,.775);
			es = "Linear";
			ed = "In";
		};
		["Head"] = {
			tm = .0669;
			cf = cfr(0,0,0,.979,.199,.033,-.202,.958,.205,.009,-.208,.978);
			es = "Linear";
			ed = "In";
		};
		["Right Leg"] = {
			tm = .0669;
			cf = cfr(.988,.779,-.039,.98,-.148,.131,.127,.979,.158,-.152,-.138,.979);
			es = "Linear";
			ed = "In";
		};
		["Left Arm"] = {
			tm = .0669;
			cf = cfr(-.72,.125,.6,-.436,-.213,.875,-.871,.346,-.349,-.228,-.914,-.336);
			es = "Linear";
			ed = "In";
		};
	};
	{
		tm = .822;
		["throw"] = "0";
	};
	{
		tm = .845;
		["Torso"] = {
			tm = .0660;
			cf = cfr(0,-.739,.248,.308,.944,-.122,-.938,.322,.125,.158,.076,.985);
			es = "Linear";
			ed = "In";
		};
		["Left Leg"] = {
			tm = .0660;
			cf = cfr(-.013,-.156,.071,.636,-.081,.768,.383,.896,-.223,-.67,.436,.601);
			es = "Linear";
			ed = "In";
		};
		["Right Arm"] = {
			tm = .0660;
			cf = cfr(-.438,-.256,-.155,.2,-.562,-.803,.88,.463,-.105,.431,-.685,.587);
			es = "Linear";
			ed = "In";
		};
		["Head"] = {
			tm = .0660;
			cf = cfr(0,0,0,.387,-.908,.161,.921,.39,-.013,-.051,.153,.987);
			es = "Linear";
			ed = "In";
		};
		["Right Leg"] = {
			tm = .0660;
			cf = cfr(1.034,.785,-.024,.922,.364,.131,-.382,.911,.158,-.062,-.196,.979);
			es = "Linear";
			ed = "In";
		};
		["Left Arm"] = {
			tm = .0660;
			cf = cfr(-.84,.406,-.195,-.394,.916,.074,-.888,-.358,-.287,-.237,-.179,.955);
			es = "Linear";
			ed = "In";
		};
	};
	{
		tm = .911;
		["Torso"] = {
			tm = .0779;
			cf = cfr(.111,-.739,.153,-.456,.883,-.109,-.89,-.455,.033,-.02,.112,.994);
			es = "Linear";
			ed = "In";
		};
		["Left Leg"] = {
			tm = .0779;
			cf = cfr(.106,-.17,.01,.633,.041,.773,.121,.981,-.15,-.765,.188,.616);
			es = "Linear";
			ed = "In";
		};
		["Right Arm"] = {
			tm = .0779;
			cf = cfr(-.438,-.256,-.155,.281,-.185,-.942,.802,.584,.124,.527,-.79,.313);
			es = "Linear";
			ed = "In";
		};
		["Head"] = {
			tm = .0779;
			cf = cfr(0,0,0,-.208,-.964,.164,.978,-.199,.068,-.033,.175,.984);
			es = "Linear";
			ed = "In";
		};
		["Right Leg"] = {
			tm = .0779;
			cf = cfr(1.07,.466,-.031,.969,.209,.131,-.228,.961,.158,-.093,-.183,.979);
			es = "Linear";
			ed = "In";
		};
		["Left Arm"] = {
			tm = .0779;
			cf = cfr(-.84,.406,-.195,-.775,.608,-.173,-.627,-.773,.091,-.078,.179,.981);
			es = "Linear";
			ed = "In";
		};
	};
	{
		tm = .989;
		["Torso"] = {
			tm = .0659;
			cf = cfr(.111,-.628,-.15,-.867,.474,-.152,-.498,-.831,.248,-.009,.29,.957);
			es = "Linear";
			ed = "In";
		};
		["Left Leg"] = {
			tm = .0659;
			cf = cfr(-.079,-.111,.348,.623,-.118,.773,.361,.92,-.15,-.694,.373,.616);
			es = "Linear";
			ed = "In";
		};
		["Right Arm"] = {
			tm = .0659;
			cf = cfr(-.14,-.167,.023,.281,.127,-.951,.802,.514,.305,.527,-.849,.043);
			es = "Linear";
			ed = "In";
		};
		["Head"] = {
			tm = .0659;
			cf = cfr(0,0,0,.234,-.948,.217,.966,.251,.054,-.106,.197,.975);
			es = "Linear";
			ed = "In";
		};
		["Right Leg"] = {
			tm = .0659;
			cf = cfr(1.07,.466,-.031,.987,-.098,.131,.076,.984,.158,-.144,-.146,.979);
			es = "Linear";
			ed = "In";
		};
		["Left Arm"] = {
			tm = .0659;
			cf = cfr(-.59,.071,0,-.643,.671,-.369,-.765,-.541,.348,.034,.507,.862);
			es = "Linear";
			ed = "In";
		};
	};
	{
		tm = 1.055;
		["Torso"] = {
			tm = .0670;
			cf = cfr(.111,-.591,-.237,-.938,.275,-.212,-.335,-.878,.341,-.093,.391,.916);
			es = "Linear";
			ed = "In";
		};
		["Left Leg"] = {
			tm = .0670;
			cf = cfr(-.018,-.105,.67,.623,.008,.782,.361,.884,-.298,-.694,.468,.548);
			es = "Linear";
			ed = "In";
		};
		["Right Arm"] = {
			tm = .0670;
			cf = cfr(-.052,-.373,.002,.449,-.136,-.883,.76,.577,.298,.469,-.805,.362);
			es = "Linear";
			ed = "In";
		};
		["Head"] = {
			tm = .0670;
			cf = cfr(0,0,0,.412,-.867,.28,.905,.425,-.017,-.104,.26,.96);
			es = "Linear";
			ed = "In";
		};
		["Right Leg"] = {
			tm = .0670;
			cf = cfr(1.048,.516,-.026,.955,-.251,.16,.255,.967,-.002,-.155,.043,.987);
			es = "Linear";
			ed = "In";
		};
		["Left Arm"] = {
			tm = .0670;
			cf = cfr(-.547,-.258,.088,-.542,.799,-.259,-.773,-.354,.526,.328,.486,.81);
			es = "Linear";
			ed = "In";
		};
	};
	{
		tm = 1.122;
		["Torso"] = {
			tm = .0889;
			cf = cfr(.111,-.656,-.268,-.963,.212,-.164,-.255,-.915,.313,-.083,.343,.936);
			es = "Linear";
			ed = "In";
		};
		["Left Leg"] = {
			tm = .0889;
			cf = cfr(-.018,-.105,.67,.623,-.054,.78,.394,.884,-.253,-.676,.465,.572);
			es = "Linear";
			ed = "In";
		};
		["Right Arm"] = {
			tm = .0889;
			cf = cfr(-.052,-.373,.002,.576,-.019,-.817,.549,.749,.37,.605,-.662,.442);
			es = "Linear";
			ed = "In";
		};
		["Head"] = {
			tm = .0889;
			cf = cfr(0,0,0,.337,-.929,.156,.934,.35,.068,-.118,.122,.985);
			es = "Linear";
			ed = "In";
		};
		["Right Leg"] = {
			tm = .0889;
			cf = cfr(1.048,.516,-.026,.955,-.251,.16,.255,.967,-.002,-.155,.043,.987);
			es = "Linear";
			ed = "In";
		};
		["Left Arm"] = {
			tm = .0889;
			cf = cfr(-.547,-.258,.088,-.36,.913,-.192,-.889,-.273,.369,.284,.303,.91);
			es = "Linear";
			ed = "In";
		};
	};
	{
		tm = 1.211;
		["Torso"] = {
			tm = .0779;
			cf = cfr(.091,-.541,-.221,-.835,.507,-.216,-.547,-.808,.219,-.064,.301,.952);
			es = "Linear";
			ed = "In";
		};
		["Left Leg"] = {
			tm = .0779;
			cf = cfr(-.015,-.086,.553,.736,-.077,.672,.314,.919,-.239,-.599,.388,.701);
			es = "Linear";
			ed = "In";
		};
		["Right Arm"] = {
			tm = .0779;
			cf = cfr(-.043,-.307,.002,.7,-.066,-.711,.441,.823,.358,.561,-.564,.606);
			es = "Linear";
			ed = "In";
		};
		["Head"] = {
			tm = .0779;
			cf = cfr(0,0,0,.452,-.882,.135,.886,.461,.045,-.102,.099,.99);
			es = "Linear";
			ed = "In";
		};
		["Right Leg"] = {
			tm = .0779;
			cf = cfr(.865,.425,-.021,.969,-.209,.133,.211,.977,-.005,-.129,.033,.991);
			es = "Linear";
			ed = "In";
		};
		["Left Arm"] = {
			tm = .0779;
			cf = cfr(-.451,-.213,.072,-.029,.975,-.22,-.957,.036,.289,.29,.219,.932);
			es = "Linear";
			ed = "In";
		};
	};
	{
		tm = 1.289;
		["Torso"] = {
			tm = 0;
			cf = cfr(.059,-.35,-.143,-.437,.87,-.228,-.897,-.441,.04,-.066,.222,.973);
			es = "Linear";
			ed = "In";
		};
		["Left Leg"] = {
			tm = 0;
			cf = cfr(-.01,-.056,.357,.886,-.084,.456,.187,.965,-.185,-.424,.249,.871);
			es = "Linear";
			ed = "In";
		};
		["Right Arm"] = {
			tm = 0;
			cf = cfr(-.028,-.199,.001,.869,-.099,-.485,.263,.922,.283,.42,-.373,.827);
			es = "Linear";
			ed = "In";
		};
		["Head"] = {
			tm = 0;
			cf = cfr(0,0,0,.627,-.773,.094,.776,.631,.012,-.069,.065,.995);
			es = "Linear";
			ed = "In";
		};
		["Right Leg"] = {
			tm = 0;
			cf = cfr(.559,.275,-.014,.987,-.136,.086,.137,.991,-.007,-.084,.018,.996);
			es = "Linear";
			ed = "In";
		};
		["Left Arm"] = {
			tm = 0;
			cf = cfr(-.292,-.138,.047,.511,.835,-.203,-.827,.542,.151,.236,.091,.968);
			es = "Linear";
			ed = "In";
		};
	};
}
