-- // converted using mech's animoduler
local cfr = CFrame.new

return {
	{
		tm = 0;
		["Torso"] = {
			tm = .122;
			cf = cfr(0,0,0,1,0,0,0,1,0,0,0,1);
			es = "Linear";
			ed = "In";
		};
		["Left Leg"] = {
			tm = .122;
			cf = cfr(0,0,0,1,0,0,0,1,0,0,0,1);
			es = "Linear";
			ed = "In";
		};
		["Right Arm"] = {
			tm = .122;
			cf = cfr(0,0,0,1,0,0,0,1,0,0,0,1);
			es = "Linear";
			ed = "In";
		};
		["Head"] = {
			tm = .122;
			cf = cfr(0,0,0,1,0,0,0,1,0,0,0,1);
			es = "Linear";
			ed = "In";
		};
		["Right Leg"] = {
			tm = .122;
			cf = cfr(0,0,0,1,0,0,0,1,0,0,0,1);
			es = "Linear";
			ed = "In";
		};
		["Left Arm"] = {
			tm = .122;
			cf = cfr(0,0,0,1,0,0,0,1,0,0,0,1);
			es = "Linear";
			ed = "In";
		};
	};
	{
		tm = .122;
		["Torso"] = {
			tm = .067;
			cf = cfr(0,0,.576,.924,-.352,.147,.208,.788,.579,-.32,-.505,.802);
			es = "Linear";
			ed = "In";
		};
		["Left Leg"] = {
			tm = .067;
			cf = cfr(.134,.163,.198,.89,-.447,-.083,.449,.832,.327,-.077,-.329,.941);
			es = "Linear";
			ed = "In";
		};
		["Right Arm"] = {
			tm = .067;
			cf = cfr(-.448,.101,-.222,.804,-.476,-.356,.586,.737,.337,.102,-.48,.871);
			es = "Linear";
			ed = "In";
		};
		["Head"] = {
			tm = .067;
			cf = cfr(0,0,0,.979,-.055,-.198,-.135,.556,-.82,.155,.829,.537);
			es = "Linear";
			ed = "In";
		};
		["Right Leg"] = {
			tm = .067;
			cf = cfr(1.179,.953,.159,.91,.375,-.175,-.369,.927,.071,.189,0,.982);
			es = "Linear";
			ed = "In";
		};
		["Left Arm"] = {
			tm = .067;
			cf = cfr(0,0,0,.804,-.595,0,.547,.739,.393,-.234,-.316,.919);
			es = "Linear";
			ed = "In";
		};
	};
	{
		tm = .189;
		["Torso"] = {
			tm = .066;
			cf = cfr(0,0,.681,.935,-.313,.168,.132,.745,.654,-.33,-.589,.738);
			es = "Linear";
			ed = "In";
		};
		["Left Leg"] = {
			tm = .066;
			cf = cfr(-.101,.273,.1,.808,-.575,-.129,.575,.722,.385,-.128,-.385,.914);
			es = "Linear";
			ed = "In";
		};
		["Right Arm"] = {
			tm = .066;
			cf = cfr(-.448,.101,-.222,.879,-.236,-.414,.417,.801,.429,.231,-.55,.803);
			es = "Linear";
			ed = "In";
		};
		["Head"] = {
			tm = .066;
			cf = cfr(0,0,0,.979,-.081,-.189,-.135,.444,-.886,.155,.893,.423);
			es = "Linear";
			ed = "In";
		};
		["Right Leg"] = {
			tm = .066;
			cf = cfr(1.216,1,.18,.934,.312,-.175,-.305,.95,.071,.188,-.013,.982);
			es = "Linear";
			ed = "In";
		};
		["Left Arm"] = {
			tm = .066;
			cf = cfr(0,0,0,.714,-.699,-.047,.64,.623,.451,-.286,-.352,.891);
			es = "Linear";
			ed = "In";
		};
	};
	{
		tm = .245;
		["legswing"] = "0";
	};
	{
		tm = .255;
		["Torso"] = {
			tm = .0230;
			cf = cfr(0,0,.46,.949,-.239,.207,.061,.781,.622,-.31,-.577,.756);
			es = "Linear";
			ed = "In";
		};
		["Left Leg"] = {
			tm = .0230;
			cf = cfr(-.18,.228,.105,.826,-.548,-.132,.552,.738,.389,-.116,-.394,.912);
			es = "Linear";
			ed = "In";
		};
		["Right Arm"] = {
			tm = .0230;
			cf = cfr(-.448,.101,-.222,.677,-.127,-.725,.455,.846,.277,.578,-.518,.631);
			es = "Linear";
			ed = "In";
		};
		["Head"] = {
			tm = .0230;
			cf = cfr(0,0,0,.967,-.156,-.199,-.094,.508,-.856,.235,.847,.477);
			es = "Linear";
			ed = "In";
		};
		["Right Leg"] = {
			tm = .0230;
			cf = cfr(1.146,.909,.142,.944,.261,-.202,-.27,.963,-.015,.191,.069,.979);
			es = "Linear";
			ed = "In";
		};
		["Left Arm"] = {
			tm = .0230;
			cf = cfr(0,0,0,.714,-.684,-.151,.64,.548,.539,-.286,-.482,.829);
			es = "Linear";
			ed = "In";
		};
	};
	{
		tm = .278;
		["Torso"] = {
			tm = .0219;
			cf = cfr(0,-.657,-.459,.781,-.554,.287,.623,.718,-.311,-.034,.422,.906);
			es = "Linear";
			ed = "In";
		};
		["Left Leg"] = {
			tm = .0219;
			cf = cfr(-1.113,.563,-.044,.998,-.049,.047,.043,.99,.138,-.053,-.135,.989);
			es = "Linear";
			ed = "In";
		};
		["Right Arm"] = {
			tm = .0219;
			cf = cfr(-.305,-.52,.315,-.036,.469,-.882,.35,.833,.428,.936,-.293,-.195);
			es = "Linear";
			ed = "In";
		};
		["Head"] = {
			tm = .0219;
			cf = cfr(0,0,0,.872,.44,-.217,-.485,.839,-.247,.073,.32,.944);
			es = "Linear";
			ed = "In";
		};
		["Right Leg"] = {
			tm = .0219;
			cf = cfr(.712,.657,.48,.741,-.395,-.543,.362,.916,-.172,.566,-.069,.822);
			es = "Linear";
			ed = "In";
		};
		["Left Arm"] = {
			tm = .0219;
			cf = cfr(-.136,.071,.192,.721,.692,.036,-.237,.198,.951,.651,-.695,.307);
			es = "Linear";
			ed = "In";
		};
		["stomp"] = "0";
	};
	{
		tm = .3;
		["Torso"] = {
			tm = .0330;
			cf = cfr(0,-.657,-.547,.787,-.532,.312,.611,.604,-.512,.084,.593,.801);
			es = "Linear";
			ed = "In";
		};
		["Left Leg"] = {
			tm = .0330;
			cf = cfr(-1.216,.654,.027,.998,.04,.042,-.04,.999,-.005,-.042,.003,.999);
			es = "Linear";
			ed = "In";
		};
		["Right Arm"] = {
			tm = .0330;
			cf = cfr(-.305,-.52,.315,-.235,.203,-.951,.599,.801,.023,.766,-.564,-.31);
			es = "Linear";
			ed = "In";
		};
		["Head"] = {
			tm = .0330;
			cf = cfr(0,0,0,.872,.487,-.059,-.485,.873,.045,.073,-.011,.997);
			es = "Linear";
			ed = "In";
		};
		["Right Leg"] = {
			tm = .0330;
			cf = cfr(.647,.711,.482,.624,-.561,-.543,.571,.802,-.172,.533,-.203,.822);
			es = "Linear";
			ed = "In";
		};
		["Left Arm"] = {
			tm = .0330;
			cf = cfr(-.182,.111,.259,.799,.507,.323,-.333,-.075,.94,.501,-.859,.108);
			es = "Linear";
			ed = "In";
		};
	};
	{
		tm = .333;
		["Torso"] = {
			tm = .122;
			cf = cfr(0,-.657,-.547,.773,-.542,.33,.632,.618,-.467,.049,.569,.821);
			es = "Linear";
			ed = "In";
		};
		["Left Leg"] = {
			tm = .122;
			cf = cfr(-1.216,.654,.027,.998,.04,.042,-.04,.999,-.005,-.042,.003,.999);
			es = "Linear";
			ed = "In";
		};
		["Right Arm"] = {
			tm = .122;
			cf = cfr(-.305,-.52,.315,-.031,.027,-.999,.581,.814,.004,.814,-.58,-.04);
			es = "Linear";
			ed = "In";
		};
		["Head"] = {
			tm = .122;
			cf = cfr(0,0,0,.872,.487,-.059,-.485,.873,.045,.073,-.011,.997);
			es = "Linear";
			ed = "In";
		};
		["Right Leg"] = {
			tm = .122;
			cf = cfr(.555,.842,.449,.624,-.561,-.543,.571,.802,-.172,.533,-.203,.822);
			es = "Linear";
			ed = "In";
		};
		["Left Arm"] = {
			tm = .122;
			cf = cfr(-.182,.111,.259,.721,.665,.193,-.237,-.024,.971,.651,-.746,.14);
			es = "Linear";
			ed = "In";
		};
	};
	{
		tm = .455;
		["Torso"] = {
			tm = .334;
			cf = cfr(0,-.657,-.547,.773,-.542,.33,.632,.618,-.467,.049,.569,.821);
			es = "Linear";
			ed = "In";
		};
		["Left Leg"] = {
			tm = .334;
			cf = cfr(-1.216,.654,.027,.998,.04,.042,-.04,.999,-.005,-.042,.003,.999);
			es = "Linear";
			ed = "In";
		};
		["Right Arm"] = {
			tm = .334;
			cf = cfr(-.305,-.52,.315,-.031,.027,-.999,.581,.814,.004,.814,-.58,-.04);
			es = "Linear";
			ed = "In";
		};
		["Head"] = {
			tm = .334;
			cf = cfr(0,0,0,.872,.487,-.059,-.485,.873,.045,.073,-.011,.997);
			es = "Linear";
			ed = "In";
		};
		["Right Leg"] = {
			tm = .334;
			cf = cfr(.555,.842,.449,.624,-.561,-.543,.571,.802,-.172,.533,-.203,.822);
			es = "Linear";
			ed = "In";
		};
		["Left Arm"] = {
			tm = .334;
			cf = cfr(-.182,.111,.259,.721,.665,.193,-.237,-.024,.971,.651,-.746,.14);
			es = "Linear";
			ed = "In";
		};
	};
	{
		tm = .789;
		["Torso"] = {
			tm = 0;
			cf = cfr(0,0,0,1,0,0,0,1,0,0,0,1);
			es = "Linear";
			ed = "In";
		};
		["Left Leg"] = {
			tm = 0;
			cf = cfr(0,0,0,1,0,0,0,1,0,0,0,1);
			es = "Linear";
			ed = "In";
		};
		["Right Arm"] = {
			tm = 0;
			cf = cfr(0,0,0,1,0,0,0,1,0,0,0,1);
			es = "Linear";
			ed = "In";
		};
		["Head"] = {
			tm = 0;
			cf = cfr(0,0,0,1,0,0,0,1,0,0,0,1);
			es = "Linear";
			ed = "In";
		};
		["Right Leg"] = {
			tm = 0;
			cf = cfr(0,0,0,1,0,0,0,1,0,0,0,1);
			es = "Linear";
			ed = "In";
		};
		["Left Arm"] = {
			tm = 0;
			cf = cfr(0,0,0,1,0,0,0,1,0,0,0,1);
			es = "Linear";
			ed = "In";
		};
	};
}
