-- // converted using mech's animoduler
local cfr = CFrame.new

return {
	{
		tm = 0;
		["Torso"] = {
			cf = cfr(0,0,0,1,0,0,0,1,0,0,0,1);
			es = "Cubic";
			ed = "InOut";
		};
		["Head"] = {
			cf = cfr(0,0,0,1,0,0,0,1,.011,0,-.011,1);
			es = "Cubic";
			ed = "InOut";
		};
		["Left Leg"] = {
			cf = cfr(0,0,0,1,0,0,0,1,0,0,0,1);
			es = "Cubic";
			ed = "InOut";
		};
		["Right Arm"] = {
			cf = cfr(0,0,0,1,0,0,0,.991,.132,0,-.132,.991);
			es = "Cubic";
			ed = "InOut";
		};
		["Right Leg"] = {
			cf = cfr(0,0,0,1,0,0,0,1,0,0,0,1);
			es = "Cubic";
			ed = "InOut";
		};
		["Left Arm"] = {
			cf = cfr(0,0,0,1,0,0,0,.993,.115,0,-.115,.993);
			es = "Cubic";
			ed = "InOut";
		};
		};
	{
		tm = .017;
		["Torso"] = {
			cf = cfr(0,0,0,1,0,0,0,1,0,0,0,1);
			es = "Linear";
			ed = "In";
		};
		["Head"] = {
			cf = cfr(0,0,0,1,0,0,0,1,.011,0,-.011,1);
			es = "Linear";
			ed = "In";
		};
		["Left Leg"] = {
			cf = cfr(0,0,0,1,0,0,0,1,0,0,0,1);
			es = "Linear";
			ed = "In";
		};
		["Right Arm"] = {
			cf = cfr(0,0,0,1,0,0,0,.991,.132,0,-.132,.991);
			es = "Linear";
			ed = "In";
		};
		["Right Leg"] = {
			cf = cfr(0,0,0,1,0,0,0,1,0,0,0,1);
			es = "Linear";
			ed = "In";
		};
		["Left Arm"] = {
			cf = cfr(0,0,0,1,0,0,0,.993,.115,0,-.115,.993);
			es = "Linear";
			ed = "In";
		};
		};
	{
		tm = .033;
		["Torso"] = {
			cf = cfr(0,0,0,1,0,0,0,1,0,0,0,1);
			es = "Linear";
			ed = "In";
		};
		["Head"] = {
			cf = cfr(0,0,0,1,0,0,0,1,.011,0,-.011,1);
			es = "Linear";
			ed = "In";
		};
		["Left Leg"] = {
			cf = cfr(0,0,0,1,0,0,0,1,0,0,0,1);
			es = "Linear";
			ed = "In";
		};
		["Right Arm"] = {
			cf = cfr(0,0,0,1,0,0,0,.991,.132,0,-.132,.991);
			es = "Linear";
			ed = "In";
		};
		["Right Leg"] = {
			cf = cfr(0,0,0,1,0,0,0,1,0,0,0,1);
			es = "Linear";
			ed = "In";
		};
		["Left Arm"] = {
			cf = cfr(0,0,0,1,0,0,0,.993,.115,0,-.115,.993);
			es = "Linear";
			ed = "In";
		};
		};
	{
		tm = .05;
		["Torso"] = {
			cf = cfr(0,0,0,1,0,0,0,1,0,0,0,1);
			es = "Linear";
			ed = "In";
		};
		["Head"] = {
			cf = cfr(0,0,0,1,0,0,0,1,.011,0,-.011,1);
			es = "Linear";
			ed = "In";
		};
		["Left Leg"] = {
			cf = cfr(0,0,0,1,0,0,0,1,0,0,0,1);
			es = "Linear";
			ed = "In";
		};
		["Right Arm"] = {
			cf = cfr(0,0,0,1,0,0,0,.991,.132,0,-.132,.991);
			es = "Linear";
			ed = "In";
		};
		["Right Leg"] = {
			cf = cfr(0,0,0,1,0,0,0,1,0,0,0,1);
			es = "Linear";
			ed = "In";
		};
		["Left Arm"] = {
			cf = cfr(0,0,0,1,0,0,0,.993,.115,0,-.115,.993);
			es = "Linear";
			ed = "In";
		};
		};
	{
		tm = .067;
		["Torso"] = {
			cf = cfr(0,0,0,1,0,0,0,1,0,0,0,1);
			es = "Linear";
			ed = "In";
		};
		["Head"] = {
			cf = cfr(0,0,0,1,0,0,0,1,.011,0,-.011,1);
			es = "Linear";
			ed = "In";
		};
		["Left Leg"] = {
			cf = cfr(0,0,0,1,0,0,0,1,0,0,0,1);
			es = "Linear";
			ed = "In";
		};
		["Right Arm"] = {
			cf = cfr(0,0,0,1,0,0,0,.991,.132,0,-.132,.991);
			es = "Linear";
			ed = "In";
		};
		["Right Leg"] = {
			cf = cfr(0,0,0,1,0,0,0,1,0,0,0,1);
			es = "Linear";
			ed = "In";
		};
		["Left Arm"] = {
			cf = cfr(0,0,0,1,0,0,0,.993,.115,0,-.115,.993);
			es = "Linear";
			ed = "In";
		};
		};
	{
		tm = .083;
		["Torso"] = {
			cf = cfr(0,0,0,1,0,0,0,1,0,0,0,1);
			es = "Linear";
			ed = "In";
		};
		["Head"] = {
			cf = cfr(0,0,0,1,0,0,0,1,.011,0,-.011,1);
			es = "Linear";
			ed = "In";
		};
		["Left Leg"] = {
			cf = cfr(0,0,0,1,0,0,0,1,0,0,0,1);
			es = "Linear";
			ed = "In";
		};
		["Right Arm"] = {
			cf = cfr(0,0,0,1,0,0,0,.991,.132,0,-.132,.991);
			es = "Linear";
			ed = "In";
		};
		["Right Leg"] = {
			cf = cfr(0,0,0,1,0,0,0,1,0,0,0,1);
			es = "Linear";
			ed = "In";
		};
		["Left Arm"] = {
			cf = cfr(0,0,0,1,0,0,0,.993,.115,0,-.115,.993);
			es = "Linear";
			ed = "In";
		};
		};
	{
		tm = .1;
		["Torso"] = {
			cf = cfr(0,0,0,1,0,0,0,1,0,0,0,1);
			es = "Linear";
			ed = "In";
		};
		["Head"] = {
			cf = cfr(0,0,0,1,0,0,0,1,.011,0,-.011,1);
			es = "Linear";
			ed = "In";
		};
		["Left Leg"] = {
			cf = cfr(0,0,0,1,0,0,0,1,0,0,0,1);
			es = "Linear";
			ed = "In";
		};
		["Right Arm"] = {
			cf = cfr(0,0,0,1,0,0,0,.991,.132,0,-.132,.991);
			es = "Linear";
			ed = "In";
		};
		["Right Leg"] = {
			cf = cfr(0,0,0,1,0,0,0,1,0,0,0,1);
			es = "Linear";
			ed = "In";
		};
		["Left Arm"] = {
			cf = cfr(0,0,0,1,0,0,0,.993,.115,0,-.115,.993);
			es = "Linear";
			ed = "In";
		};
		};
	{
		tm = .117;
		["Torso"] = {
			cf = cfr(0,0,0,1,0,0,0,1,0,0,0,1);
			es = "Linear";
			ed = "In";
		};
		["Head"] = {
			cf = cfr(0,0,0,1,0,0,0,1,.011,0,-.011,1);
			es = "Linear";
			ed = "In";
		};
		["Left Leg"] = {
			cf = cfr(0,0,0,1,0,0,0,1,0,0,0,1);
			es = "Linear";
			ed = "In";
		};
		["Right Arm"] = {
			cf = cfr(0,0,0,1,0,0,0,.991,.132,0,-.132,.991);
			es = "Linear";
			ed = "In";
		};
		["Right Leg"] = {
			cf = cfr(0,0,0,1,0,0,0,1,0,0,0,1);
			es = "Linear";
			ed = "In";
		};
		["Left Arm"] = {
			cf = cfr(0,0,0,1,0,0,0,.993,.115,0,-.115,.993);
			es = "Linear";
			ed = "In";
		};
		};
	{
		tm = .133;
		["Torso"] = {
			cf = cfr(0,0,0,1,0,0,0,1,0,0,0,1);
			es = "Linear";
			ed = "In";
		};
		["Head"] = {
			cf = cfr(0,0,0,1,0,0,0,1,.011,0,-.011,1);
			es = "Linear";
			ed = "In";
		};
		["Left Leg"] = {
			cf = cfr(0,0,0,1,0,0,0,1,0,0,0,1);
			es = "Linear";
			ed = "In";
		};
		["Right Arm"] = {
			cf = cfr(0,0,0,1,0,0,0,.991,.132,0,-.132,.991);
			es = "Linear";
			ed = "In";
		};
		["Right Leg"] = {
			cf = cfr(0,0,0,1,0,0,0,1,0,0,0,1);
			es = "Linear";
			ed = "In";
		};
		["Left Arm"] = {
			cf = cfr(0,0,0,1,0,0,0,.993,.115,0,-.115,.993);
			es = "Linear";
			ed = "In";
		};
		};
	{
		tm = .15;
		["Torso"] = {
			cf = cfr(0,0,0,1,0,0,0,1,0,0,0,1);
			es = "Linear";
			ed = "In";
		};
		["Head"] = {
			cf = cfr(0,0,0,1,0,0,0,1,.011,0,-.011,1);
			es = "Linear";
			ed = "In";
		};
		["Left Leg"] = {
			cf = cfr(0,0,0,1,0,0,0,1,0,0,0,1);
			es = "Linear";
			ed = "In";
		};
		["Right Arm"] = {
			cf = cfr(0,0,0,1,0,0,0,.991,.132,0,-.132,.991);
			es = "Linear";
			ed = "In";
		};
		["Right Leg"] = {
			cf = cfr(0,0,0,1,0,0,0,1,0,0,0,1);
			es = "Linear";
			ed = "In";
		};
		["Left Arm"] = {
			cf = cfr(0,0,0,1,0,0,0,.993,.115,0,-.115,.993);
			es = "Linear";
			ed = "In";
		};
		};
	{
		tm = .167;
		["Torso"] = {
			cf = cfr(0,0,0,1,0,0,0,1,0,0,0,1);
			es = "Linear";
			ed = "In";
		};
		["Head"] = {
			cf = cfr(0,0,0,1,0,0,0,1,.011,0,-.011,1);
			es = "Linear";
			ed = "In";
		};
		["Left Leg"] = {
			cf = cfr(0,0,0,1,0,0,0,1,0,0,0,1);
			es = "Linear";
			ed = "In";
		};
		["Right Arm"] = {
			cf = cfr(0,0,0,1,0,0,0,.991,.132,0,-.132,.991);
			es = "Linear";
			ed = "In";
		};
		["Right Leg"] = {
			cf = cfr(0,0,0,1,0,0,0,1,0,0,0,1);
			es = "Linear";
			ed = "In";
		};
		["Left Arm"] = {
			cf = cfr(0,0,0,1,0,0,0,.993,.115,0,-.115,.993);
			es = "Linear";
			ed = "In";
		};
		};
	{
		tm = .183;
		["Torso"] = {
			cf = cfr(0,0,0,1,0,0,0,1,0,0,0,1);
			es = "Linear";
			ed = "In";
		};
		["Head"] = {
			cf = cfr(0,0,0,1,0,0,0,1,.011,0,-.011,1);
			es = "Linear";
			ed = "In";
		};
		["Left Leg"] = {
			cf = cfr(0,0,0,1,0,0,0,1,0,0,0,1);
			es = "Linear";
			ed = "In";
		};
		["Right Arm"] = {
			cf = cfr(0,0,0,1,0,0,0,.991,.132,0,-.132,.991);
			es = "Linear";
			ed = "In";
		};
		["Right Leg"] = {
			cf = cfr(0,0,0,1,0,0,0,1,0,0,0,1);
			es = "Linear";
			ed = "In";
		};
		["Left Arm"] = {
			cf = cfr(0,0,0,1,0,0,0,.993,.115,0,-.115,.993);
			es = "Linear";
			ed = "In";
		};
		};
	{
		tm = .2;
		["Torso"] = {
			cf = cfr(0,0,0,1,0,0,0,1,0,0,0,1);
			es = "Linear";
			ed = "In";
		};
		["Head"] = {
			cf = cfr(0,0,0,1,0,0,0,1,.011,0,-.011,1);
			es = "Linear";
			ed = "In";
		};
		["Left Leg"] = {
			cf = cfr(0,0,0,1,0,0,0,1,0,0,0,1);
			es = "Linear";
			ed = "In";
		};
		["Right Arm"] = {
			cf = cfr(0,0,0,1,0,0,0,.991,.132,0,-.132,.991);
			es = "Linear";
			ed = "In";
		};
		["Right Leg"] = {
			cf = cfr(0,0,0,1,0,0,0,1,0,0,0,1);
			es = "Linear";
			ed = "In";
		};
		["Left Arm"] = {
			cf = cfr(0,0,0,1,0,0,0,.993,.115,0,-.115,.993);
			es = "Linear";
			ed = "In";
		};
		};
	{
		tm = .217;
		["Torso"] = {
			cf = cfr(0,0,0,1,0,0,0,1,0,0,0,1);
			es = "Linear";
			ed = "In";
		};
		["Head"] = {
			cf = cfr(0,0,0,1,0,0,0,1,.011,0,-.011,1);
			es = "Linear";
			ed = "In";
		};
		["Left Leg"] = {
			cf = cfr(0,0,0,1,0,0,0,1,0,0,0,1);
			es = "Linear";
			ed = "In";
		};
		["Right Arm"] = {
			cf = cfr(0,0,0,1,0,0,0,.991,.132,0,-.132,.991);
			es = "Linear";
			ed = "In";
		};
		["Right Leg"] = {
			cf = cfr(0,0,0,1,0,0,0,1,0,0,0,1);
			es = "Linear";
			ed = "In";
		};
		["Left Arm"] = {
			cf = cfr(0,0,0,1,0,0,0,.993,.115,0,-.115,.993);
			es = "Linear";
			ed = "In";
		};
		};
	{
		tm = .233;
		["Torso"] = {
			cf = cfr(0,0,0,1,0,0,0,1,0,0,0,1);
			es = "Linear";
			ed = "In";
		};
		["Head"] = {
			cf = cfr(0,0,0,1,0,0,0,1,.011,0,-.011,1);
			es = "Linear";
			ed = "In";
		};
		["Left Leg"] = {
			cf = cfr(0,0,0,1,0,0,0,1,0,0,0,1);
			es = "Linear";
			ed = "In";
		};
		["Right Arm"] = {
			cf = cfr(0,0,0,1,0,0,0,.991,.132,0,-.132,.991);
			es = "Linear";
			ed = "In";
		};
		["Right Leg"] = {
			cf = cfr(0,0,0,1,0,0,0,1,0,0,0,1);
			es = "Linear";
			ed = "In";
		};
		["Left Arm"] = {
			cf = cfr(0,0,0,1,0,0,0,.993,.115,0,-.115,.993);
			es = "Linear";
			ed = "In";
		};
		};
	{
		tm = .25;
		["Torso"] = {
			cf = cfr(0,0,0,1,0,0,0,1,0,0,0,1);
			es = "Linear";
			ed = "In";
		};
		["Head"] = {
			cf = cfr(0,0,0,1,0,0,0,1,.011,0,-.011,1);
			es = "Linear";
			ed = "In";
		};
		["Left Leg"] = {
			cf = cfr(0,0,0,1,0,0,0,1,0,0,0,1);
			es = "Linear";
			ed = "In";
		};
		["Right Arm"] = {
			cf = cfr(0,0,0,1,0,0,0,.991,.132,0,-.132,.991);
			es = "Linear";
			ed = "In";
		};
		["Right Leg"] = {
			cf = cfr(0,0,0,1,0,0,0,1,0,0,0,1);
			es = "Linear";
			ed = "In";
		};
		["Left Arm"] = {
			cf = cfr(0,0,0,1,0,0,0,.993,.115,0,-.115,.993);
			es = "Linear";
			ed = "In";
		};
		};
	{
		tm = .267;
		["Torso"] = {
			cf = cfr(0,0,0,1,0,0,0,1,0,0,0,1);
			es = "Linear";
			ed = "In";
		};
		["Head"] = {
			cf = cfr(0,0,0,1,0,0,0,1,.011,0,-.011,1);
			es = "Linear";
			ed = "In";
		};
		["Left Leg"] = {
			cf = cfr(0,0,0,1,0,0,0,1,0,0,0,1);
			es = "Linear";
			ed = "In";
		};
		["Right Arm"] = {
			cf = cfr(0,0,0,1,0,0,0,.991,.132,0,-.132,.991);
			es = "Linear";
			ed = "In";
		};
		["Right Leg"] = {
			cf = cfr(0,0,0,1,0,0,0,1,0,0,0,1);
			es = "Linear";
			ed = "In";
		};
		["Left Arm"] = {
			cf = cfr(0,0,0,1,0,0,0,.993,.115,0,-.115,.993);
			es = "Linear";
			ed = "In";
		};
		};
	{
		tm = .283;
		["Torso"] = {
			cf = cfr(0,0,0,1,0,0,0,1,0,0,0,1);
			es = "Linear";
			ed = "In";
		};
		["Head"] = {
			cf = cfr(0,0,0,1,0,0,0,1,.011,0,-.011,1);
			es = "Linear";
			ed = "In";
		};
		["Left Leg"] = {
			cf = cfr(0,0,0,1,0,0,0,1,0,0,0,1);
			es = "Linear";
			ed = "In";
		};
		["Right Arm"] = {
			cf = cfr(0,0,0,1,0,0,0,.991,.132,0,-.132,.991);
			es = "Linear";
			ed = "In";
		};
		["Right Leg"] = {
			cf = cfr(0,0,0,1,0,0,0,1,0,0,0,1);
			es = "Linear";
			ed = "In";
		};
		["Left Arm"] = {
			cf = cfr(0,0,0,1,0,0,0,.993,.115,0,-.115,.993);
			es = "Linear";
			ed = "In";
		};
		};
	{
		tm = .3;
		["Torso"] = {
			cf = cfr(0,0,0,1,0,0,0,1,0,0,0,1);
			es = "Linear";
			ed = "In";
		};
		["Head"] = {
			cf = cfr(0,0,0,1,0,0,0,1,.011,0,-.011,1);
			es = "Linear";
			ed = "In";
		};
		["Left Leg"] = {
			cf = cfr(0,0,0,1,0,0,0,1,0,0,0,1);
			es = "Linear";
			ed = "In";
		};
		["Right Arm"] = {
			cf = cfr(0,0,0,1,0,0,0,.991,.132,0,-.132,.991);
			es = "Linear";
			ed = "In";
		};
		["Right Leg"] = {
			cf = cfr(0,0,0,1,0,0,0,1,0,0,0,1);
			es = "Linear";
			ed = "In";
		};
		["Left Arm"] = {
			cf = cfr(0,0,0,1,0,0,0,.993,.115,0,-.115,.993);
			es = "Linear";
			ed = "In";
		};
		};
	{
		tm = .317;
		["Torso"] = {
			cf = cfr(0,0,0,1,0,0,0,1,0,0,0,1);
			es = "Linear";
			ed = "In";
		};
		["Head"] = {
			cf = cfr(0,0,0,1,0,0,0,1,.011,0,-.011,1);
			es = "Linear";
			ed = "In";
		};
		["Left Leg"] = {
			cf = cfr(0,0,0,1,0,0,0,1,0,0,0,1);
			es = "Linear";
			ed = "In";
		};
		["Right Arm"] = {
			cf = cfr(0,0,0,1,0,0,0,.991,.132,0,-.132,.991);
			es = "Linear";
			ed = "In";
		};
		["Right Leg"] = {
			cf = cfr(0,0,0,1,0,0,0,1,0,0,0,1);
			es = "Linear";
			ed = "In";
		};
		["Left Arm"] = {
			cf = cfr(0,0,0,1,0,0,0,.993,.115,0,-.115,.993);
			es = "Linear";
			ed = "In";
		};
		};
	{
		tm = .333;
		["Torso"] = {
			cf = cfr(0,0,0,1,0,0,0,1,0,0,0,1);
			es = "Linear";
			ed = "In";
		};
		["Head"] = {
			cf = cfr(0,0,0,1,0,0,0,1,.011,0,-.011,1);
			es = "Linear";
			ed = "In";
		};
		["Left Leg"] = {
			cf = cfr(0,0,0,1,0,0,0,1,0,0,0,1);
			es = "Linear";
			ed = "In";
		};
		["Right Arm"] = {
			cf = cfr(0,0,0,1,0,0,0,.991,.132,0,-.132,.991);
			es = "Linear";
			ed = "In";
		};
		["Right Leg"] = {
			cf = cfr(0,0,0,1,0,0,0,1,0,0,0,1);
			es = "Linear";
			ed = "In";
		};
		["Left Arm"] = {
			cf = cfr(0,0,0,1,0,0,0,.993,.115,0,-.115,.993);
			es = "Linear";
			ed = "In";
		};
		};
	{
		tm = .35;
		["Torso"] = {
			cf = cfr(0,0,0,1,0,0,0,1,0,0,0,1);
			es = "Linear";
			ed = "In";
		};
		["Head"] = {
			cf = cfr(0,0,0,1,0,0,0,1,.011,0,-.011,1);
			es = "Linear";
			ed = "In";
		};
		["Left Leg"] = {
			cf = cfr(0,0,0,1,0,0,0,1,0,0,0,1);
			es = "Linear";
			ed = "In";
		};
		["Right Arm"] = {
			cf = cfr(0,0,0,1,0,0,0,.991,.132,0,-.132,.991);
			es = "Linear";
			ed = "In";
		};
		["Right Leg"] = {
			cf = cfr(0,0,0,1,0,0,0,1,0,0,0,1);
			es = "Linear";
			ed = "In";
		};
		["Left Arm"] = {
			cf = cfr(0,0,0,1,0,0,0,.993,.115,0,-.115,.993);
			es = "Linear";
			ed = "In";
		};
		};
	{
		tm = .367;
		["Torso"] = {
			cf = cfr(0,0,0,1,0,0,0,1,0,0,0,1);
			es = "Linear";
			ed = "In";
		};
		["Head"] = {
			cf = cfr(0,0,0,1,0,0,0,1,.011,0,-.011,1);
			es = "Linear";
			ed = "In";
		};
		["Left Leg"] = {
			cf = cfr(0,0,0,1,0,0,0,1,0,0,0,1);
			es = "Linear";
			ed = "In";
		};
		["Right Arm"] = {
			cf = cfr(0,0,0,1,0,0,0,.991,.132,0,-.132,.991);
			es = "Linear";
			ed = "In";
		};
		["Right Leg"] = {
			cf = cfr(0,0,0,1,0,0,0,1,0,0,0,1);
			es = "Linear";
			ed = "In";
		};
		["Left Arm"] = {
			cf = cfr(0,0,0,1,0,0,0,.993,.115,0,-.115,.993);
			es = "Linear";
			ed = "In";
		};
		};
	{
		tm = .383;
		["Torso"] = {
			cf = cfr(0,0,0,1,0,0,0,1,0,0,0,1);
			es = "Linear";
			ed = "In";
		};
		["Head"] = {
			cf = cfr(0,0,0,1,0,0,0,1,.011,0,-.011,1);
			es = "Linear";
			ed = "In";
		};
		["Left Leg"] = {
			cf = cfr(0,0,0,1,0,0,0,1,0,0,0,1);
			es = "Linear";
			ed = "In";
		};
		["Right Arm"] = {
			cf = cfr(0,0,0,1,0,0,0,.991,.132,0,-.132,.991);
			es = "Linear";
			ed = "In";
		};
		["Right Leg"] = {
			cf = cfr(0,0,0,1,0,0,0,1,0,0,0,1);
			es = "Linear";
			ed = "In";
		};
		["Left Arm"] = {
			cf = cfr(0,0,0,1,0,0,0,.993,.115,0,-.115,.993);
			es = "Linear";
			ed = "In";
		};
		};
	{
		tm = .4;
		["Torso"] = {
			cf = cfr(0,0,0,1,0,0,0,1,0,0,0,1);
			es = "Linear";
			ed = "In";
		};
		["Head"] = {
			cf = cfr(0,0,0,1,0,0,0,1,.011,0,-.011,1);
			es = "Linear";
			ed = "In";
		};
		["Left Leg"] = {
			cf = cfr(0,0,0,1,-.001,0,.001,1,0,0,0,1);
			es = "Linear";
			ed = "In";
		};
		["Right Arm"] = {
			cf = cfr(0,0,0,1,0,0,0,.991,.132,0,-.132,.991);
			es = "Linear";
			ed = "In";
		};
		["Right Leg"] = {
			cf = cfr(0,0,0,1,0,0,0,1,0,0,0,1);
			es = "Linear";
			ed = "In";
		};
		["Left Arm"] = {
			cf = cfr(0,0,0,1,0,0,0,.993,.115,0,-.115,.993);
			es = "Linear";
			ed = "In";
		};
		};
	{
		tm = .417;
		["Torso"] = {
			cf = cfr(0,0,0,1,0,0,0,1,.001,0,-.001,1);
			es = "Linear";
			ed = "In";
		};
		["Head"] = {
			cf = cfr(0,0,0,1,0,0,0,1,.011,0,-.011,1);
			es = "Linear";
			ed = "In";
		};
		["Left Leg"] = {
			cf = cfr(0,0,0,1,-.001,0,.001,1,0,0,0,1);
			es = "Linear";
			ed = "In";
		};
		["Right Arm"] = {
			cf = cfr(0,0,0,1,0,0,0,.991,.132,0,-.132,.991);
			es = "Linear";
			ed = "In";
		};
		["Right Leg"] = {
			cf = cfr(0,0,0,1,0,0,0,1,0,0,0,1);
			es = "Linear";
			ed = "In";
		};
		["Left Arm"] = {
			cf = cfr(0,0,0,1,0,0,0,.993,.115,0,-.115,.993);
			es = "Linear";
			ed = "In";
		};
		};
	{
		tm = .433;
		["Torso"] = {
			cf = cfr(0,0,0,1,0,0,0,1,.001,0,-.001,1);
			es = "Linear";
			ed = "In";
		};
		["Head"] = {
			cf = cfr(0,0,0,1,0,0,0,1,.011,0,-.011,1);
			es = "Linear";
			ed = "In";
		};
		["Left Leg"] = {
			cf = cfr(0,0,0,1,-.001,0,.001,1,0,0,0,1);
			es = "Linear";
			ed = "In";
		};
		["Right Arm"] = {
			cf = cfr(0,0,0,1,0,0,0,.991,.132,0,-.132,.991);
			es = "Linear";
			ed = "In";
		};
		["Right Leg"] = {
			cf = cfr(0,0,0,1,0,0,0,1,0,0,0,1);
			es = "Linear";
			ed = "In";
		};
		["Left Arm"] = {
			cf = cfr(0,0,0,1,0,0,0,.993,.115,0,-.115,.993);
			es = "Linear";
			ed = "In";
		};
		};
	{
		tm = .45;
		["Torso"] = {
			cf = cfr(0,.001,0,1,0,0,0,1,.001,0,-.001,1);
			es = "Linear";
			ed = "In";
		};
		["Head"] = {
			cf = cfr(0,0,0,1,0,0,0,1,.011,0,-.011,1);
			es = "Linear";
			ed = "In";
		};
		["Left Leg"] = {
			cf = cfr(0,0,0,1,-.001,0,.001,1,0,0,0,1);
			es = "Linear";
			ed = "In";
		};
		["Right Arm"] = {
			cf = cfr(0,0,0,1,0,0,0,.991,.132,0,-.132,.991);
			es = "Linear";
			ed = "In";
		};
		["Right Leg"] = {
			cf = cfr(0,0,0,1,.001,0,-.001,1,0,0,0,1);
			es = "Linear";
			ed = "In";
		};
		["Left Arm"] = {
			cf = cfr(0,0,0,1,0,0,0,.993,.115,0,-.115,.993);
			es = "Linear";
			ed = "In";
		};
		};
	{
		tm = .467;
		["Torso"] = {
			cf = cfr(0,.001,0,1,0,0,0,1,.001,0,-.001,1);
			es = "Linear";
			ed = "In";
		};
		["Head"] = {
			cf = cfr(0,0,0,1,0,0,0,1,.011,0,-.011,1);
			es = "Linear";
			ed = "In";
		};
		["Left Leg"] = {
			cf = cfr(0,0,0,1,-.001,0,.001,1,0,0,0,1);
			es = "Linear";
			ed = "In";
		};
		["Right Arm"] = {
			cf = cfr(0,0,0,1,0,0,0,.991,.132,0,-.132,.991);
			es = "Linear";
			ed = "In";
		};
		["Right Leg"] = {
			cf = cfr(0,0,0,1,.001,0,-.001,1,0,0,0,1);
			es = "Linear";
			ed = "In";
		};
		["Left Arm"] = {
			cf = cfr(0,0,0,1,0,0,0,.993,.115,0,-.115,.993);
			es = "Linear";
			ed = "In";
		};
		};
	{
		tm = .483;
		["Torso"] = {
			cf = cfr(0,.001,0,1,0,0,0,1,.001,0,-.001,1);
			es = "Linear";
			ed = "In";
		};
		["Head"] = {
			cf = cfr(0,0,0,1,0,0,0,1,.011,0,-.011,1);
			es = "Linear";
			ed = "In";
		};
		["Left Leg"] = {
			cf = cfr(0,0,0,1,-.001,0,.001,1,0,0,0,1);
			es = "Linear";
			ed = "In";
		};
		["Right Arm"] = {
			cf = cfr(0,0,0,1,0,0,0,.991,.132,0,-.132,.991);
			es = "Linear";
			ed = "In";
		};
		["Right Leg"] = {
			cf = cfr(0,0,0,1,.001,0,-.001,1,0,0,0,1);
			es = "Linear";
			ed = "In";
		};
		["Left Arm"] = {
			cf = cfr(0,0,0,1,0,0,0,.993,.116,0,-.116,.993);
			es = "Linear";
			ed = "In";
		};
		};
	{
		tm = .5;
		["Torso"] = {
			cf = cfr(0,.001,0,1,0,0,0,1,.001,0,-.001,1);
			es = "Linear";
			ed = "In";
		};
		["Head"] = {
			cf = cfr(0,0,0,1,0,0,0,1,.011,0,-.011,1);
			es = "Linear";
			ed = "In";
		};
		["Left Leg"] = {
			cf = cfr(0,0,0,1,-.001,0,.001,1,0,0,0,1);
			es = "Linear";
			ed = "In";
		};
		["Right Arm"] = {
			cf = cfr(0,0,0,1,0,0,0,.991,.132,0,-.132,.991);
			es = "Linear";
			ed = "In";
		};
		["Right Leg"] = {
			cf = cfr(0,0,0,1,.001,0,-.001,1,0,0,0,1);
			es = "Linear";
			ed = "In";
		};
		["Left Arm"] = {
			cf = cfr(0,0,0,1,0,0,0,.993,.116,0,-.116,.993);
			es = "Linear";
			ed = "In";
		};
		};
	{
		tm = .517;
		["Torso"] = {
			cf = cfr(0,.001,0,1,0,0,0,1,.001,0,-.001,1);
			es = "Linear";
			ed = "In";
		};
		["Head"] = {
			cf = cfr(0,0,0,1,0,0,0,1,.011,0,-.011,1);
			es = "Linear";
			ed = "In";
		};
		["Left Leg"] = {
			cf = cfr(0,0,0,1,-.001,0,.001,1,0,0,0,1);
			es = "Linear";
			ed = "In";
		};
		["Right Arm"] = {
			cf = cfr(0,0,0,1,0,0,0,.991,.132,0,-.132,.991);
			es = "Linear";
			ed = "In";
		};
		["Right Leg"] = {
			cf = cfr(0,0,0,1,.001,0,-.001,1,0,0,0,1);
			es = "Linear";
			ed = "In";
		};
		["Left Arm"] = {
			cf = cfr(0,0,0,1,0,0,0,.993,.116,0,-.116,.993);
			es = "Linear";
			ed = "In";
		};
		};
	{
		tm = .533;
		["Torso"] = {
			cf = cfr(0,.001,0,1,0,0,0,1,.001,0,-.001,1);
			es = "Linear";
			ed = "In";
		};
		["Head"] = {
			cf = cfr(0,0,0,1,0,0,0,1,.011,0,-.011,1);
			es = "Linear";
			ed = "In";
		};
		["Left Leg"] = {
			cf = cfr(0,0,0,1,-.001,0,.001,1,0,0,0,1);
			es = "Linear";
			ed = "In";
		};
		["Right Arm"] = {
			cf = cfr(0,0,0,1,0,0,0,.991,.132,0,-.132,.991);
			es = "Linear";
			ed = "In";
		};
		["Right Leg"] = {
			cf = cfr(0,0,0,1,.001,0,-.001,1,0,0,0,1);
			es = "Linear";
			ed = "In";
		};
		["Left Arm"] = {
			cf = cfr(0,0,0,1,0,0,0,.993,.116,0,-.116,.993);
			es = "Linear";
			ed = "In";
		};
		};
	{
		tm = .55;
		["Torso"] = {
			cf = cfr(0,.001,0,1,0,0,0,1,.001,0,-.001,1);
			es = "Linear";
			ed = "In";
		};
		["Head"] = {
			cf = cfr(0,0,0,1,0,0,0,1,.011,0,-.011,1);
			es = "Linear";
			ed = "In";
		};
		["Left Leg"] = {
			cf = cfr(0,0,0,1,-.001,0,.001,1,0,0,0,1);
			es = "Linear";
			ed = "In";
		};
		["Right Arm"] = {
			cf = cfr(0,0,0,1,0,0,0,.991,.132,0,-.132,.991);
			es = "Linear";
			ed = "In";
		};
		["Right Leg"] = {
			cf = cfr(0,0,0,1,.001,0,-.001,1,0,0,0,1);
			es = "Linear";
			ed = "In";
		};
		["Left Arm"] = {
			cf = cfr(0,0,0,1,0,0,0,.993,.116,0,-.116,.993);
			es = "Linear";
			ed = "In";
		};
		};
	{
		tm = .567;
		["Torso"] = {
			cf = cfr(0,.001,0,1,0,0,0,1,.001,0,-.001,1);
			es = "Linear";
			ed = "In";
		};
		["Head"] = {
			cf = cfr(0,0,0,1,0,0,0,1,.011,0,-.011,1);
			es = "Linear";
			ed = "In";
		};
		["Left Leg"] = {
			cf = cfr(0,0,0,1,-.001,0,.001,1,0,0,0,1);
			es = "Linear";
			ed = "In";
		};
		["Right Arm"] = {
			cf = cfr(0,0,0,1,0,0,0,.991,.132,0,-.132,.991);
			es = "Linear";
			ed = "In";
		};
		["Right Leg"] = {
			cf = cfr(0,0,0,1,.001,0,-.001,1,0,0,0,1);
			es = "Linear";
			ed = "In";
		};
		["Left Arm"] = {
			cf = cfr(0,0,0,1,0,0,0,.993,.116,0,-.116,.993);
			es = "Linear";
			ed = "In";
		};
		};
	{
		tm = .583;
		["Torso"] = {
			cf = cfr(0,.001,0,1,0,0,0,1,.001,0,-.001,1);
			es = "Linear";
			ed = "In";
		};
		["Head"] = {
			cf = cfr(0,0,0,1,0,0,0,1,.011,0,-.011,1);
			es = "Linear";
			ed = "In";
		};
		["Left Leg"] = {
			cf = cfr(0,0,0,1,-.002,0,.002,1,0,0,0,1);
			es = "Linear";
			ed = "In";
		};
		["Right Arm"] = {
			cf = cfr(0,0,0,1,0,0,0,.991,.133,0,-.133,.991);
			es = "Linear";
			ed = "In";
		};
		["Right Leg"] = {
			cf = cfr(0,0,0,1,.001,0,-.001,1,0,0,0,1);
			es = "Linear";
			ed = "In";
		};
		["Left Arm"] = {
			cf = cfr(0,0,0,1,0,0,0,.993,.116,0,-.116,.993);
			es = "Linear";
			ed = "In";
		};
		};
	{
		tm = .6;
		["Torso"] = {
			cf = cfr(0,.001,0,1,0,0,0,1,.002,0,-.002,1);
			es = "Linear";
			ed = "In";
		};
		["Head"] = {
			cf = cfr(0,0,0,1,0,0,0,1,.011,0,-.011,1);
			es = "Linear";
			ed = "In";
		};
		["Left Leg"] = {
			cf = cfr(0,0,0,1,-.002,0,.002,1,0,0,0,1);
			es = "Linear";
			ed = "In";
		};
		["Right Arm"] = {
			cf = cfr(0,0,0,1,0,0,0,.991,.133,0,-.133,.991);
			es = "Linear";
			ed = "In";
		};
		["Right Leg"] = {
			cf = cfr(0,0,0,1,.001,0,-.001,1,0,0,0,1);
			es = "Linear";
			ed = "In";
		};
		["Left Arm"] = {
			cf = cfr(0,0,0,1,0,0,0,.993,.116,0,-.116,.993);
			es = "Linear";
			ed = "In";
		};
		};
	{
		tm = .617;
		["Torso"] = {
			cf = cfr(0,.001,0,1,0,0,0,1,.002,0,-.002,1);
			es = "Linear";
			ed = "In";
		};
		["Head"] = {
			cf = cfr(0,0,0,1,0,0,0,1,.011,0,-.011,1);
			es = "Linear";
			ed = "In";
		};
		["Left Leg"] = {
			cf = cfr(0,0,0,1,-.002,0,.002,1,0,0,0,1);
			es = "Linear";
			ed = "In";
		};
		["Right Arm"] = {
			cf = cfr(0,0,0,1,0,0,0,.991,.133,0,-.133,.991);
			es = "Linear";
			ed = "In";
		};
		["Right Leg"] = {
			cf = cfr(0,0,0,1,.001,0,-.001,1,0,0,0,1);
			es = "Linear";
			ed = "In";
		};
		["Left Arm"] = {
			cf = cfr(0,0,0,1,0,0,0,.993,.116,0,-.116,.993);
			es = "Linear";
			ed = "In";
		};
		};
	{
		tm = .633;
		["Torso"] = {
			cf = cfr(0,.001,0,1,0,0,0,1,.002,0,-.002,1);
			es = "Linear";
			ed = "In";
		};
		["Head"] = {
			cf = cfr(0,0,0,1,0,0,0,1,.011,0,-.011,1);
			es = "Linear";
			ed = "In";
		};
		["Left Leg"] = {
			cf = cfr(0,0,0,1,-.002,0,.002,1,0,0,0,1);
			es = "Linear";
			ed = "In";
		};
		["Right Arm"] = {
			cf = cfr(0,0,0,1,0,0,0,.991,.133,0,-.133,.991);
			es = "Linear";
			ed = "In";
		};
		["Right Leg"] = {
			cf = cfr(0,0,0,1,.001,0,-.001,1,0,0,0,1);
			es = "Linear";
			ed = "In";
		};
		["Left Arm"] = {
			cf = cfr(0,0,0,1,0,0,0,.993,.117,0,-.117,.993);
			es = "Linear";
			ed = "In";
		};
		};
	{
		tm = .65;
		["Torso"] = {
			cf = cfr(0,.002,0,1,0,0,0,1,.002,0,-.002,1);
			es = "Linear";
			ed = "In";
		};
		["Head"] = {
			cf = cfr(0,0,0,1,0,0,0,1,.011,0,-.011,1);
			es = "Linear";
			ed = "In";
		};
		["Left Leg"] = {
			cf = cfr(0,0,0,1,-.002,0,.002,1,0,0,0,1);
			es = "Linear";
			ed = "In";
		};
		["Right Arm"] = {
			cf = cfr(0,0,0,1,0,0,0,.991,.133,0,-.133,.991);
			es = "Linear";
			ed = "In";
		};
		["Right Leg"] = {
			cf = cfr(0,0,0,1,.002,0,-.002,1,0,0,0,1);
			es = "Linear";
			ed = "In";
		};
		["Left Arm"] = {
			cf = cfr(0,0,0,1,0,0,0,.993,.117,0,-.117,.993);
			es = "Linear";
			ed = "In";
		};
		};
	{
		tm = .667;
		["Torso"] = {
			cf = cfr(0,.002,0,1,0,0,0,1,.002,0,-.002,1);
			es = "Linear";
			ed = "In";
		};
		["Head"] = {
			cf = cfr(0,0,0,1,0,0,0,1,.011,0,-.011,1);
			es = "Linear";
			ed = "In";
		};
		["Left Leg"] = {
			cf = cfr(0,0,0,1,-.002,0,.002,1,0,0,0,1);
			es = "Linear";
			ed = "In";
		};
		["Right Arm"] = {
			cf = cfr(0,0,0,1,0,0,0,.991,.133,0,-.133,.991);
			es = "Linear";
			ed = "In";
		};
		["Right Leg"] = {
			cf = cfr(0,0,0,1,.002,0,-.002,1,0,0,0,1);
			es = "Linear";
			ed = "In";
		};
		["Left Arm"] = {
			cf = cfr(0,0,0,1,0,0,0,.993,.117,0,-.117,.993);
			es = "Linear";
			ed = "In";
		};
		};
	{
		tm = .683;
		["Torso"] = {
			cf = cfr(0,.002,0,1,0,0,0,1,.002,0,-.002,1);
			es = "Linear";
			ed = "In";
		};
		["Head"] = {
			cf = cfr(0,0,0,1,0,0,0,1,.011,0,-.011,1);
			es = "Linear";
			ed = "In";
		};
		["Left Leg"] = {
			cf = cfr(0,0,0,1,-.003,0,.003,1,0,0,0,1);
			es = "Linear";
			ed = "In";
		};
		["Right Arm"] = {
			cf = cfr(0,0,0,1,0,0,0,.991,.133,0,-.133,.991);
			es = "Linear";
			ed = "In";
		};
		["Right Leg"] = {
			cf = cfr(0,0,0,1,.002,0,-.002,1,0,0,0,1);
			es = "Linear";
			ed = "In";
		};
		["Left Arm"] = {
			cf = cfr(0,0,0,1,0,0,0,.993,.117,0,-.117,.993);
			es = "Linear";
			ed = "In";
		};
		};
	{
		tm = .7;
		["Torso"] = {
			cf = cfr(0,.002,0,1,0,0,0,1,.003,0,-.003,1);
			es = "Linear";
			ed = "In";
		};
		["Head"] = {
			cf = cfr(0,0,0,1,0,0,0,1,.011,0,-.011,1);
			es = "Linear";
			ed = "In";
		};
		["Left Leg"] = {
			cf = cfr(0,0,0,1,-.003,0,.003,1,0,0,0,1);
			es = "Linear";
			ed = "In";
		};
		["Right Arm"] = {
			cf = cfr(0,0,0,1,0,0,0,.991,.133,0,-.133,.991);
			es = "Linear";
			ed = "In";
		};
		["Right Leg"] = {
			cf = cfr(0,0,0,1,.002,0,-.002,1,0,0,0,1);
			es = "Linear";
			ed = "In";
		};
		["Left Arm"] = {
			cf = cfr(0,0,0,1,0,0,0,.993,.117,0,-.117,.993);
			es = "Linear";
			ed = "In";
		};
		};
	{
		tm = .717;
		["Torso"] = {
			cf = cfr(0,.002,0,1,0,0,0,1,.003,0,-.003,1);
			es = "Linear";
			ed = "In";
		};
		["Head"] = {
			cf = cfr(0,0,0,1,0,0,0,1,.011,0,-.011,1);
			es = "Linear";
			ed = "In";
		};
		["Left Leg"] = {
			cf = cfr(0,0,0,1,-.003,0,.003,1,0,0,0,1);
			es = "Linear";
			ed = "In";
		};
		["Right Arm"] = {
			cf = cfr(0,0,0,1,0,0,0,.991,.133,0,-.133,.991);
			es = "Linear";
			ed = "In";
		};
		["Right Leg"] = {
			cf = cfr(0,0,0,1,.002,0,-.002,1,0,0,0,1);
			es = "Linear";
			ed = "In";
		};
		["Left Arm"] = {
			cf = cfr(0,0,0,1,0,0,0,.993,.117,0,-.117,.993);
			es = "Linear";
			ed = "In";
		};
		};
	{
		tm = .733;
		["Torso"] = {
			cf = cfr(0,.002,0,1,0,0,0,1,.003,0,-.003,1);
			es = "Linear";
			ed = "In";
		};
		["Head"] = {
			cf = cfr(0,0,0,1,0,0,0,1,.011,0,-.011,1);
			es = "Linear";
			ed = "In";
		};
		["Left Leg"] = {
			cf = cfr(0,0,0,1,-.003,0,.003,1,0,0,0,1);
			es = "Linear";
			ed = "In";
		};
		["Right Arm"] = {
			cf = cfr(0,0,0,1,0,0,0,.991,.133,0,-.133,.991);
			es = "Linear";
			ed = "In";
		};
		["Right Leg"] = {
			cf = cfr(0,0,0,1,.002,0,-.002,1,0,0,0,1);
			es = "Linear";
			ed = "In";
		};
		["Left Arm"] = {
			cf = cfr(0,0,0,1,0,0,0,.993,.118,0,-.118,.993);
			es = "Linear";
			ed = "In";
		};
		};
	{
		tm = .75;
		["Torso"] = {
			cf = cfr(0,.002,0,1,0,0,0,1,.003,0,-.003,1);
			es = "Linear";
			ed = "In";
		};
		["Head"] = {
			cf = cfr(0,0,0,1,0,0,0,1,.011,0,-.011,1);
			es = "Linear";
			ed = "In";
		};
		["Left Leg"] = {
			cf = cfr(0,0,0,1,-.003,0,.003,1,0,0,0,1);
			es = "Linear";
			ed = "In";
		};
		["Right Arm"] = {
			cf = cfr(0,0,0,1,0,0,0,.991,.133,0,-.133,.991);
			es = "Linear";
			ed = "In";
		};
		["Right Leg"] = {
			cf = cfr(0,0,0,1,.002,0,-.002,1,0,0,0,1);
			es = "Linear";
			ed = "In";
		};
		["Left Arm"] = {
			cf = cfr(0,0,0,1,0,0,0,.993,.118,0,-.118,.993);
			es = "Linear";
			ed = "In";
		};
		};
	{
		tm = .767;
		["Torso"] = {
			cf = cfr(0,.003,0,1,0,0,0,1,.003,0,-.003,1);
			es = "Linear";
			ed = "In";
		};
		["Head"] = {
			cf = cfr(0,0,0,1,0,0,0,1,.011,0,-.011,1);
			es = "Linear";
			ed = "In";
		};
		["Left Leg"] = {
			cf = cfr(0,0,0,1,-.004,0,.004,1,0,0,0,1);
			es = "Linear";
			ed = "In";
		};
		["Right Arm"] = {
			cf = cfr(0,0,0,1,0,0,0,.991,.134,0,-.134,.991);
			es = "Linear";
			ed = "In";
		};
		["Right Leg"] = {
			cf = cfr(0,0,0,1,.002,0,-.002,1,0,0,0,1);
			es = "Linear";
			ed = "In";
		};
		["Left Arm"] = {
			cf = cfr(0,0,0,1,0,0,0,.993,.118,0,-.118,.993);
			es = "Linear";
			ed = "In";
		};
		};
	{
		tm = .783;
		["Torso"] = {
			cf = cfr(0,.003,0,1,0,0,0,1,.004,0,-.004,1);
			es = "Linear";
			ed = "In";
		};
		["Head"] = {
			cf = cfr(0,0,0,1,0,0,0,1,.011,0,-.011,1);
			es = "Linear";
			ed = "In";
		};
		["Left Leg"] = {
			cf = cfr(0,0,0,1,-.004,0,.004,1,0,0,0,1);
			es = "Linear";
			ed = "In";
		};
		["Right Arm"] = {
			cf = cfr(0,0,0,1,0,0,0,.991,.134,0,-.134,.991);
			es = "Linear";
			ed = "In";
		};
		["Right Leg"] = {
			cf = cfr(0,0,0,1,.003,0,-.003,1,0,0,0,1);
			es = "Linear";
			ed = "In";
		};
		["Left Arm"] = {
			cf = cfr(0,0,0,1,0,0,0,.993,.118,0,-.118,.993);
			es = "Linear";
			ed = "In";
		};
		};
	{
		tm = .8;
		["Torso"] = {
			cf = cfr(0,.003,0,1,0,0,0,1,.004,0,-.004,1);
			es = "Linear";
			ed = "In";
		};
		["Head"] = {
			cf = cfr(0,0,0,1,0,0,0,1,.011,0,-.011,1);
			es = "Linear";
			ed = "In";
		};
		["Left Leg"] = {
			cf = cfr(0,0,0,1,-.004,0,.004,1,0,0,0,1);
			es = "Linear";
			ed = "In";
		};
		["Right Arm"] = {
			cf = cfr(0,0,0,1,0,0,0,.991,.134,0,-.134,.991);
			es = "Linear";
			ed = "In";
		};
		["Right Leg"] = {
			cf = cfr(0,0,0,1,.003,0,-.003,1,0,0,0,1);
			es = "Linear";
			ed = "In";
		};
		["Left Arm"] = {
			cf = cfr(0,0,0,1,0,0,0,.993,.118,0,-.118,.993);
			es = "Linear";
			ed = "In";
		};
		};
	{
		tm = .817;
		["Torso"] = {
			cf = cfr(0,.003,0,1,0,0,0,1,.004,0,-.004,1);
			es = "Linear";
			ed = "In";
		};
		["Head"] = {
			cf = cfr(0,0,0,1,0,0,0,1,.012,0,-.012,1);
			es = "Linear";
			ed = "In";
		};
		["Left Leg"] = {
			cf = cfr(0,0,0,1,-.004,0,.004,1,0,0,0,1);
			es = "Linear";
			ed = "In";
		};
		["Right Arm"] = {
			cf = cfr(0,0,0,1,0,0,0,.991,.134,0,-.134,.991);
			es = "Linear";
			ed = "In";
		};
		["Right Leg"] = {
			cf = cfr(0,0,0,1,.003,0,-.003,1,0,0,0,1);
			es = "Linear";
			ed = "In";
		};
		["Left Arm"] = {
			cf = cfr(0,0,0,1,0,0,0,.993,.119,0,-.119,.993);
			es = "Linear";
			ed = "In";
		};
		};
	{
		tm = .833;
		["Torso"] = {
			cf = cfr(0,.003,0,1,0,0,0,1,.004,0,-.004,1);
			es = "Linear";
			ed = "In";
		};
		["Head"] = {
			cf = cfr(0,0,0,1,0,0,0,1,.012,0,-.012,1);
			es = "Linear";
			ed = "In";
		};
		["Left Leg"] = {
			cf = cfr(0,0,0,1,-.005,0,.005,1,0,0,0,1);
			es = "Linear";
			ed = "In";
		};
		["Right Arm"] = {
			cf = cfr(0,0,0,1,0,0,0,.991,.134,0,-.134,.991);
			es = "Linear";
			ed = "In";
		};
		["Right Leg"] = {
			cf = cfr(0,0,0,1,.003,0,-.003,1,0,0,0,1);
			es = "Linear";
			ed = "In";
		};
		["Left Arm"] = {
			cf = cfr(0,0,0,1,0,0,0,.993,.119,0,-.119,.993);
			es = "Linear";
			ed = "In";
		};
		};
	{
		tm = .85;
		["Torso"] = {
			cf = cfr(0,.003,0,1,0,0,0,1,.005,0,-.005,1);
			es = "Linear";
			ed = "In";
		};
		["Head"] = {
			cf = cfr(0,0,0,1,0,0,0,1,.012,0,-.012,1);
			es = "Linear";
			ed = "In";
		};
		["Left Leg"] = {
			cf = cfr(0,0,0,1,-.005,0,.005,1,0,0,0,1);
			es = "Linear";
			ed = "In";
		};
		["Right Arm"] = {
			cf = cfr(0,0,0,1,0,0,0,.991,.134,0,-.134,.991);
			es = "Linear";
			ed = "In";
		};
		["Right Leg"] = {
			cf = cfr(0,0,0,1,.003,0,-.003,1,0,0,0,1);
			es = "Linear";
			ed = "In";
		};
		["Left Arm"] = {
			cf = cfr(0,0,0,1,0,0,0,.993,.119,0,-.119,.993);
			es = "Linear";
			ed = "In";
		};
		};
	{
		tm = .867;
		["Torso"] = {
			cf = cfr(0,.004,0,1,0,0,0,1,.005,0,-.005,1);
			es = "Linear";
			ed = "In";
		};
		["Head"] = {
			cf = cfr(0,0,0,1,0,0,0,1,.012,0,-.012,1);
			es = "Linear";
			ed = "In";
		};
		["Left Leg"] = {
			cf = cfr(0,0,0,1,-.005,0,.005,1,0,0,0,1);
			es = "Linear";
			ed = "In";
		};
		["Right Arm"] = {
			cf = cfr(0,0,0,1,0,0,0,.991,.134,0,-.134,.991);
			es = "Linear";
			ed = "In";
		};
		["Right Leg"] = {
			cf = cfr(0,0,0,1,.004,0,-.004,1,0,0,0,1);
			es = "Linear";
			ed = "In";
		};
		["Left Arm"] = {
			cf = cfr(0,0,0,1,0,0,0,.993,.119,0,-.119,.993);
			es = "Linear";
			ed = "In";
		};
		};
	{
		tm = .883;
		["Torso"] = {
			cf = cfr(0,.004,0,1,0,0,0,1,.005,0,-.005,1);
			es = "Linear";
			ed = "In";
		};
		["Head"] = {
			cf = cfr(0,0,0,1,0,0,0,1,.012,0,-.012,1);
			es = "Linear";
			ed = "In";
		};
		["Left Leg"] = {
			cf = cfr(0,0,0,1,-.006,0,.006,1,0,0,0,1);
			es = "Linear";
			ed = "In";
		};
		["Right Arm"] = {
			cf = cfr(0,0,0,1,0,0,0,.991,.135,0,-.135,.991);
			es = "Linear";
			ed = "In";
		};
		["Right Leg"] = {
			cf = cfr(0,0,0,1,.004,0,-.004,1,0,0,0,1);
			es = "Linear";
			ed = "In";
		};
		["Left Arm"] = {
			cf = cfr(0,0,0,1,0,0,0,.993,.12,0,-.12,.993);
			es = "Linear";
			ed = "In";
		};
		};
	{
		tm = .9;
		["Torso"] = {
			cf = cfr(0,.004,0,1,0,0,0,1,.005,0,-.005,1);
			es = "Linear";
			ed = "In";
		};
		["Head"] = {
			cf = cfr(0,0,0,1,0,0,0,1,.012,0,-.012,1);
			es = "Linear";
			ed = "In";
		};
		["Left Leg"] = {
			cf = cfr(0,0,0,1,-.006,0,.006,1,0,0,0,1);
			es = "Linear";
			ed = "In";
		};
		["Right Arm"] = {
			cf = cfr(0,0,0,1,0,0,0,.991,.135,0,-.135,.991);
			es = "Linear";
			ed = "In";
		};
		["Right Leg"] = {
			cf = cfr(0,0,0,1,.004,0,-.004,1,0,0,0,1);
			es = "Linear";
			ed = "In";
		};
		["Left Arm"] = {
			cf = cfr(0,0,0,1,0,0,0,.993,.12,0,-.12,.993);
			es = "Linear";
			ed = "In";
		};
		};
	{
		tm = .917;
		["Torso"] = {
			cf = cfr(0,.004,0,1,0,0,0,1,.006,0,-.006,1);
			es = "Linear";
			ed = "In";
		};
		["Head"] = {
			cf = cfr(0,0,0,1,0,0,0,1,.012,0,-.012,1);
			es = "Linear";
			ed = "In";
		};
		["Left Leg"] = {
			cf = cfr(0,0,0,1,-.006,0,.006,1,0,0,0,1);
			es = "Linear";
			ed = "In";
		};
		["Right Arm"] = {
			cf = cfr(0,0,0,1,0,0,0,.991,.135,0,-.135,.991);
			es = "Linear";
			ed = "In";
		};
		["Right Leg"] = {
			cf = cfr(0,0,0,1,.004,0,-.004,1,0,0,0,1);
			es = "Linear";
			ed = "In";
		};
		["Left Arm"] = {
			cf = cfr(0,0,0,1,0,0,0,.993,.12,0,-.12,.993);
			es = "Linear";
			ed = "In";
		};
		};
	{
		tm = .933;
		["Torso"] = {
			cf = cfr(0,.005,0,1,0,0,0,1,.006,0,-.006,1);
			es = "Linear";
			ed = "In";
		};
		["Head"] = {
			cf = cfr(0,0,0,1,0,0,0,1,.012,0,-.012,1);
			es = "Linear";
			ed = "In";
		};
		["Left Leg"] = {
			cf = cfr(0,0,0,1,-.007,0,.007,1,0,0,0,1);
			es = "Linear";
			ed = "In";
		};
		["Right Arm"] = {
			cf = cfr(0,0,0,1,0,0,0,.991,.135,0,-.135,.991);
			es = "Linear";
			ed = "In";
		};
		["Right Leg"] = {
			cf = cfr(0,0,0,1,.004,0,-.004,1,0,0,0,1);
			es = "Linear";
			ed = "In";
		};
		["Left Arm"] = {
			cf = cfr(0,0,0,1,0,0,0,.993,.121,0,-.121,.993);
			es = "Linear";
			ed = "In";
		};
		};
	{
		tm = .95;
		["Torso"] = {
			cf = cfr(0,.005,0,1,0,0,0,1,.006,0,-.006,1);
			es = "Linear";
			ed = "In";
		};
		["Head"] = {
			cf = cfr(0,0,0,1,0,0,0,1,.012,0,-.012,1);
			es = "Linear";
			ed = "In";
		};
		["Left Leg"] = {
			cf = cfr(0,0,0,1,-.007,0,.007,1,0,0,0,1);
			es = "Linear";
			ed = "In";
		};
		["Right Arm"] = {
			cf = cfr(0,0,0,1,0,0,0,.991,.135,0,-.135,.991);
			es = "Linear";
			ed = "In";
		};
		["Right Leg"] = {
			cf = cfr(0,0,0,1,.005,0,-.005,1,0,0,0,1);
			es = "Linear";
			ed = "In";
		};
		["Left Arm"] = {
			cf = cfr(0,0,0,1,0,0,0,.993,.121,0,-.121,.993);
			es = "Linear";
			ed = "In";
		};
		};
	{
		tm = .967;
		["Torso"] = {
			cf = cfr(0,.005,0,1,0,0,0,1,.007,0,-.007,1);
			es = "Linear";
			ed = "In";
		};
		["Head"] = {
			cf = cfr(0,0,0,1,0,0,0,1,.012,0,-.012,1);
			es = "Linear";
			ed = "In";
		};
		["Left Leg"] = {
			cf = cfr(0,0,0,1,-.007,0,.007,1,0,0,0,1);
			es = "Linear";
			ed = "In";
		};
		["Right Arm"] = {
			cf = cfr(0,0,0,1,0,0,0,.991,.135,0,-.135,.991);
			es = "Linear";
			ed = "In";
		};
		["Right Leg"] = {
			cf = cfr(0,0,0,1,.005,0,-.005,1,0,0,0,1);
			es = "Linear";
			ed = "In";
		};
		["Left Arm"] = {
			cf = cfr(0,0,0,1,0,0,0,.993,.121,0,-.121,.993);
			es = "Linear";
			ed = "In";
		};
		};
	{
		tm = .983;
		["Torso"] = {
			cf = cfr(0,.005,-.001,1,0,0,0,1,.007,0,-.007,1);
			es = "Linear";
			ed = "In";
		};
		["Head"] = {
			cf = cfr(0,0,0,1,0,0,0,1,.012,0,-.012,1);
			es = "Linear";
			ed = "In";
		};
		["Left Leg"] = {
			cf = cfr(0,0,0,1,-.008,0,.008,1,0,0,0,1);
			es = "Linear";
			ed = "In";
		};
		["Right Arm"] = {
			cf = cfr(0,0,0,1,0,0,0,.991,.136,0,-.136,.991);
			es = "Linear";
			ed = "In";
		};
		["Right Leg"] = {
			cf = cfr(0,0,0,1,.005,0,-.005,1,0,0,0,1);
			es = "Linear";
			ed = "In";
		};
		["Left Arm"] = {
			cf = cfr(0,0,0,1,0,0,0,.993,.122,0,-.122,.993);
			es = "Linear";
			ed = "In";
		};
		};
	{
		tm = 1;
		["Torso"] = {
			cf = cfr(0,.006,-.001,1,0,0,0,1,.007,0,-.007,1);
			es = "Linear";
			ed = "In";
		};
		["Head"] = {
			cf = cfr(0,0,0,1,0,0,0,1,.012,0,-.012,1);
			es = "Linear";
			ed = "In";
		};
		["Left Leg"] = {
			cf = cfr(0,0,0,1,-.008,0,.008,1,0,0,0,1);
			es = "Linear";
			ed = "In";
		};
		["Right Arm"] = {
			cf = cfr(0,0,0,1,0,0,0,.991,.136,0,-.136,.991);
			es = "Linear";
			ed = "In";
		};
		["Right Leg"] = {
			cf = cfr(0,0,0,1,.006,0,-.006,1,0,0,0,1);
			es = "Linear";
			ed = "In";
		};
		["Left Arm"] = {
			cf = cfr(0,0,0,1,0,0,0,.993,.122,0,-.122,.993);
			es = "Linear";
			ed = "In";
		};
		};
	{
		tm = 1.017;
		["Torso"] = {
			cf = cfr(0,.006,-.001,1,0,0,0,1,.008,0,-.008,1);
			es = "Linear";
			ed = "In";
		};
		["Head"] = {
			cf = cfr(0,0,0,1,0,0,0,1,.012,0,-.012,1);
			es = "Linear";
			ed = "In";
		};
		["Left Leg"] = {
			cf = cfr(0,0,0,1,-.009,0,.009,1,0,0,0,1);
			es = "Linear";
			ed = "In";
		};
		["Right Arm"] = {
			cf = cfr(0,0,0,1,0,0,0,.991,.136,0,-.136,.991);
			es = "Linear";
			ed = "In";
		};
		["Right Leg"] = {
			cf = cfr(0,0,0,1,.006,0,-.006,1,0,0,0,1);
			es = "Linear";
			ed = "In";
		};
		["Left Arm"] = {
			cf = cfr(0,0,0,1,0,0,0,.993,.122,0,-.122,.993);
			es = "Linear";
			ed = "In";
		};
		};
	{
		tm = 1.033;
		["Torso"] = {
			cf = cfr(0,.006,-.001,1,0,0,0,1,.008,0,-.008,1);
			es = "Linear";
			ed = "In";
		};
		["Head"] = {
			cf = cfr(0,0,0,1,0,0,0,1,.012,0,-.012,1);
			es = "Linear";
			ed = "In";
		};
		["Left Leg"] = {
			cf = cfr(0,0,0,1,-.009,0,.009,1,0,0,0,1);
			es = "Linear";
			ed = "In";
		};
		["Right Arm"] = {
			cf = cfr(0,0,0,1,0,0,0,.991,.136,0,-.136,.991);
			es = "Linear";
			ed = "In";
		};
		["Right Leg"] = {
			cf = cfr(0,0,0,1,.006,0,-.006,1,0,0,0,1);
			es = "Linear";
			ed = "In";
		};
		["Left Arm"] = {
			cf = cfr(0,0,0,1,0,0,0,.992,.123,0,-.123,.992);
			es = "Linear";
			ed = "In";
		};
		};
	{
		tm = 1.05;
		["Torso"] = {
			cf = cfr(0,.007,-.001,1,0,0,0,1,.008,0,-.008,1);
			es = "Linear";
			ed = "In";
		};
		["Head"] = {
			cf = cfr(0,0,0,1,0,0,0,1,.012,0,-.012,1);
			es = "Linear";
			ed = "In";
		};
		["Left Leg"] = {
			cf = cfr(0,0,0,1,-.009,0,.009,1,0,0,0,1);
			es = "Linear";
			ed = "In";
		};
		["Right Arm"] = {
			cf = cfr(0,0,0,1,0,0,0,.991,.137,0,-.137,.991);
			es = "Linear";
