-- // converted using mech's animoduler
local cfr = CFrame.new

return {
	{
		tm = 0;
		["Torso"] = {
			tm = .033;
			cf = cfr(0,-.048,-.631,1,0,0,0,.995,-.102,0,.102,.995);
			es = "Linear";
			ed = "In";
		};
		["Head"] = {
			tm = .033;
			cf = cfr(0,0,.018,1,0,0,0,.998,.058,0,-.058,.998);
			es = "Linear";
			ed = "In";
		};
		["Left Leg"] = {
			tm = .033;
			cf = cfr(-.885,-.104,-.009,.647,-.762,0,.762,.647,0,0,0,1);
			es = "Linear";
			ed = "In";
		};
		["Left Arm"] = {
			tm = .033;
			cf = cfr(-.897,-.483,.066,-.927,.172,-.332,-.31,.145,.94,.209,.974,-.081);
			es = "Linear";
			ed = "In";
		};
		["Right Arm"] = {
			tm = .033;
			cf = cfr(.882,-.274,.186,-.912,-.334,.239,.259,-.018,.966,-.318,.942,.103);
			es = "Linear";
			ed = "In";
		};
		["Right Leg"] = {
			tm = .033;
			cf = cfr(-.043,-.02,-.011,.296,-.955,0,.955,.296,0,0,0,1);
			es = "Linear";
			ed = "In";
		};
	};
	{
		tm = .033;
		["Torso"] = {
			tm = .034;
			cf = cfr(0,-.053,-.587,1,0,0,0,.995,-.102,0,.102,.995);
			es = "Linear";
			ed = "In";
		};
		["Left Arm"] = {
			tm = .034;
			cf = cfr(-.897,-.483,.066,-.918,.172,-.357,-.335,.144,.931,.212,.974,-.075);
			es = "Linear";
			ed = "In";
		};
		["Right Leg"] = {
			tm = .034;
			cf = cfr(.076,.398,.002,.627,-.778,-.042,.778,.628,-.02,.042,-.02,.999);
			es = "Linear";
			ed = "In";
		};
		["Left Leg"] = {
			tm = .034;
			cf = cfr(-.806,-.08,.065,.664,-.742,.086,.742,.669,.043,-.089,.036,.995);
			es = "Linear";
			ed = "In";
		};
		["Right Arm"] = {
			tm = .034;
			cf = cfr(.882,-.274,.186,-.906,-.334,.261,.283,-.017,.959,-.316,.942,.11);
			es = "Linear";
			ed = "In";
		};
		["Head"] = {
			tm = .034;
			cf = cfr(0,0,.018,1,0,0,0,.998,.058,0,-.058,.998);
			es = "Linear";
			ed = "In";
		};
	};
	{
		tm = .067;
		["Torso"] = {
			tm = .033;
			cf = cfr(0,-.062,-.492,1,0,0,0,.995,-.102,0,.102,.995);
			es = "Linear";
			ed = "In";
		};
		["Left Arm"] = {
			tm = .033;
			cf = cfr(-.897,-.483,.066,-.891,.172,-.42,-.399,.144,.905,.216,.974,-.06);
			es = "Linear";
			ed = "In";
		};
		["Head"] = {
			tm = .033;
			cf = cfr(0,0,.018,1,0,0,0,.998,.058,0,-.058,.998);
			es = "Linear";
			ed = "In";
		};
		["Right Arm"] = {
			tm = .033;
			cf = cfr(.882,-.274,.186,-.886,-.334,.322,.348,-.017,.937,-.308,.942,.131);
			es = "Linear";
			ed = "In";
		};
		["Right Leg"] = {
			tm = .033;
			cf = cfr(.254,.525,.048,.907,-.39,-.162,.393,.92,-.015,.155,-.05,.987);
			es = "Linear";
			ed = "In";
		};
		["Left Leg"] = {
			tm = .033;
			cf = cfr(-.643,-.023,.168,.689,-.684,.24,.681,.724,.109,-.248,.088,.965);
			es = "Linear";
			ed = "In";
		};
	};
	{
		tm = .1;
		["Torso"] = {
			tm = .033;
			cf = cfr(0,-.067,-.448,1,0,0,0,.995,-.102,0,.102,.995);
			es = "Linear";
			ed = "In";
		};
		["Head"] = {
			tm = .033;
			cf = cfr(0,0,.018,1,0,0,0,.998,.058,0,-.058,.998);
			es = "Linear";
			ed = "In";
		};
		["Left Arm"] = {
			tm = .033;
			cf = cfr(-.897,-.483,.066,-.862,.172,-.476,-.456,.145,.878,.22,.974,-.046);
			es = "Linear";
			ed = "In";
		};
		["Right Arm"] = {
			tm = .033;
			cf = cfr(.882,-.274,.186,-.861,-.334,.383,.412,-.018,.911,-.298,.942,.153);
			es = "Linear";
			ed = "In";
		};
		["Left Leg"] = {
			tm = .033;
			cf = cfr(-.596,.022,.196,.712,-.638,.293,.636,.763,.118,-.299,.103,.949);
			es = "Linear";
			ed = "In";
		};
		["Right Leg"] = {
			tm = .033;
			cf = cfr(.386,.478,.084,.968,-.075,-.238,.085,.996,.034,.234,-.053,.971);
			es = "Linear";
			ed = "In";
		};
	};
	{
		tm = .133;
		["Torso"] = {
			tm = .034;
			cf = cfr(0,-.066,-.456,1,0,0,0,.995,-.102,0,.102,.995);
			es = "Linear";
			ed = "In";
		};
		["Left Arm"] = {
			tm = .034;
			cf = cfr(-.897,-.483,.066,-.835,.172,-.523,-.504,.144,.852,.222,.974,-.034);
			es = "Linear";
			ed = "In";
		};
		["Right Arm"] = {
			tm = .034;
			cf = cfr(.882,-.274,.186,-.83,-.334,.446,.479,-.018,.878,-.285,.942,.175);
			es = "Linear";
			ed = "In";
		};
		["Left Leg"] = {
			tm = .034;
			cf = cfr(-.693,.182,.189,.81,-.524,.263,.531,.846,.05,-.249,.099,.963);
			es = "Linear";
			ed = "In";
		};
		["Right Leg"] = {
			tm = .034;
			cf = cfr(.517,.452,.116,.96,.139,-.242,-.132,.99,.042,.246,-.009,.969);
			es = "Linear";
			ed = "In";
		};
		["Head"] = {
			tm = .034;
			cf = cfr(0,0,.018,1,0,0,0,.998,.058,0,-.058,.998);
			es = "Linear";
			ed = "In";
		};
	};
	{
		tm = .167;
		["Torso"] = {
			tm = .033;
			cf = cfr(0,-.063,-.482,1,0,0,0,.995,-.102,0,.102,.995);
			es = "Linear";
			ed = "In";
		};
		["Right Arm"] = {
			tm = .033;
			cf = cfr(.882,-.274,.186,-.792,-.334,.511,.548,-.018,.837,-.27,.942,.197);
			es = "Linear";
			ed = "In";
		};
		["Left Arm"] = {
			tm = .033;
			cf = cfr(-.897,-.483,.066,-.807,.172,-.565,-.547,.144,.824,.223,.974,-.023);
			es = "Linear";
			ed = "In";
		};
		["Right Leg"] = {
			tm = .033;
			cf = cfr(.622,.363,.146,.928,.296,-.224,-.303,.953,.004,.215,.064,.974);
			es = "Linear";
			ed = "In";
		};
		["Head"] = {
			tm = .033;
			cf = cfr(0,0,.018,1,0,0,0,.998,.058,0,-.058,.998);
			es = "Linear";
			ed = "In";
		};
		["Left Leg"] = {
			tm = .033;
			cf = cfr(-.578,.482,.161,.97,-.124,.207,.139,.988,-.064,-.197,.091,.976);
			es = "Linear";
			ed = "In";
		};
	};
	{
		tm = .2;
		["Torso"] = {
			tm = .033;
			cf = cfr(0,-.059,-.52,1,0,0,0,.995,-.102,0,.102,.995);
			es = "Linear";
			ed = "In";
		};
		["Left Leg"] = {
			tm = .033;
			cf = cfr(-.332,.473,.129,.941,.295,.166,-.275,.952,-.133,-.198,.079,.977);
			es = "Linear";
			ed = "In";
		};
		["Right Arm"] = {
			tm = .033;
			cf = cfr(.882,-.274,.186,-.776,-.334,.536,.573,-.018,.819,-.264,.942,.205);
			es = "Linear";
			ed = "In";
		};
		["Left Arm"] = {
			tm = .033;
			cf = cfr(-.897,-.483,.066,-.796,.172,-.581,-.563,.145,.814,.224,.974,-.018);
			es = "Linear";
			ed = "In";
		};
		["Right Leg"] = {
			tm = .033;
			cf = cfr(.687,.295,.16,.888,.405,-.218,-.417,.909,-.008,.195,.098,.976);
			es = "Linear";
			ed = "In";
		};
		["Head"] = {
			tm = .033;
			cf = cfr(0,0,.018,1,0,0,0,.998,.058,0,-.058,.998);
			es = "Linear";
			ed = "In";
		};
	};
	{
		tm = .233;
		["Torso"] = {
			tm = .034;
			cf = cfr(-.016,-.055,-.567,1,0,0,0,.995,-.102,0,.102,.995);
			es = "Linear";
			ed = "In";
		};
		["Right Leg"] = {
			tm = .034;
			cf = cfr(.699,.259,.197,.84,.478,-.258,-.495,.869,-.002,.223,.129,.966);
			es = "Linear";
			ed = "In";
		};
		["Head"] = {
			tm = .034;
			cf = cfr(0,0,.018,1,0,0,0,.998,.058,0,-.058,.998);
			es = "Linear";
			ed = "In";
		};
		["Right Arm"] = {
			tm = .034;
			cf = cfr(.882,-.274,.186,-.805,-.334,.49,.525,-.017,.851,-.276,.942,.189);
			es = "Linear";
			ed = "In";
		};
		["Left Arm"] = {
			tm = .034;
			cf = cfr(-.898,-.483,.066,-.825,.172,-.538,-.519,.144,.843,.222,.975,-.029);
			es = "Linear";
			ed = "In";
		};
		["Left Leg"] = {
			tm = .034;
			cf = cfr(-.134,.288,.071,.782,.609,.134,-.591,.792,-.152,-.199,.039,.979);
			es = "Linear";
			ed = "In";
		};
	};
	{
		tm = .267;
		["Torso"] = {
			tm = .0329;
			cf = cfr(-.051,-.049,-.626,1,0,0,0,.995,-.102,0,.102,.995);
			es = "Linear";
			ed = "In";
		};
		["Right Arm"] = {
			tm = .0329;
			cf = cfr(.882,-.274,.186,-.87,-.334,.364,.392,-.017,.92,-.301,.942,.146);
			es = "Linear";
			ed = "In";
		};
		["Head"] = {
			tm = .0329;
			cf = cfr(0,0,.018,1,0,0,0,.998,.058,0,-.058,.998);
			es = "Linear";
			ed = "In";
		};
		["Right Leg"] = {
			tm = .0329;
			cf = cfr(.678,.251,.262,.796,.511,-.325,-.544,.839,-.014,.266,.188,.945);
			es = "Linear";
			ed = "In";
		};
		["Left Arm"] = {
			tm = .0329;
			cf = cfr(-.898,-.483,.066,-.89,.172,-.422,-.401,.143,.905,.216,.975,-.058);
			es = "Linear";
			ed = "In";
		};
		["Left Leg"] = {
			tm = .0329;
			cf = cfr(.088,-.086,-.017,.465,.879,.104,-.869,.476,-.137,-.17,-.027,.985);
			es = "Linear";
			ed = "In";
		};
	};
	{
		tm = .3;
		["Torso"] = {
			tm = .0330;
			cf = cfr(-.067,-.042,-.689,1,0,0,0,.995,-.102,0,.102,.995);
			es = "Linear";
			ed = "In";
		};
		["Head"] = {
			tm = .0330;
			cf = cfr(0,0,.018,1,0,0,0,.998,.058,0,-.058,.998);
			es = "Linear";
			ed = "In";
		};
		["Left Arm"] = {
			tm = .0330;
			cf = cfr(-.897,-.483,.066,-.934,.172,-.312,-.289,.144,.946,.208,.974,-.085);
			es = "Linear";
			ed = "In";
		};
		["Right Leg"] = {
			tm = .0330;
			cf = cfr(.683,.27,.297,.77,.531,-.354,-.573,.819,-.02,.28,.218,.935);
			es = "Linear";
			ed = "In";
		};
		["Right Arm"] = {
			tm = .0330;
			cf = cfr(.882,-.274,.186,-.911,-.334,.241,.262,-.018,.965,-.318,.942,.104);
			es = "Linear";
			ed = "In";
		};
		["Left Leg"] = {
			tm = .0330;
			cf = cfr(.082,-.086,-.016,.358,.93,.088,-.921,.367,-.129,-.152,-.034,.988);
			es = "Linear";
			ed = "In";
		};
	};
	{
		tm = .333;
		["Torso"] = {
			tm = .0339;
			cf = cfr(-.067,-.034,-.769,1,0,0,0,.995,-.102,0,.102,.995);
			es = "Linear";
			ed = "In";
		};
		["Left Leg"] = {
			tm = .0339;
			cf = cfr(.076,-.093,-.016,.258,.963,.073,-.954,.266,-.136,-.15,-.035,.988);
			es = "Linear";
			ed = "In";
		};
		["Head"] = {
			tm = .0339;
			cf = cfr(0,0,.018,1,0,0,0,.998,.058,0,-.058,.998);
			es = "Linear";
			ed = "In";
		};
		["Right Arm"] = {
			tm = .0339;
			cf = cfr(.882,-.274,.186,-.934,-.334,.129,.143,-.018,.99,-.328,.942,.065);
			es = "Linear";
			ed = "In";
		};
		["Right Leg"] = {
			tm = .0339;
			cf = cfr(.718,.316,.309,.752,.556,-.353,-.599,.8,-.017,.273,.225,.935);
			es = "Linear";
			ed = "In";
		};
		["Left Arm"] = {
			tm = .0339;
			cf = cfr(-.897,-.484,.066,-.961,.172,-.216,-.192,.146,.97,.198,.974,-.108);
			es = "Linear";
			ed = "In";
		};
	};
	{
		tm = .367;
		["Torso"] = {
			tm = .0330;
			cf = cfr(-.067,-.025,-.856,1,0,0,0,.995,-.102,0,.102,.995);
			es = "Linear";
			ed = "In";
		};
		["Left Arm"] = {
			tm = .0330;
			cf = cfr(-.897,-.483,.066,-.977,.172,-.124,-.1,.145,.984,.187,.974,-.125);
			es = "Linear";
			ed = "In";
		};
		["Head"] = {
			tm = .0330;
			cf = cfr(0,0,.018,1,0,0,0,.998,.058,0,-.058,.998);
			es = "Linear";
			ed = "In";
		};
		["Right Leg"] = {
			tm = .0330;
			cf = cfr(.757,.377,.308,.745,.575,-.338,-.616,.788,-.019,.256,.222,.941);
			es = "Linear";
			ed = "In";
		};
		["Right Arm"] = {
			tm = .0330;
			cf = cfr(.882,-.274,.186,-.942,-.334,.02,.028,-.018,.999,-.333,.942,.026);
			es = "Linear";
			ed = "In";
		};
		["Left Leg"] = {
			tm = .0330;
			cf = cfr(.07,-.1,-.015,.155,.986,.058,-.977,.162,-.141,-.148,-.035,.988);
			es = "Linear";
			ed = "In";
		};
	};
	{
		tm = .4;
		["Torso"] = {
			tm = .0329;
			cf = cfr(-.067,-.022,-.889,1,0,0,0,.995,-.102,0,.102,.995);
			es = "Linear";
			ed = "In";
		};
		["Left Leg"] = {
			tm = .0329;
			cf = cfr(.068,-.102,-.015,.115,.992,.053,-.982,.122,-.142,-.147,-.035,.988);
			es = "Linear";
			ed = "In";
		};
		["Right Arm"] = {
			tm = .0329;
			cf = cfr(.882,-.274,.186,-.942,-.334,-.019,-.014,-.018,1,-.334,.942,.012);
			es = "Linear";
			ed = "In";
		};
		["Head"] = {
			tm = .0329;
			cf = cfr(0,0,.018,1,0,0,0,.998,.058,0,-.058,.998);
			es = "Linear";
			ed = "In";
		};
		["Left Arm"] = {
			tm = .0329;
			cf = cfr(-.897,-.483,.066,-.981,.172,-.091,-.067,.144,.987,.183,.974,-.13);
			es = "Linear";
			ed = "In";
		};
		["Right Leg"] = {
			tm = .0329;
			cf = cfr(.798,.402,.282,.753,.585,-.301,-.619,.785,-.025,.222,.205,.953);
			es = "Linear";
			ed = "In";
		};
	};
	{
		tm = .433;
		["Torso"] = {
			tm = .0340;
			cf = cfr(-.061,-.034,-.767,1,0,0,0,.995,-.102,0,.102,.995);
			es = "Linear";
			ed = "In";
		};
		["Left Arm"] = {
			tm = .0340;
			cf = cfr(-.897,-.483,.066,-.976,.172,-.137,-.113,.145,.983,.189,.974,-.122);
			es = "Linear";
			ed = "In";
		};
		["Head"] = {
			tm = .0340;
			cf = cfr(0,0,.018,1,0,0,0,.998,.058,0,-.058,.998);
			es = "Linear";
			ed = "In";
		};
		["Left Leg"] = {
			tm = .0340;
			cf = cfr(0,.3,.04,.489,.869,.076,-.86,.495,-.126,-.147,-.004,.989);
			es = "Linear";
			ed = "In";
		};
		["Right Leg"] = {
			tm = .0340;
			cf = cfr(.82,.346,.224,.777,.578,-.25,-.598,.801,-.007,.196,.155,.968);
			es = "Linear";
			ed = "In";
		};
		["Right Arm"] = {
			tm = .0340;
			cf = cfr(.882,-.274,.186,-.942,-.334,.03,.038,-.018,.999,-.333,.942,.03);
			es = "Linear";
			ed = "In";
		};
	};
	{
		tm = .467;
		["Torso"] = {
			tm = .0329;
			cf = cfr(-.045,-.061,-.505,1,0,0,0,.995,-.102,0,.102,.995);
			es = "Linear";
			ed = "In";
		};
		["Left Leg"] = {
			tm = .0329;
			cf = cfr(-.242,.399,.06,.878,.463,.118,-.457,.886,-.078,-.141,.015,.99);
			es = "Linear";
			ed = "In";
		};
		["Right Leg"] = {
			tm = .0329;
			cf = cfr(.771,.273,.135,.845,.503,-.183,-.507,.861,.026,.17,.071,.983);
			es = "Linear";
			ed = "In";
		};
		["Head"] = {
			tm = .0329;
			cf = cfr(0,0,.018,1,0,0,0,.998,.058,0,-.058,.998);
			es = "Linear";
			ed = "In";
		};
		["Left Arm"] = {
			tm = .0329;
			cf = cfr(-.897,-.483,.066,-.954,.172,-.246,-.222,.145,.964,.201,.974,-.1);
			es = "Linear";
			ed = "In";
		};
		["Right Arm"] = {
			tm = .0329;
			cf = cfr(.882,-.274,.186,-.93,-.334,.151,.166,-.019,.986,-.326,.942,.073);
			es = "Linear";
			ed = "In";
		};
	};
	{
		tm = .5;
		["Torso"] = {
			tm = .0330;
			cf = cfr(-.028,-.074,-.382,1,0,0,0,.995,-.102,0,.102,.995);
			es = "Linear";
			ed = "In";
		};
		["Left Arm"] = {
			tm = .0330;
			cf = cfr(-.897,-.483,.066,-.93,.172,-.326,-.304,.145,.942,.209,.974,-.082);
			es = "Linear";
			ed = "In";
		};
		["Head"] = {
			tm = .0330;
			cf = cfr(0,0,.018,1,0,0,0,.998,.058,0,-.058,.998);
			es = "Linear";
			ed = "In";
		};
		["Right Arm"] = {
			tm = .0330;
			cf = cfr(.882,-.274,.186,-.911,-.334,.243,.264,-.018,.964,-.318,.942,.104);
			es = "Linear";
			ed = "In";
		};
		["Right Leg"] = {
			tm = .0330;
			cf = cfr(.708,.305,.097,.908,.39,-.156,-.39,.92,.035,.157,.029,.987);
			es = "Linear";
			ed = "In";
		};
		["Left Leg"] = {
			tm = .0330;
			cf = cfr(-.377,.28,.058,.982,.136,.129,-.132,.99,-.04,-.133,.023,.991);
			es = "Linear";
			ed = "In";
		};
	};
	{
		tm = .533;
		["Torso"] = {
			tm = .0339;
			cf = cfr(-.013,-.073,-.384,1,0,0,0,.995,-.102,0,.102,.995);
			es = "Linear";
			ed = "In";
		};
		["Left Leg"] = {
			tm = .0339;
			cf = cfr(-.543,.247,.069,.98,-.155,.126,.158,.987,-.017,-.122,.036,.992);
			es = "Linear";
			ed = "In";
		};
		["Left Arm"] = {
			tm = .0339;
			cf = cfr(-.897,-.483,.066,-.915,.172,-.364,-.342,.144,.929,.212,.974,-.074);
			es = "Linear";
			ed = "In";
		};
		["Right Arm"] = {
			tm = .0339;
			cf = cfr(.882,-.274,.186,-.896,-.334,.293,.317,-.017,.948,-.312,.942,.121);
			es = "Linear";
			ed = "In";
		};
		["Right Leg"] = {
			tm = .0339;
			cf = cfr(.611,.445,.09,.971,.177,-.159,-.178,.984,.011,.158,.018,.987);
			es = "Linear";
			ed = "In";
		};
		["Head"] = {
			tm = .0339;
			cf = cfr(0,0,.018,1,0,0,0,.998,.058,0,-.058,.998);
			es = "Linear";
			ed = "In";
		};
	};
	{
		tm = .567;
		["Torso"] = {
			tm = .0330;
			cf = cfr(.003,-.072,-.4,1,0,0,0,.995,-.102,0,.102,.995);
			es = "Linear";
			ed = "In";
		};
		["Right Arm"] = {
			tm = .0330;
			cf = cfr(.882,-.274,.186,-.886,-.334,.32,.346,-.017,.938,-.308,.942,.131);
			es = "Linear";
			ed = "In";
		};
		["Left Arm"] = {
			tm = .0330;
			cf = cfr(-.897,-.483,.066,-.909,.172,-.38,-.358,.144,.923,.213,.974,-.07);
			es = "Linear";
			ed = "In";
		};
		["Right Leg"] = {
			tm = .0330;
			cf = cfr(.37,.475,.071,.965,-.211,-.153,.209,.977,-.032,.157,-.001,.988);
			es = "Linear";
			ed = "In";
		};
		["Left Leg"] = {
			tm = .0330;
			cf = cfr(-.608,.118,.068,.919,-.377,.12,.379,.925,.002,-.112,.044,.993);
			es = "Linear";
			ed = "In";
		};
		["Head"] = {
			tm = .0330;
			cf = cfr(0,0,.018,1,0,0,0,.998,.058,0,-.058,.998);
			es = "Linear";
			ed = "In";
		};
	};
	{
		tm = .6;
		["Torso"] = {
			tm = .0330;
			cf = cfr(.023,-.068,-.438,1,0,0,0,.995,-.102,0,.102,.995);
			es = "Linear";
			ed = "In";
		};
		["Left Arm"] = {
			tm = .0330;
			cf = cfr(-.897,-.483,.066,-.908,.172,-.382,-.36,.145,.922,.214,.974,-.069);
			es = "Linear";
			ed = "In";
		};
		["Left Leg"] = {
			tm = .0330;
			cf = cfr(-.609,0,.058,.851,-.515,.105,.517,.856,.006,-.093,.049,.994);
			es = "Linear";
			ed = "In";
		};
		["Head"] = {
			tm = .0330;
			cf = cfr(0,0,.018,1,0,0,0,.998,.058,0,-.058,.998);
			es = "Linear";
			ed = "In";
		};
		["Right Leg"] = {
			tm = .0330;
			cf = cfr(.112,.254,.035,.816,-.557,-.153,.554,.83,-.067,.164,-.03,.986);
			es = "Linear";
			ed = "In";
		};
		["Right Arm"] = {
			tm = .0330;
			cf = cfr(.882,-.274,.186,-.884,-.334,.327,.352,-.018,.936,-.307,.942,.133);
			es = "Linear";
			ed = "In";
		};
	};
	{
		tm = .633;
		["Torso"] = {
			tm = .0340;
			cf = cfr(.054,-.061,-.509,1,0,0,0,.995,-.102,0,.102,.995);
			es = "Linear";
			ed = "In";
		};
		["Right Arm"] = {
			tm = .0340;
			cf = cfr(.882,-.274,.186,-.893,-.334,.301,.325,-.017,.946,-.311,.942,.124);
			es = "Linear";
			ed = "In";
		};
		["Left Leg"] = {
			tm = .0340;
			cf = cfr(-.61,-.075,.07,.782,-.611,.122,.615,.788,.004,-.098,.072,.993);
			es = "Linear";
			ed = "In";
		};
		["Left Arm"] = {
			tm = .0340;
			cf = cfr(-.897,-.483,.066,-.918,.172,-.359,-.337,.145,.93,.212,.974,-.075);
			es = "Linear";
			ed = "In";
		};
		["Head"] = {
			tm = .0340;
			cf = cfr(0,0,.018,1,0,0,0,.998,.058,0,-.058,.998);
			es = "Linear";
			ed = "In";
		};
		["Right Leg"] = {
			tm = .0340;
			cf = cfr(-.038,.083,-.002,.621,-.772,-.135,.773,.632,-.062,.133,-.066,.989);
			es = "Linear";
			ed = "In";
		};
	};
	{
		tm = .667;
		["Torso"] = {
			tm = .0329;
			cf = cfr(.089,-.05,-.614,1,0,0,0,.995,-.102,0,.102,.995);
			es = "Linear";
			ed = "In";
		};
		["Right Arm"] = {
			tm = .0329;
			cf = cfr(.882,-.274,.186,-.915,-.334,.226,.246,-.017,.969,-.32,.942,.098);
			es = "Linear";
			ed = "In";
		};
		["Left Leg"] = {
			tm = .0329;
			cf = cfr(-.634,-.109,.128,.701,-.687,.194,.698,.716,.015,-.149,.125,.981);
			es = "Linear";
			ed = "In";
		};
		["Right Leg"] = {
			tm = .0329;
			cf = cfr(-.011,.295,-.008,.525,-.844,-.107,.849,.529,-.002,.058,-.09,.994);
			es = "Linear";
			ed = "In";
		};
		["Head"] = {
			tm = .0329;
			cf = cfr(0,0,.018,1,0,0,0,.998,.058,0,-.058,.998);
			es = "Linear";
			ed = "In";
		};
		["Left Arm"] = {
			tm = .0329;
			cf = cfr(-.897,-.483,.066,-.941,.172,-.292,-.269,.145,.952,.206,.974,-.09);
			es = "Linear";
			ed = "In";
		};
	};
	{
		tm = .7;
		["Torso"] = {
			tm = .0330;
			cf = cfr(.104,-.041,-.704,1,0,0,0,.995,-.102,0,.102,.995);
			es = "Linear";
			ed = "In";
		};
		["Left Leg"] = {
			tm = .0330;
			cf = cfr(-.644,-.136,.174,.624,-.742,.244,.758,.651,.04,-.188,.16,.969);
			es = "Linear";
			ed = "In";
		};
		["Left Arm"] = {
			tm = .0330;
			cf = cfr(-.897,-.483,.066,-.961,.172,-.216,-.192,.145,.971,.198,.974,-.106);
			es = "Linear";
			ed = "In";
		};
		["Right Leg"] = {
			tm = .0330;
			cf = cfr(-.064,.345,-.027,.387,-.917,-.102,.922,.385,.035,.008,-.108,.994);
			es = "Linear";
			ed = "In";
		};
		["Right Arm"] = {
			tm = .0330;
			cf = cfr(.882,-.274,.186,-.932,-.334,.14,.154,-.018,.988,-.328,.942,.068);
			es = "Linear";
			ed = "In";
		};
		["Head"] = {
			tm = .0330;
			cf = cfr(0,0,.018,1,0,0,0,.998,.058,0,-.058,.998);
			es = "Linear";
			ed = "In";
		};
	};
	{
		tm = .733;
		["Torso"] = {
			tm = .0340;
			cf = cfr(.101,-.033,-.782,1,0,0,0,.995,-.102,0,.102,.995);
			es = "Linear";
			ed = "In";
		};
		["Right Leg"] = {
			tm = .0340;
			cf = cfr(-.1,.27,-.028,.24,-.965,-.101,.971,.238,.034,-.009,-.107,.994);
			es = "Linear";
			ed = "In";
		};
		["Right Arm"] = {
			tm = .0340;
			cf = cfr(.882,-.274,.186,-.942,-.334,.029,.038,-.018,.999,-.333,.942,.03);
			es = "Linear";
			ed = "In";
		};
		["Head"] = {
			tm = .0340;
			cf = cfr(0,0,.018,1,0,0,0,.998,.058,0,-.058,.998);
			es = "Linear";
			ed = "In";
		};
		["Left Leg"] = {
			tm = .0340;
			cf = cfr(-.635,-.174,.196,.55,-.793,.263,.808,.585,.074,-.213,.172,.962);
			es = "Linear";
			ed = "In";
		};
		["Left Arm"] = {
			tm = .0340;
			cf = cfr(-.897,-.483,.066,-.978,.172,-.118,-.094,.144,.985,.186,.975,-.125);
			es = "Linear";
			ed = "In";
		};
	};
	{
		tm = .767;
		["Torso"] = {
			tm = .0330;
			cf = cfr(.091,-.026,-.849,1,0,0,0,.995,-.102,0,.102,.995);
			es = "Linear";
			ed = "In";
		};
		["Right Arm"] = {
			tm = .0330;
			cf = cfr(.882,-.274,.186,-.938,-.334,-.096,-.096,-.018,.995,-.334,.942,-.015);
			es = "Linear";
			ed = "In";
		};
		["Left Arm"] = {
			tm = .0330;
			cf = cfr(-.897,-.483,.066,-.985,.172,-.006,.019,.144,.989,.171,.974,-.146);
			es = "Linear";
			ed = "In";
		};
		["Right Leg"] = {
			tm = .0330;
			cf = cfr(-.116,.226,-.029,.139,-.985,-.098,.99,.136,.037,-.023,-.102,.995);
			es = "Linear";
			ed = "In";
		};
		["Left Leg"] = {
			tm = .0330;
			cf = cfr(-.624,-.205,.21,.486,-.831,.271,.842,.528,.108,-.233,.176,.957);
			es = "Linear";
			ed = "In";
		};
		["Head"] = {
			tm = .0330;
			cf = cfr(0,0,.018,1,0,0,0,.998,.058,0,-.058,.998);
			es = "Linear";
			ed = "In";
		};
	};
	{
		tm = .8;
		["Torso"] = {
			tm = .0329;
			cf = cfr(.078,-.023,-.872,1,0,0,0,.995,-.102,0,.102,.995);
			es = "Linear";
			ed = "In";
		};
		["Head"] = {
			tm = .0329;
			cf = cfr(0,0,.018,1,0,0,0,.998,.058,0,-.058,.998);
			es = "Linear";
			ed = "In";
		};
		["Left Arm"] = {
			tm = .0329;
			cf = cfr(-.897,-.483,.066,-.984,.172,.038,.064,.145,.987,.164,.974,-.153);
			es = "Linear";
			ed = "In";
		};
		["Left Leg"] = {
			tm = .0329;
			cf = cfr(-.653,-.231,.181,.477,-.849,.228,.857,.507,.096,-.197,.15,.969);
			es = "Linear";
			ed = "In";
		};
		["Right Leg"] = {
			tm = .0329;
			cf = cfr(-.118,.228,-.03,.115,-.989,-.092,.993,.112,.042,-.032,-.096,.995);
			es = "Linear";
			ed = "In";
		};
		["Right Arm"] = {
			tm = .0329;
			cf = cfr(.882,-.274,.186,-.931,-.334,-.145,-.148,-.018,.989,-.333,.942,-.033);
			es = "Linear";
			ed = "In";
		};
	};
	{
		tm = .833;
		["Torso"] = {
			tm = .0340;
			cf = cfr(.058,-.028,-.825,1,0,0,0,.995,-.102,0,.102,.995);
			es = "Linear";
			ed = "In";
		};
		["Left Arm"] = {
			tm = .0340;
			cf = cfr(-.897,-.483,.066,-.985,.172,0,.026,.144,.989,.17,.975,-.147);
			es = "Linear";
			ed = "In";
		};
		["Head"] = {
			tm = .0340;
			cf = cfr(0,0,.018,1,0,0,0,.998,.058,0,-.058,.998);
			es = "Linear";
			ed = "In";
		};
		["Right Leg"] = {
			tm = .0340;
			cf = cfr(-.081,.509,-.042,.413,-.908,-.078,.911,.41,.05,-.013,-.092,.996);
			es = "Linear";
			ed = "In";
		};
		["Right Arm"] = {
			tm = .0340;
			cf = cfr(.882,-.274,.186,-.936,-.334,-.114,-.114,-.018,.993,-.334,.942,-.022);
			es = "Linear";
			ed = "In";
		};
		["Left Leg"] = {
			tm = .0340;
			cf = cfr(-.792,-.17,.115,.564,-.813,.142,.819,.573,.031,-.107,.099,.989);
			es = "Linear";
			ed = "In";
		};
	};
	{
		tm = .867;
		["Torso"] = {
			tm = .0330;
			cf = cfr(.033,-.04,-.712,1,0,0,0,.995,-.102,0,.102,.995);
			es = "Linear";
			ed = "In";
		};
		["Left Arm"] = {
			tm = .0330;
			cf = cfr(-.897,-.483,.066,-.981,.172,-.095,-.07,.144,.987,.183,.975,-.129);
			es = "Linear";
			ed = "In";
		};
		["Right Leg"] = {
			tm = .0330;
			cf = cfr(.188,.617,-.035,.804,-.593,-.054,.595,.802,.054,.011,-.075,.997);
			es = "Linear";
			ed = "In";
		};
		["Right Arm"] = {
			tm = .0330;
			cf = cfr(.882,-.274,.186,-.942,-.334,-.029,-.025,-.018,1,-.334,.942,.008);
			es = "Linear";
			ed = "In";
		};
		["Head"] = {
			tm = .0330;
			cf = cfr(0,0,.018,1,0,0,0,.998,.058,0,-.058,.998);
			es = "Linear";
			ed = "In";
		};
		["Left Leg"] = {
			tm = .0330;
			cf = cfr(-.875,.105,.084,.763,-.639,.102,.642,.766,-.003,-.076,.068,.995);
			es = "Linear";
			ed = "In";
		};
	};
	{
		tm = .9;
		["Torso"] = {
			tm = .0330;
			cf = cfr(.023,-.049,-.626,1,0,0,0,.995,-.102,0,.102,.995);
			es = "Linear";
			ed = "In";
		};
		["Right Arm"] = {
			tm = .0330;
			cf = cfr(.882,-.274,.186,-.941,-.334,.052,.061,-.018,.998,-.332,.942,.037);
			es = "Linear";
			ed = "In";
		};
		["Right Leg"] = {
			tm = .0330;
			cf = cfr(.389,.547,-.026,.952,-.304,-.041,.306,.95,.055,.023,-.065,.998);
			es = "Linear";
			ed = "In";
		};
		["Left Arm"] = {
			tm = .0330;
			cf = cfr(-.897,-.483,.066,-.969,.172,-.176,-.152,.145,.978,.193,.974,-.114);
			es = "Linear";
			ed = "In";
		};
		["Head"] = {
			tm = .0330;
			cf = cfr(0,0,.018,1,0,0,0,.998,.058,0,-.058,.998);
			es = "Linear";
			ed = "In";
		};
		["Left Leg"] = {
			tm = .0330;
			cf = cfr(-.811,.287,.073,.894,-.44,.09,.443,.896,-.018,-.072,.056,.996);
			es = "Linear";
			ed = "In";
		};
	};
	{
		tm = .933;
		["Torso"] = {
			tm = .0339;
			cf = cfr(.023,-.053,-.582,1,0,0,0,.995,-.102,0,.102,.995);
			es = "Linear";
			ed = "In";
		};
		["Head"] = {
			tm = .0339;
			cf = cfr(0,0,.018,1,0,0,0,.998,.058,0,-.058,.998);
			es = "Linear";
			ed = "In";
		};
		["Right Arm"] = {
			tm = .0339;
			cf = cfr(.882,-.274,.186,-.933,-.334,.131,.146,-.018,.989,-.328,.942,.065);
			es = "Linear";
			ed = "In";
		};
		["Left Leg"] = {
			tm = .0339;
			cf = cfr(-.763,.32,.069,.93,-.357,.087,.36,.933,-.024,-.072,.054,.996);
			es = "Linear";
			ed = "In";
		};
		["Left Arm"] = {
			tm = .0339;
			cf = cfr(-.897,-.483,.066,-.956,.172,-.236,-.212,.145,.966,.2,.974,-.102);
			es = "Linear";
			ed = "In";
		};
		["Right Leg"] = {
			tm = .0339;
			cf = cfr(.55,.562,-.022,.997,-.056,-.043,.059,.996,.061,.039,-.063,.997);
			es = "Linear";
			ed = "In";
		};
	};
	{
		tm = .967;
		["Torso"] = {
			tm = .0330;
			cf = cfr(.023,-.055,-.562,1,0,0,0,.995,-.102,0,.102,.995);
			es = "Linear";
			ed = "In";
		};
		["Left Arm"] = {
			tm = .0330;
			cf = cfr(-.897,-.483,.066,-.943,.172,-.286,-.263,.145,.954,.205,.974,-.091);
			es = "Linear";
			ed = "In";
		};
		["Left Leg"] = {
			tm = .0330;
			cf = cfr(-.745,.317,.067,.938,-.335,.086,.338,.941,-.026,-.073,.053,.996);
			es = "Linear";
			ed = "In";
		};
		["Head"] = {
			tm = .0330;
			cf = cfr(0,0,.018,1,0,0,0,.998,.058,0,-.058,.998);
			es = "Linear";
			ed = "In";
		};
		["Right Leg"] = {
			tm = .0330;
			cf = cfr(.688,.487,-.013,.983,.176,-.046,-.173,.983,.067,.057,-.058,.997);
			es = "Linear";
			ed = "In";
		};
		["Right Arm"] = {
			tm = .0330;
			cf = cfr(.882,-.274,.186,-.919,-.334,.211,.23,-.018,.973,-.321,.942,.093);
			es = "Linear";
			ed = "In";
		};
	};
	{
		tm = 1;
		["Torso"] = {
			tm = .0329;
			cf = cfr(.023,-.055,-.559,1,0,0,0,.995,-.102,0,.102,.995);
			es = "Linear";
			ed = "In";
		};
		["Right Leg"] = {
			tm = .0329;
			cf = cfr(.772,.365,0,.932,.359,-.049,-.355,.932,.074,.073,-.051,.996);
			es = "Linear";
			ed = "In";
		};
		["Left Leg"] = {
			tm = .0329;
			cf = cfr(-.702,.38,.065,.968,-.237,.082,.24,.97,-.033,-.071,.052,.996);
			es = "Linear";
			ed = "In";
		};
		["Head"] = {
			tm = .0329;
			cf = cfr(0,0,.018,1,0,0,0,.998,.058,0,-.058,.998);
			es = "Linear";
			ed = "In";
		};
		["Left Arm"] = {
			tm = .0329;
			cf = cfr(-.897,-.483,.066,-.938,.172,-.302,-.28,.144,.949,.207,.974,-.087);
			es = "Linear";
			ed = "In";
		};
		["Right Arm"] = {
			tm = .0329;
			cf = cfr(.882,-.274,.186,-.911,-.334,.241,.261,-.018,.965,-.318,.942,.103);
			es = "Linear";
			ed = "In";
		};
	};
	{
		tm = 1.033;
		["Torso"] = {
			tm = .0340;
			cf = cfr(.011,-.051,-.599,1,0,0,0,.995,-.102,0,.102,.995);
			es = "Linear";
			ed = "In";
		};
		["Head"] = {
			tm = .0340;
			cf = cfr(0,0,.018,1,0,0,0,.998,.058,0,-.058,.998);
			es = "Linear";
			ed = "In";
		};
		["Right Leg"] = {
			tm = .0340;
			cf = cfr(.823,.228,.026,.849,.524,-.067,-.519,.851,.077,.097,-.031,.995);
			es = "Linear";
			ed = "In";
		};
		["Left Arm"] = {
			tm = .0340;
			cf = cfr(-.897,-.483,.066,-.947,.172,-.273,-.25,.144,.958,.204,.974,-.094);
			es = "Linear";
			ed = "In";
		};
		["Left Leg"] = {
			tm = .0340;
			cf = cfr(-.561,.657,.068,.997,.033,.071,-.03,.998,-.05,-.072,.047,.996);
			es = "Linear";
			ed = "In";
		};
		["Right Arm"] = {
			tm = .0340;
			cf = cfr(.882,-.274,.186,-.919,-.334,.208,.227,-.018,.974,-.322,.942,.092);
			es = "Linear";
			ed = "In";
		};
	};
	{
		tm = 1.067;
		["Torso"] = {
			tm = .0330;
			cf = cfr(-.019,-.04,-.706,1,0,0,0,.995,-.102,0,.102,.995);
			es = "Linear";
			ed = "In";
		};
		["Right Leg"] = {
			tm = .0330;
			cf = cfr(.842,.085,.082,.722,.683,-.114,-.677,.731,.086,.142,.016,.99);
			es = "Linear";
			ed = "In";
		};
		["Left Arm"] = {
			tm = .0330;
			cf = cfr(-.897,-.483,.066,-.966,.172,-.194,-.17,.145,.975,.196,.974,-.11);
			es = "Linear";
			ed = "In";
		};
		["Right Arm"] = {
			tm = .0330;
			cf = cfr(.882,-.274,.186,-.935,-.334,.122,.136,-.018,.991,-.329,.942,.062);
			es = "Linear";
			ed = "In";
		};
		["Left Leg"] = {
			tm = .0330;
			cf = cfr(-.066,.848,.06,.804,.592,.051,-.589,.805,-.071,-.083,.027,.996);
			es = "Linear";
			ed = "In";
		};
		["Head"] = {
			tm = .0330;
			cf = cfr(0,0,.018,1,0,0,0,.998,.058,0,-.058,.998);
			es = "Linear";
			ed = "In";
		};
	};
	{
		tm = 1.1;
		["Torso"] = {
			tm = .0329;
			cf = cfr(-.049,-.03,-.812,1,0,0,0,.995,-.102,0,.102,.995);
			es = "Linear";
			ed = "In";
		};
		["Left Leg"] = {
			tm = .0329;
			cf = cfr(.127,.471,.029,.31,.95,.031,-.947,.312,-.077,-.083,-.005,.997);
			es = "Linear";
			ed = "In";
		};
		["Head"] = {
			tm = .0329;
			cf = cfr(0,0,.018,1,0,0,0,.998,.058,0,-.058,.998);
			es = "Linear";
			ed = "In";
		};
		["Right Leg"] = {
			tm = .0329;
			cf = cfr(.807,-.011,.155,.599,.779,-.186,-.774,.623,.116,.206,.075,.976);
			es = "Linear";
			ed = "In";
		};
		["Right Arm"] = {
			tm = .0329;
			cf = cfr(.882,-.274,.186,-.942,-.334,.035,.043,-.018,.999,-.333,.942,.031);
			es = "Linear";
			ed = "In";
		};
		["Left Arm"] = {
			tm = .0329;
			cf = cfr(-.897,-.483,.066,-.979,.172,-.113,-.089,.144,.986,.186,.974,-.126);
			es = "Linear";
			ed = "In";
		};
	};
	{
		tm = 1.133;
		["Torso"] = {
			tm = .0340;
			cf = cfr(-.06,-.025,-.853,1,0,0,0,.995,-.102,0,.102,.995);
			es = "Linear";
			ed = "In";
		};
		["Right Leg"] = {
			tm = .0340;
			cf = cfr(.764,-.028,.204,.546,.803,-.24,-.797,.586,.146,.258,.112,.96);
			es = "Linear";
			ed = "In";
		};
		["Head"] = {
			tm = .0340;
			cf = cfr(0,0,.018,1,0,0,0,.998,.058,0,-.058,.998);
			es = "Linear";
			ed = "In";
		};
		["Right Arm"] = {
			tm = .0340;
			cf = cfr(.882,-.274,.186,-.943,-.334,.001,.007,-.018,1,-.334,.942,.019);
			es = "Linear";
			ed = "In";
		};
		["Left Arm"] = {
			tm = .0340;
			cf = cfr(-.897,-.483,.066,-.982,.172,-.082,-.058,.144,.988,.182,.974,-.132);
			es = "Linear";
			ed = "In";
		};
		["Left Leg"] = {
			tm = .0340;
			cf = cfr(.055,-.068,-.011,-.092,.995,.027,-.994,-.09,-.059,-.056,-.032,.998);
			es = "Linear";
			ed = "In";
		};
	};
	{
		tm = 1.167;
		["Torso"] = {
			tm = .0329;
			cf = cfr(-.049,-.027,-.835,1,0,0,0,.995,-.102,0,.102,.995);
			es = "Linear";
			ed = "In";
		};
		["Left Arm"] = {
			tm = .0329;
			cf = cfr(-.897,-.483,.066,-.98,.172,-.1,-.076,.145,.987,.184,.974,-.129);
			es = "Linear";
			ed = "In";
		};
		["Head"] = {
			tm = .0329;
			cf = cfr(0,0,.018,1,0,0,0,.998,.058,0,-.058,.998);
			es = "Linear";
			ed = "In";
		};
		["Right Leg"] = {
			tm = .0329;
			cf = cfr(.785,.056,.212,.593,.764,-.255,-.759,.636,.14,.269,.111,.957);
			es = "Linear";
			ed = "In";
		};
		["Right Arm"] = {
			tm = .0329;
			cf = cfr(.882,-.274,.186,-.942,-.334,.017,.024,-.018,1,-.334,.942,.025);
			es = "Linear";
			ed = "In";
		};
		["Left Leg"] = {
			tm = .0329;
			cf = cfr(.166,.585,.007,.349,.936,.031,-.936,.35,-.033,-.041,-.017,.999);
			es = "Linear";
			ed = "In";
		};
	};
	{
		tm = 1.2;
		["Torso"] = {
			tm = .0330;
			cf = cfr(-.019,-.032,-.786,1,0,0,0,.995,-.102,0,.102,.995);
			es = "Linear";
			ed = "In";
		};
		["Left Arm"] = {
			tm = .0330;
			cf = cfr(-.897,-.483,.066,-.974,.172,-.15,-.126,.145,.981,.19,.974,-.119);
			es = "Linear";
			ed = "In";
		};
		["Right Leg"] = {
			tm = .0330;
			cf = cfr(.801,.275,.191,.736,.628,-.254,-.624,.774,.104,.262,.082,.962);
			es = "Linear";
			ed = "In";
		};
		["Head"] = {
			tm = .0330;
			cf = cfr(0,0,.018,1,0,0,0,.998,.058,0,-.058,.998);
			es = "Linear";
			ed = "In";
		};
		["Left Leg"] = {
			tm = .0330;
			cf = cfr(.007,1.023,.021,.852,.523,.034,-.523,.852,-.027,-.043,.006,.999);
			es = "Linear";
			ed = "In";
		};
		["Right Arm"] = {
			tm = .0330;
			cf = cfr(.882,-.274,.186,-.94,-.334,.063,.073,-.018,.997,-.332,.942,.041);
			es = "Linear";
			ed = "In";
		};
	};
	{
		tm = 1.233;
		["Torso"] = {
			tm = .0339;
			cf = cfr(.011,-.038,-.726,1,0,0,0,.995,-.102,0,.102,.995);
			es = "Linear";
			ed = "In";
		};
		["Right Arm"] = {
			tm = .0339;
			cf = cfr(.882,-.274,.186,-.935,-.334,.119,.132,-.018,.991,-.329,.942,.061);
			es = "Linear";
			ed = "In";
		};
		["Left Leg"] = {
			tm = .0339;
			cf = cfr(-.706,.738,.057,.979,-.196,.057,.197,.98,-.03,-.05,.041,.998);
			es = "Linear";
			ed = "In";
		};
		["Head"] = {
			tm = .0339;
			cf = cfr(0,0,.018,1,0,0,0,.998,.058,0,-.058,.998);
			es = "Linear";
			ed = "In";
		};
		["Right Leg"] = {
			tm = .0339;
			cf = cfr(.723,.458,.164,.864,.436,-.251,-.434,.898,.067,.255,.051,.966);
			es = "Linear";
			ed = "In";
		};
		["Left Arm"] = {
			tm = .0339;
			cf = cfr(-.897,-.483,.066,-.963,.172,-.206,-.182,.145,.973,.197,.974,-.108);
			es = "Linear";
			ed = "In";
		};
	};
	{
		tm = 1.267;
		["Torso"] = {
			tm = .0330;
			cf = cfr(.023,-.043,-.682,1,0,0,0,.995,-.102,0,.102,.995);
			es = "Linear";
			ed = "In";
		};
		["Right Leg"] = {
			tm = .0330;
			cf = cfr(.667,.494,.152,.907,.34,-.247,-.339,.94,.051,.249,.037,.968);
			es = "Linear";
			ed = "In";
		};
		["Head"] = {
			tm = .0330;
			cf = cfr(0,0,.018,1,0,0,0,.998,.058,0,-.058,.998);
			es = "Linear";
			ed = "In";
		};
		["Left Arm"] = {
			tm = .0330;
			cf = cfr(-.897,-.483,.066,-.956,.172,-.24,-.216,.145,.966,.201,.974,-.101);
			es = "Linear";
			ed = "In";
		};
		["Left Leg"] = {
			tm = .0330;
			cf = cfr(-.829,.39,.067,.911,-.405,.077,.408,.913,-.024,-.061,.053,.997);
			es = "Linear";
			ed = "In";
		};
		["Right Arm"] = {
			tm = .0330;
			cf = cfr(.882,-.274,.186,-.929,-.334,.161,.177,-.018,.984,-.326,.942,.075);
			es = "Linear";
			ed = "In";
		};
	};
	{
		tm = 1.3;
		["Torso"] = {
			tm = .0329;
			cf = cfr(.023,-.046,-.649,1,0,0,0,.995,-.102,0,.102,.995);
			es = "Linear";
			ed = "In";
		};
		["Head"] = {
			tm = .0329;
			cf = cfr(0,0,.018,1,0,0,0,.998,.058,0,-.058,.998);
			es = "Linear";
			ed = "In";
		};
		["Right Leg"] = {
			tm = .0329;
			cf = cfr(.653,.471,.148,.914,.325,-.244,-.324,.945,.048,.246,.035,.969);
			es = "Linear";
			ed = "In";
		};
		["Left Leg"] = {
			tm = .0329;
			cf = cfr(-.821,.348,.067,.907,-.414,.079,.417,.909,-.022,-.063,.053,.997);
			es = "Linear";
			ed = "In";
		};
		["Left Arm"] = {
			tm = .0329;
			cf = cfr(-.897,-.483,.066,-.953,.172,-.251,-.227,.144,.963,.202,.974,-.098);
			es = "Linear";
			ed = "In";
		};
		["Right Arm"] = {
			tm = .0329;
			cf = cfr(.882,-.274,.186,-.923,-.334,.192,.21,-.018,.978,-.323,.942,.086);
			es = "Linear";
			ed = "In";
		};
	};
	{
		tm = 1.333;
		["Torso"] = {
			tm = .0340;
			cf = cfr(.023,-.049,-.624,1,0,0,0,.995,-.102,0,.102,.995);
			es = "Linear";
			ed = "In";
		};
		["Head"] = {
			tm = .0340;
			cf = cfr(0,0,.018,1,0,0,0,.998,.058,0,-.058,.998);
			es = "Linear";
			ed = "In";
		};
		["Left Leg"] = {
			tm = .0340;
			cf = cfr(-.811,.324,.066,.907,-.412,.08,.415,.91,-.021,-.064,.052,.997);
			es = "Linear";
			ed = "In";
		};
		["Left Arm"] = {
			tm = .0340;
			cf = cfr(-.897,-.483,.066,-.952,.172,-.252,-.229,.144,.963,.202,.974,-.098);
			es = "Linear";
			ed = "In";
		};
		["Right Leg"] = {
			tm = .0340;
			cf = cfr(.645,.449,.146,.916,.32,-.242,-.318,.947,.047,.244,.034,.969);
			es = "Linear";
			ed = "In";
		};
		["Right Arm"] = {
			tm = .0340;
			cf = cfr(.882,-.274,.186,-.917,-.334,.217,.237,-.018,.971,-.321,.942,.095);
			es = "Linear";
			ed = "In";
		};
	};
	{
		tm = 1.367;
		["Torso"] = {
			tm = .0329;
			cf = cfr(.023,-.05,-.616,1,0,0,0,.995,-.102,0,.102,.995);
			es = "Linear";
			ed = "In";
		};
		["Right Arm"] = {
			tm = .0329;
			cf = cfr(.882,-.274,.186,-.915,-.334,.226,.245,-.018,.969,-.32,.942,.098);
			es = "Linear";
			ed = "In";
		};
		["Right Leg"] = {
			tm = .0329;
			cf = cfr(.638,.448,.144,.92,.309,-.24,-.307,.951,.045,.242,.033,.97);
			es = "Linear";
			ed = "In";
		};
		["Left Leg"] = {
			tm = .0329;
			cf = cfr(-.808,.314,.066,.907,-.414,.081,.417,.909,-.021,-.065,.052,.997);
			es = "Linear";
			ed = "In";
		};
		["Left Arm"] = {
			tm = .0329;
			cf = cfr(-.897,-.483,.066,-.95,.172,-.262,-.239,.145,.96,.203,.974,-.096);
			es = "Linear";
			ed = "In";
		};
		["Head"] = {
			tm = .0329;
			cf = cfr(0,0,.018,1,0,0,0,.998,.058,0,-.058,.998);
			es = "Linear";
			ed = "In";
		};
	};
	{
		tm = 1.4;
		["Torso"] = {
			tm = .0330;
			cf = cfr(.023,-.046,-.651,1,0,0,0,.995,-.102,0,.102,.995);
			es = "Linear";
			ed = "In";
		};
		["Left Leg"] = {
			tm = .0330;
			cf = cfr(-.827,.336,.067,.9,-.428,.08,.431,.902,-.021,-.063,.053,.997);
			es = "Linear";
			ed = "In";
		};
		["Right Leg"] = {
			tm = .0330;
			cf = cfr(.601,.54,.133,.951,.21,-.228,-.21,.977,.023,.228,.026,.973);
			es = "Linear";
			ed = "In";
		};
		["Head"] = {
			tm = .0330;
			cf = cfr(0,0,.018,1,0,0,0,.998,.058,0,-.058,.998);
			es = "Linear";
			ed = "In";
		};
		["Left Arm"] = {
			tm = .0330;
			cf = cfr(-.897,-.483,.066,-.942,.172,-.29,-.267,.144,.953,.206,.974,-.09);
			es = "Linear";
			ed = "In";
		};
		["Right Arm"] = {
			tm = .0330;
			cf = cfr(.882,-.274,.186,-.916,-.334,.222,.242,-.017,.97,-.32,.942,.097);
			es = "Linear";
			ed = "In";
		};
	};
	{
		tm = 1.433;
		["Torso"] = {
			tm = .0340;
			cf = cfr(.023,-.037,-.735,1,0,0,0,.995,-.102,0,.102,.995);
			es = "Linear";
			ed = "In";
		};
		["Head"] = {
			tm = .0340;
			cf = cfr(0,0,.018,1,0,0,0,.998,.058,0,-.058,.998);
			es = "Linear";
			ed = "In";
		};
		["Right Leg"] = {
			tm = .0340;
			cf = cfr(.436,.712,.106,.978,-.072,-.196,.069,.997,-.023,.197,.009,.98);
			es = "Linear";
			ed = "In";
		};
		["Left Arm"] = {
			tm = .0340;
			cf = cfr(-.897,-.483,.066,-.93,.172,-.325,-.303,.144,.942,.209,.974,-.082);
			es = "Linear";
			ed = "In";
		};
		["Right Arm"] = {
			tm = .0340;
			cf = cfr(.882,-.274,.186,-.92,-.334,.204,.223,-.017,.975,-.322,.942,.09);
			es = "Linear";
			ed = "In";
		};
		["Left Leg"] = {
			tm = .0340;
			cf = cfr(-.863,.401,.07,.89,-.448,.077,.451,.892,-.022,-.059,.054,.997);
			es = "Linear";
			ed = "In";
		};
	};
	{
		tm = 1.467;
		["Torso"] = {
			tm = .0329;
			cf = cfr(.023,-.03,-.803,1,0,0,0,.995,-.102,0,.102,.995);
			es = "Linear";
			ed = "In";
		};
		["Right Leg"] = {
			tm = .0329;
			cf = cfr(.22,.754,.087,.909,-.385,-.161,.379,.923,-.065,.174,-.002,.985);
			es = "Linear";
			ed = "In";
		};
		["Right Arm"] = {
			tm = .0329;
			cf = cfr(.882,-.274,.186,-.928,-.334,.166,.183,-.018,.983,-.325,.942,.077);
			es = "Linear";
			ed = "In";
		};
		["Left Leg"] = {
			tm = .0329;
			cf = cfr(-.887,.448,.071,.88,-.468,.076,.471,.882,-.022,-.057,.055,.997);
			es = "Linear";
			ed = "In";
		};
		["Head"] = {
			tm = .0329;
			cf = cfr(0,0,.018,1,0,0,0,.998,.058,0,-.058,.998);
			es = "Linear";
			ed = "In";
		};
		["Left Arm"] = {
			tm = .0329;
			cf = cfr(-.897,-.483,.066,-.925,.172,-.34,-.318,.145,.937,.21,.974,-.079);
			es = "Linear";
			ed = "In";
		};
	};
	{
		tm = 1.5;
		["Torso"] = {
			tm = .0329;
			cf = cfr(.039,-.026,-.845,1,0,0,0,.995,-.102,0,.102,.995);
			es = "Linear";
			ed = "In";
		};
		["Right Arm"] = {
			tm = .0329;
			cf = cfr(.882,-.274,.186,-.938,-.334,.091,.103,-.018,.995,-.33,.942,.051);
			es = "Linear";
			ed = "In";
		};
		["Right Leg"] = {
			tm = .0329;
			cf = cfr(.015,.638,.05,.694,-.71,-.121,.706,.704,-.078,.141,-.032,.99);
			es = "Linear";
			ed = "In";
		};
		["Head"] = {
			tm = .0329;
			cf = cfr(0,0,.018,1,0,0,0,.998,.058,0,-.058,.998);
			es = "Linear";
			ed = "In";
		};
		["Left Leg"] = {
			tm = .0329;
			cf = cfr(-.966,.264,.076,.774,-.629,.078,.632,.775,-.022,-.047,.066,.997);
			es = "Linear";
			ed = "In";
		};
		["Left Arm"] = {
			tm = .0329;
			cf = cfr(-.897,-.483,.066,-.947,.172,-.272,-.249,.145,.958,.204,.974,-.094);
			es = "Linear";
			ed = "In";
		};
	};
	{
		tm = 1.533;
		["Torso"] = {
			tm = .0340;
			cf = cfr(.075,-.023,-.872,1,0,0,0,.995,-.102,0,.102,.995);
			es = "Linear";
