-- // converted using mech's animoduler
local cfr = CFrame.new

return {
	{
		tm = 0;
		["Torso"] = {
			tm = .042;
			cf = cfr(0,0,-.379,.986,-.028,.163,0,.985,.172,-.165,-.17,.972);
			es = "Linear";
			ed = "In";
		};
		["Left Leg"] = {
			tm = .042;
			cf = cfr(-1.179,.426,.018,.987,.052,-.149,-.022,.981,.194,.156,-.188,.97);
			es = "Linear";
			ed = "In";
		};
		["Right Leg"] = {
			tm = .042;
			cf = cfr(1.098,.107,.04,.993,.117,-.023,-.119,.985,-.123,.009,.124,.992);
			es = "Linear";
			ed = "In";
		};
		["Left Arm"] = {
			tm = .042;
			cf = cfr(.031,.254,-.041,.355,.172,-.919,-.935,.078,-.346,.012,.982,.189);
			es = "Linear";
			ed = "In";
		};
		["Right Arm"] = {
			tm = .042;
			cf = cfr(-.053,-.304,-.052,.13,-.24,.962,.987,-.058,-.148,.091,.969,.23);
			es = "Linear";
			ed = "In";
		};
		["Head"] = {
			tm = .042;
			cf = cfr(-.028,-.029,.164,.985,-.017,-.171,-.03,.964,-.265,.169,.266,.949);
			es = "Linear";
			ed = "In";
		};
	};
	{
		tm = .042;
		["Torso"] = {
			tm = .041;
			cf = cfr(0,0,-.474,.995,-.018,.101,0,.985,.172,-.103,-.171,.98);
			es = "Linear";
			ed = "In";
		};
		["Left Leg"] = {
			tm = .041;
			cf = cfr(-1.066,.446,.018,.941,.244,-.234,-.202,.961,.191,.271,-.133,.953);
			es = "Linear";
			ed = "In";
		};
		["Right Leg"] = {
			tm = .041;
			cf = cfr(1.105,.164,.042,.981,.194,-.018,-.195,.979,-.064,.005,.066,.998);
			es = "Linear";
			ed = "In";
		};
		["Left Arm"] = {
			tm = .041;
			cf = cfr(.032,.184,-.098,.321,.185,-.929,-.947,.058,-.316,-.005,.981,.194);
			es = "Linear";
			ed = "In";
		};
		["Right Arm"] = {
			tm = .041;
			cf = cfr(-.025,-.291,-.008,.166,-.232,.958,.983,-.036,-.179,.076,.972,.222);
			es = "Linear";
			ed = "In";
		};
		["Head"] = {
			tm = .041;
			cf = cfr(-.028,-.029,.164,.998,-.005,-.055,-.009,.964,-.267,.054,.267,.962);
			es = "Linear";
			ed = "In";
		};
	};
	{
		tm = .083;
		["Torso"] = {
			tm = .0419;
			cf = cfr(0,0,-.637,1,.004,-.022,0,.985,.172,.022,-.172,.985);
			es = "Linear";
			ed = "In";
		};
		["Left Leg"] = {
			tm = .0419;
			cf = cfr(-.954,.466,.018,.744,.638,-.197,-.616,.77,.168,.259,-.004,.966);
			es = "Linear";
			ed = "In";
		};
		["Right Leg"] = {
			tm = .0419;
			cf = cfr(1.13,.291,.036,.949,.316,.025,-.316,.948,.042,-.01,-.048,.999);
			es = "Linear";
			ed = "In";
		};
		["Left Arm"] = {
			tm = .0419;
			cf = cfr(.035,.025,-.222,.245,.21,-.946,-.969,.012,-.248,-.041,.978,.207);
			es = "Linear";
			ed = "In";
		};
		["Right Arm"] = {
			tm = .0419;
			cf = cfr(.036,-.262,.088,.245,-.21,.946,.969,.012,-.248,.041,.978,.207);
			es = "Linear";
			ed = "In";
		};
		["Head"] = {
			tm = .0419;
			cf = cfr(-.028,-.029,.164,.998,.006,.062,.011,.964,-.267,-.061,.267,.962);
			es = "Linear";
			ed = "In";
		};
	};
	{
		tm = .125;
		["Torso"] = {
			tm = .0420;
			cf = cfr(0,0,-.727,.992,.021,-.123,0,.985,.172,.125,-.171,.977);
			es = "Linear";
			ed = "In";
		};
		["Left Leg"] = {
			tm = .0420;
			cf = cfr(-1.026,.324,.039,.207,.978,.019,-.978,.208,-.022,-.025,-.014,1);
			es = "Linear";
			ed = "In";
		};
		["Right Leg"] = {
			tm = .0420;
			cf = cfr(1.173,.429,.015,.926,.366,.091,-.375,.92,.112,-.042,-.138,.99);
			es = "Linear";
			ed = "In";
		};
		["Left Arm"] = {
			tm = .0420;
			cf = cfr(.039,-.14,-.339,.166,.232,-.958,-.983,-.036,-.179,-.076,.972,.222);
			es = "Linear";
			ed = "In";
		};
		["Right Arm"] = {
			tm = .0420;
			cf = cfr(.097,-.234,.185,.321,-.185,.929,.947,.058,-.316,.005,.981,.194);
			es = "Linear";
			ed = "In";
		};
		["Head"] = {
			tm = .0420;
			cf = cfr(-.005,-.025,.141,1,.001,.013,.002,.964,-.267,-.013,.267,.964);
			es = "Linear";
			ed = "In";
		};
	};
	{
		tm = .167;
		["Torso"] = {
			tm = .0409;
			cf = cfr(0,0,-.748,.986,.028,-.163,0,.985,.172,.165,-.17,.972);
			es = "Linear";
			ed = "In";
		};
		["Left Leg"] = {
			tm = .0409;
			cf = cfr(-1.098,.107,.04,-.201,.977,.068,-.968,-.187,-.17,-.153,-.1,.983);
			es = "Linear";
			ed = "In";
		};
		["Right Leg"] = {
			tm = .0409;
			cf = cfr(1.197,.532,0,.923,.354,.152,-.375,.916,.143,-.089,-.189,.978);
			es = "Linear";
			ed = "In";
		};
		["Left Arm"] = {
			tm = .0409;
			cf = cfr(.04,-.229,-.379,.13,.24,-.962,-.987,-.058,-.148,-.091,.969,.23);
			es = "Linear";
			ed = "In";
		};
		["Right Arm"] = {
			tm = .0409;
			cf = cfr(.125,-.221,.228,.355,-.172,.919,.935,.078,-.346,-.012,.982,.189);
			es = "Linear";
			ed = "In";
		};
		["Head"] = {
			tm = .0409;
			cf = cfr(.02,-.021,.117,.999,-.003,-.035,-.006,.964,-.267,.035,.267,.963);
			es = "Linear";
			ed = "In";
		};
	};
	{
		tm = .208;
		["Torso"] = {
			tm = .0420;
			cf = cfr(0,0,-.723,.986,.028,-.163,0,.985,.172,.165,-.17,.972);
			es = "Linear";
			ed = "In";
		};
		["Left Leg"] = {
			tm = .0420;
			cf = cfr(-.913,.019,.016,-.196,.973,.122,-.979,-.188,-.073,-.049,-.133,.99);
			es = "Linear";
			ed = "In";
		};
		["Right Leg"] = {
			tm = .0420;
			cf = cfr(1.051,.575,-.001,.956,.24,.17,-.267,.95,.162,-.123,-.2,.972);
			es = "Linear";
			ed = "In";
		};
		["Left Arm"] = {
			tm = .0420;
			cf = cfr(.036,-.23,-.335,.13,.24,-.962,-.987,-.058,-.148,-.091,.969,.23);
			es = "Linear";
			ed = "In";
		};
		["Right Arm"] = {
			tm = .0420;
			cf = cfr(.104,-.198,.205,.355,-.172,.919,.935,.078,-.346,-.012,.982,.189);
			es = "Linear";
			ed = "In";
		};
		["Head"] = {
			tm = .0420;
			cf = cfr(.024,-.021,.122,1,-.001,-.014,-.002,.964,-.267,.014,.267,.964);
			es = "Linear";
			ed = "In";
		};
	};
	{
		tm = .25;
		["Torso"] = {
			tm = .0419;
			cf = cfr(0,0,-.649,.986,.028,-.163,0,.985,.172,.165,-.17,.972);
			es = "Linear";
			ed = "In";
		};
		["Left Leg"] = {
			tm = .0419;
			cf = cfr(-.727,.007,.013,-.102,.982,.157,-.993,-.111,.049,.066,-.151,.986);
			es = "Linear";
			ed = "In";
		};
		["Right Leg"] = {
			tm = .0419;
			cf = cfr(.904,.583,0,.985,.081,.152,-.108,.978,.178,-.134,-.192,.972);
			es = "Linear";
			ed = "In";
		};
		["Left Arm"] = {
			tm = .0419;
			cf = cfr(.026,-.195,-.262,.13,.24,-.962,-.987,-.058,-.148,-.091,.969,.23);
			es = "Linear";
			ed = "In";
		};
		["Right Arm"] = {
			tm = .0419;
			cf = cfr(.054,-.142,.148,.355,-.172,.919,.935,.078,-.346,-.012,.982,.189);
			es = "Linear";
			ed = "In";
		};
		["Head"] = {
			tm = .0419;
			cf = cfr(.026,-.023,.134,.999,.004,.037,.006,.964,-.267,-.037,.267,.963);
			es = "Linear";
			ed = "In";
		};
	};
	{
		tm = .292;
		["Torso"] = {
			tm = .0410;
			cf = cfr(0,0,-.535,.987,.028,-.161,0,.985,.172,.163,-.17,.972);
			es = "Linear";
			ed = "In";
		};
		["Left Leg"] = {
			tm = .0410;
			cf = cfr(-.796,.011,.014,.332,.941,.071,-.943,.328,.051,.025,-.084,.996);
			es = "Linear";
			ed = "In";
		};
		["Right Leg"] = {
			tm = .0410;
			cf = cfr(.975,.558,0,.987,.017,.157,-.047,.982,.185,-.151,-.19,.97);
			es = "Linear";
			ed = "In";
		};
		["Left Arm"] = {
			tm = .0410;
			cf = cfr(.014,-.137,-.174,.13,.24,-.962,-.987,-.058,-.148,-.091,.969,.23);
			es = "Linear";
			ed = "In";
		};
		["Right Arm"] = {
			tm = .0410;
			cf = cfr(-.005,-.076,.079,.355,-.172,.919,.935,.078,-.346,-.012,.982,.189);
			es = "Linear";
			ed = "In";
		};
		["Head"] = {
			tm = .0410;
			cf = cfr(.027,-.026,.148,.995,.01,.099,.017,.964,-.266,-.097,.267,.959);
			es = "Linear";
			ed = "In";
		};
	};
	{
		tm = .333;
		["Torso"] = {
			tm = .0419;
			cf = cfr(0,0,-.427,.988,.026,-.149,0,.985,.172,.151,-.17,.974);
			es = "Linear";
			ed = "In";
		};
		["Left Leg"] = {
			tm = .0419;
			cf = cfr(-.946,.036,.021,.889,.458,.005,-.456,.888,-.059,-.031,.05,.998);
			es = "Linear";
			ed = "In";
		};
		["Right Leg"] = {
			tm = .0419;
			cf = cfr(1.107,.499,.004,.986,.003,.168,-.035,.982,.188,-.164,-.191,.968);
			es = "Linear";
			ed = "In";
		};
		["Left Arm"] = {
			tm = .0419;
			cf = cfr(.005,-.068,-.087,.13,.24,-.962,-.987,-.058,-.148,-.091,.969,.23);
			es = "Linear";
			ed = "In";
		};
		["Right Arm"] = {
			tm = .0419;
			cf = cfr(-.055,-.023,.019,.355,-.172,.919,.935,.078,-.346,-.012,.982,.189);
			es = "Linear";
			ed = "In";
		};
		["Head"] = {
			tm = .0419;
			cf = cfr(.028,-.028,.159,.989,.015,.149,.026,.964,-.265,-.148,.266,.953);
			es = "Linear";
			ed = "In";
		};
	};
	{
		tm = .375;
		["Torso"] = {
			tm = .0419;
			cf = cfr(0,0,-.379,.993,.02,-.117,0,.985,.172,.118,-.171,.978);
			es = "Linear";
			ed = "In";
		};
		["Left Leg"] = {
			tm = .0419;
			cf = cfr(-1.098,.107,.04,.993,-.117,.023,.119,.985,-.123,-.009,.124,.992);
			es = "Linear";
			ed = "In";
		};
		["Right Leg"] = {
			tm = .0419;
			cf = cfr(1.179,.426,.018,.987,-.052,.149,.022,.981,.194,-.156,-.188,.97);
			es = "Linear";
			ed = "In";
		};
		["Left Arm"] = {
			tm = .0419;
			cf = cfr(0,-.003,-.015,.13,.24,-.962,-.987,-.058,-.148,-.091,.969,.23);
			es = "Linear";
			ed = "In";
		};
		["Right Arm"] = {
			tm = .0419;
			cf = cfr(-.076,-.004,-.01,.355,-.172,.919,.935,.078,-.346,-.012,.982,.189);
			es = "Linear";
			ed = "In";
		};
		["Head"] = {
			tm = .0419;
			cf = cfr(.028,-.029,.164,.985,.017,.171,.03,.964,-.265,-.169,.266,.949);
			es = "Linear";
			ed = "In";
		};
	};
	{
		tm = .417;
		["Torso"] = {
			tm = .0410;
			cf = cfr(0,0,-.484,.999,.009,-.052,0,.985,.172,.053,-.172,.984);
			es = "Linear";
			ed = "In";
		};
		["Left Leg"] = {
			tm = .0410;
			cf = cfr(-1.185,.383,.02,.94,-.341,.019,.341,.937,-.079,.009,.081,.997);
			es = "Linear";
			ed = "In";
		};
		["Right Leg"] = {
			tm = .0410;
			cf = cfr(.967,.347,.041,.964,-.26,.061,.251,.959,.129,-.093,-.109,.99);
			es = "Linear";
			ed = "In";
		};
		["Left Arm"] = {
			tm = .0410;
			cf = cfr(.016,.121,-.033,.246,.204,-.948,-.969,.065,-.237,.013,.977,.214);
			es = "Linear";
			ed = "In";
		};
		["Right Arm"] = {
			tm = .0410;
			cf = cfr(-.067,-.129,-.006,.245,-.199,.949,.97,.059,-.237,-.009,.978,.208);
			es = "Linear";
			ed = "In";
		};
		["Head"] = {
			tm = .0410;
			cf = cfr(.019,-.014,.082,.999,.005,.054,.009,.964,-.267,-.053,.267,.962);
			es = "Linear";
			ed = "In";
		};
	};
	{
		tm = .458;
		["Torso"] = {
			tm = .0419;
			cf = cfr(0,0,-.681,1,-.004,.021,0,.985,.172,-.022,-.172,.985);
			es = "Linear";
			ed = "In";
		};
		["Left Leg"] = {
			tm = .0419;
			cf = cfr(-1.21,.608,-.013,.905,-.425,-.004,.425,.905,.011,-.001,-.011,1);
			es = "Linear";
			ed = "In";
		};
		["Right Leg"] = {
			tm = .0419;
			cf = cfr(.712,.21,.046,.778,-.627,-.033,.627,.779,-.013,.034,-.011,.999);
			es = "Linear";
			ed = "In";
		};
		["Left Arm"] = {
			tm = .0419;
			cf = cfr(.031,.254,-.041,.353,.154,-.923,-.928,.184,-.325,.119,.971,.208);
			es = "Linear";
			ed = "In";
		};
		["Right Arm"] = {
			tm = .0419;
			cf = cfr(-.053,-.304,-.052,.131,-.224,.966,.991,.037,-.126,-.008,.974,.227);
			es = "Linear";
			ed = "In";
		};
		["Head"] = {
			tm = .0419;
			cf = cfr(0,0,0,.998,-.006,-.064,-.011,.964,-.267,.063,.267,.962);
			es = "Linear";
			ed = "In";
		};
	};
	{
		tm = .5;
		["Torso"] = {
			tm = .0420;
			cf = cfr(0,0,-.823,.997,-.013,.074,0,.985,.172,-.075,-.172,.982);
			es = "Linear";
			ed = "In";
		};
		["Left Leg"] = {
			tm = .0420;
			cf = cfr(-1.206,.581,-.003,.825,-.565,-.02,.564,.819,.105,-.043,-.098,.994);
			es = "Linear";
			ed = "In";
		};
		["Right Leg"] = {
			tm = .0420;
			cf = cfr(.67,-.001,.014,.315,-.946,-.07,.939,.322,-.121,.137,-.027,.99);
			es = "Linear";
			ed = "In";
		};
		["Left Arm"] = {
			tm = .0420;
			cf = cfr(.028,.292,.091,.353,.154,-.923,-.928,.184,-.325,.119,.971,.208);
			es = "Linear";
			ed = "In";
		};
		["Right Arm"] = {
			tm = .0420;
			cf = cfr(-.046,-.307,-.22,.131,-.224,.966,.991,.037,-.126,-.008,.974,.227);
			es = "Linear";
			ed = "In";
		};
		["Head"] = {
			tm = .0420;
			cf = cfr(-.017,-.012,.07,.999,-.005,-.042,-.007,.963,-.268,.042,.268,.962);
			es = "Linear";
			ed = "In";
		};
	};
	{
		tm = .542;
		["Torso"] = {
			tm = .0409;
			cf = cfr(0,0,-.872,.994,-.02,.112,0,.985,.172,-.113,-.171,.979);
			es = "Linear";
			ed = "In";
		};
		["Left Leg"] = {
			tm = .0409;
			cf = cfr(-1.201,.555,.007,.763,-.645,-.031,.642,.752,.15,-.074,-.135,.988);
			es = "Linear";
			ed = "In";
		};
		["Right Leg"] = {
			tm = .0409;
			cf = cfr(.654,-.119,-.01,-.002,-.998,-.069,.987,.01,-.162,.162,-.069,.984);
			es = "Linear";
			ed = "In";
		};
		["Left Arm"] = {
			tm = .0409;
			cf = cfr(.024,.292,.184,.353,.154,-.923,-.928,.184,-.325,.119,.971,.208);
			es = "Linear";
			ed = "In";
		};
		["Right Arm"] = {
			tm = .0409;
			cf = cfr(-.045,-.257,-.334,.131,-.224,.966,.991,.037,-.126,-.008,.974,.227);
			es = "Linear";
			ed = "In";
		};
		["Head"] = {
			tm = .0409;
			cf = cfr(-.024,-.024,.139,1,-.002,-.011,-.001,.963,-.27,.011,.27,.963);
			es = "Linear";
			ed = "In";
		};
	};
	{
		tm = .583;
		["Torso"] = {
			tm = .0420;
			cf = cfr(0,0,-.839,.989,-.026,.146,0,.985,.172,-.149,-.17,.974);
			es = "Linear";
			ed = "In";
		};
		["Left Leg"] = {
			tm = .0420;
			cf = cfr(-1.206,.581,-.003,.837,-.546,-.033,.544,.825,.15,-.054,-.144,.988);
			es = "Linear";
			ed = "In";
		};
		["Right Leg"] = {
			tm = .0420;
			cf = cfr(.601,-.022,.003,.008,-.998,-.069,.987,.019,-.162,.163,-.067,.984);
			es = "Linear";
			ed = "In";
		};
		["Left Arm"] = {
			tm = .0420;
			cf = cfr(.025,.282,.147,.353,.154,-.923,-.928,.184,-.325,.119,.971,.208);
			es = "Linear";
			ed = "In";
		};
		["Right Arm"] = {
			tm = .0420;
			cf = cfr(-.046,-.264,-.284,.131,-.224,.966,.991,.037,-.126,-.008,.974,.227);
			es = "Linear";
			ed = "In";
		};
		["Head"] = {
			tm = .0420;
			cf = cfr(-.023,-.023,.134,1,0,-.001,0,.963,-.269,.001,.269,.963);
			es = "Linear";
			ed = "In";
		};
	};
	{
		tm = .625;
		["Torso"] = {
			tm = .0420;
			cf = cfr(0,0,-.739,.986,-.028,.163,0,.985,.172,-.165,-.17,.972);
			es = "Linear";
			ed = "In";
		};
		["Left Leg"] = {
			tm = .0420;
			cf = cfr(-1.21,.608,-.013,.936,-.35,-.037,.352,.924,.151,-.019,-.154,.988);
			es = "Linear";
			ed = "In";
		};
		["Right Leg"] = {
			tm = .0420;
			cf = cfr(.565,.087,.021,.077,-.995,-.069,.983,.087,-.159,.164,-.056,.985);
			es = "Linear";
			ed = "In";
		};
		["Left Arm"] = {
			tm = .0420;
			cf = cfr(.027,.275,.081,.353,.154,-.923,-.928,.184,-.325,.119,.971,.208);
			es = "Linear";
			ed = "In";
		};
		["Right Arm"] = {
			tm = .0420;
			cf = cfr(-.049,-.28,-.194,.131,-.224,.966,.991,.037,-.126,-.008,.974,.227);
			es = "Linear";
			ed = "In";
		};
		["Head"] = {
			tm = .0420;
			cf = cfr(-.022,-.022,.128,1,0,0,0,.964,-.267,0,.267,.964);
			es = "Linear";
			ed = "In";
		};
	};
	{
		tm = .667;
		["Torso"] = {
			tm = .0409;
			cf = cfr(0,0,-.587,.986,-.028,.163,0,.985,.172,-.165,-.17,.972);
			es = "Linear";
			ed = "In";
		};
		["Left Leg"] = {
			tm = .0409;
			cf = cfr(-1.209,.561,-.005,.977,-.207,-.042,.211,.964,.164,.007,-.169,.986);
			es = "Linear";
			ed = "In";
		};
		["Right Leg"] = {
			tm = .0409;
			cf = cfr(.693,.097,.029,.453,-.889,-.068,.877,.458,-.147,.162,.007,.987);
			es = "Linear";
			ed = "In";
		};
		["Left Arm"] = {
			tm = .0409;
			cf = cfr(.028,.286,.04,.357,.154,-.921,-.928,.166,-.333,.102,.974,.202);
			es = "Linear";
			ed = "In";
		};
		["Right Arm"] = {
			tm = .0409;
			cf = cfr(-.051,-.297,-.136,.127,-.231,.965,.992,.015,-.127,.015,.973,.23);
			es = "Linear";
			ed = "In";
		};
		["Head"] = {
			tm = .0409;
			cf = cfr(-.023,-.024,.137,.999,-.004,-.044,-.008,.964,-.266,.044,.267,.963);
			es = "Linear";
			ed = "In";
		};
	};
	{
		tm = .708;
		["Torso"] = {
			tm = .0420;
			cf = cfr(0,0,-.443,.986,-.028,.163,0,.985,.172,-.165,-.17,.972);
			es = "Linear";
			ed = "In";
		};
		["Left Leg"] = {
			tm = .0420;
			cf = cfr(-1.201,.474,.01,.993,-.097,-.07,.108,.978,.18,.051,-.187,.981);
			es = "Linear";
			ed = "In";
		};
		["Right Leg"] = {
			tm = .0420;
			cf = cfr(.938,.097,.033,.919,-.39,-.053,.381,.916,-.129,.099,.099,.99);
			es = "Linear";
			ed = "In";
		};
		["Left Arm"] = {
			tm = .0420;
			cf = cfr(.029,.292,.01,.362,.157,-.919,-.93,.125,-.345,.06,.98,.192);
			es = "Linear";
			ed = "In";
		};
		["Right Arm"] = {
			tm = .0420;
			cf = cfr(-.053,-.307,-.099,.123,-.241,.963,.991,-.029,-.134,.06,.97,.235);
			es = "Linear";
			ed = "In";
		};
		["Head"] = {
			tm = .0420;
			cf = cfr(-.026,-.027,.155,.992,-.012,-.127,-.022,.964,-.265,.125,.266,.956);
			es = "Linear";
			ed = "In";
		};
	};
	{
		tm = .75;
		["Torso"] = {
			tm = .0420;
			cf = cfr(0,0,-.379,.986,-.028,.163,0,.985,.172,-.165,-.17,.972);
			es = "Linear";
			ed = "In";
		};
		["Left Leg"] = {
			tm = .0420;
			cf = cfr(-1.179,.426,.018,.987,.052,-.149,-.022,.981,.194,.156,-.188,.97);
			es = "Linear";
			ed = "In";
		};
		["Right Leg"] = {
			tm = .0420;
			cf = cfr(1.098,.107,.04,.993,.117,-.023,-.119,.985,-.123,.009,.124,.992);
			es = "Linear";
			ed = "In";
		};
		["Left Arm"] = {
			tm = .0420;
			cf = cfr(.031,.254,-.041,.355,.172,-.919,-.935,.078,-.346,.012,.982,.189);
			es = "Linear";
			ed = "In";
		};
		["Right Arm"] = {
			tm = .0420;
			cf = cfr(-.053,-.304,-.052,.13,-.24,.962,.987,-.058,-.148,.091,.969,.23);
			es = "Linear";
			ed = "In";
		};
		["Head"] = {
			tm = .0420;
			cf = cfr(-.028,-.029,.164,.985,-.017,-.171,-.03,.964,-.265,.169,.266,.949);
			es = "Linear";
			ed = "In";
		};
	};
	{
		tm = .792;
		["Torso"] = {
			tm = .0409;
			cf = cfr(0,0,-.474,.995,-.018,.101,0,.985,.172,-.103,-.171,.98);
			es = "Linear";
			ed = "In";
		};
		["Left Leg"] = {
			tm = .0409;
			cf = cfr(-1.059,.446,.018,.921,.293,-.256,-.246,.948,.2,.302,-.121,.946);
			es = "Linear";
			ed = "In";
		};
		["Right Leg"] = {
			tm = .0409;
			cf = cfr(1.12,.171,.045,.959,.283,0,-.282,.957,-.066,-.019,.063,.998);
			es = "Linear";
			ed = "In";
		};
		["Left Arm"] = {
			tm = .0409;
			cf = cfr(.033,.143,-.138,.311,.197,-.93,-.95,.032,-.311,-.031,.98,.197);
			es = "Linear";
			ed = "In";
		};
		["Right Arm"] = {
			tm = .0409;
			cf = cfr(-.025,-.284,.028,.176,-.226,.958,.981,-.042,-.19,.083,.973,.214);
			es = "Linear";
			ed = "In";
		};
		["Head"] = {
			tm = .0409;
			cf = cfr(-.028,-.029,.164,.998,-.005,-.055,-.009,.964,-.267,.054,.267,.962);
			es = "Linear";
			ed = "In";
		};
	};
	{
		tm = .833;
		["Torso"] = {
			tm = .0420;
			cf = cfr(0,0,-.637,1,.004,-.022,0,.985,.172,.022,-.172,.985);
			es = "Linear";
			ed = "In";
		};
		["Left Leg"] = {
			tm = .0420;
			cf = cfr(-.954,.466,.018,.744,.638,-.197,-.616,.77,.168,.259,-.004,.966);
			es = "Linear";
			ed = "In";
		};
		["Right Leg"] = {
			tm = .0420;
			cf = cfr(1.13,.291,.036,.949,.316,.025,-.316,.948,.042,-.01,-.048,.999);
			es = "Linear";
			ed = "In";
		};
		["Left Arm"] = {
			tm = .0420;
			cf = cfr(.036,-.011,-.258,.235,.22,-.947,-.97,-.012,-.243,-.065,.975,.211);
			es = "Linear";
			ed = "In";
		};
		["Right Arm"] = {
			tm = .0420;
			cf = cfr(.036,-.257,.12,.253,-.205,.945,.966,.006,-.258,.047,.979,.199);
			es = "Linear";
			ed = "In";
		};
		["Head"] = {
			tm = .0420;
			cf = cfr(-.028,-.029,.164,.998,.006,.062,.011,.964,-.267,-.061,.267,.962);
			es = "Linear";
			ed = "In";
		};
	};
	{
		tm = .875;
		["Torso"] = {
			tm = .0420;
			cf = cfr(0,0,-.727,.992,.021,-.123,0,.985,.172,.125,-.171,.977);
			es = "Linear";
			ed = "In";
		};
		["Left Leg"] = {
			tm = .0420;
			cf = cfr(-1.026,.324,.039,.212,.977,.017,-.977,.212,-.02,-.023,-.012,1);
			es = "Linear";
			ed = "In";
		};
		["Right Leg"] = {
			tm = .0420;
			cf = cfr(1.17,.427,.014,.933,.352,.082,-.359,.926,.115,-.035,-.136,.99);
			es = "Linear";
			ed = "In";
		};
		["Left Arm"] = {
			tm = .0420;
			cf = cfr(.039,-.153,-.353,.162,.235,-.958,-.983,-.045,-.178,-.085,.971,.224);
			es = "Linear";
			ed = "In";
		};
		["Right Arm"] = {
			tm = .0420;
			cf = cfr(.097,-.232,.196,.324,-.183,.928,.946,.055,-.319,.007,.982,.191);
			es = "Linear";
			ed = "In";
		};
		["Head"] = {
			tm = .0420;
			cf = cfr(-.005,-.025,.141,1,.001,.013,.002,.964,-.267,-.013,.267,.964);
			es = "Linear";
			ed = "In";
		};
	};
	{
		tm = .917;
		["Torso"] = {
			tm = .0409;
			cf = cfr(0,0,-.748,.986,.028,-.163,0,.985,.172,.165,-.17,.972);
			es = "Linear";
			ed = "In";
		};
		["Left Leg"] = {
			tm = .0409;
			cf = cfr(-1.098,.107,.04,-.201,.977,.068,-.968,-.187,-.17,-.153,-.1,.983);
			es = "Linear";
			ed = "In";
		};
		["Right Leg"] = {
			tm = .0409;
			cf = cfr(1.197,.532,0,.923,.354,.152,-.375,.916,.143,-.089,-.189,.978);
			es = "Linear";
			ed = "In";
		};
		["Left Arm"] = {
			tm = .0409;
			cf = cfr(.04,-.229,-.379,.13,.24,-.962,-.987,-.058,-.148,-.091,.969,.23);
			es = "Linear";
			ed = "In";
		};
		["Right Arm"] = {
			tm = .0409;
			cf = cfr(.125,-.221,.228,.355,-.172,.919,.935,.078,-.346,-.012,.982,.189);
			es = "Linear";
			ed = "In";
		};
		["Head"] = {
			tm = .0409;
			cf = cfr(.02,-.021,.117,.999,-.003,-.035,-.006,.964,-.267,.035,.267,.963);
			es = "Linear";
			ed = "In";
		};
	};
	{
		tm = .958;
		["Torso"] = {
			tm = .0420;
			cf = cfr(0,0,-.723,.986,.028,-.163,0,.985,.172,.165,-.17,.972);
			es = "Linear";
			ed = "In";
		};
		["Left Leg"] = {
			tm = .0420;
			cf = cfr(-.913,.019,.016,-.196,.973,.122,-.979,-.188,-.073,-.049,-.133,.99);
			es = "Linear";
			ed = "In";
		};
		["Right Leg"] = {
			tm = .0420;
			cf = cfr(1.051,.575,-.001,.956,.239,.17,-.267,.95,.162,-.123,-.2,.972);
			es = "Linear";
			ed = "In";
		};
		["Left Arm"] = {
			tm = .0420;
			cf = cfr(.036,-.23,-.335,.13,.24,-.962,-.987,-.058,-.148,-.091,.969,.23);
			es = "Linear";
			ed = "In";
		};
		["Right Arm"] = {
			tm = .0420;
			cf = cfr(.104,-.198,.205,.355,-.172,.919,.935,.078,-.346,-.012,.982,.189);
			es = "Linear";
			ed = "In";
		};
		["Head"] = {
			tm = .0420;
			cf = cfr(.024,-.021,.122,1,-.001,-.014,-.002,.964,-.267,.014,.267,.964);
			es = "Linear";
			ed = "In";
		};
	};
	{
		tm = 1;
		["Torso"] = {
			tm = .0420;
			cf = cfr(0,0,-.649,.986,.028,-.163,0,.985,.172,.165,-.17,.972);
			es = "Linear";
			ed = "In";
		};
		["Left Leg"] = {
			tm = .0420;
			cf = cfr(-.727,.007,.013,-.102,.982,.157,-.993,-.111,.049,.066,-.151,.986);
			es = "Linear";
			ed = "In";
		};
		["Right Leg"] = {
			tm = .0420;
			cf = cfr(.904,.583,0,.985,.081,.152,-.108,.978,.178,-.134,-.192,.972);
			es = "Linear";
			ed = "In";
		};
		["Left Arm"] = {
			tm = .0420;
			cf = cfr(.026,-.195,-.262,.13,.24,-.962,-.987,-.058,-.148,-.091,.969,.23);
			es = "Linear";
			ed = "In";
		};
		["Right Arm"] = {
			tm = .0420;
			cf = cfr(.054,-.142,.148,.355,-.172,.919,.935,.078,-.346,-.012,.982,.189);
			es = "Linear";
			ed = "In";
		};
		["Head"] = {
			tm = .0420;
			cf = cfr(.026,-.023,.134,.999,.004,.037,.006,.964,-.267,-.037,.267,.963);
			es = "Linear";
			ed = "In";
		};
	};
	{
		tm = 1.042;
		["Torso"] = {
			tm = .0409;
			cf = cfr(0,0,-.535,.987,.028,-.161,0,.985,.172,.163,-.17,.972);
			es = "Linear";
			ed = "In";
		};
		["Left Leg"] = {
			tm = .0409;
			cf = cfr(-.796,.011,.014,.332,.941,.071,-.943,.328,.051,.025,-.084,.996);
			es = "Linear";
			ed = "In";
		};
		["Right Leg"] = {
			tm = .0409;
			cf = cfr(.975,.558,0,.988,.018,.156,-.047,.982,.185,-.15,-.19,.97);
			es = "Linear";
			ed = "In";
		};
		["Left Arm"] = {
			tm = .0409;
			cf = cfr(.014,-.137,-.174,.13,.24,-.962,-.987,-.058,-.148,-.091,.969,.23);
			es = "Linear";
			ed = "In";
		};
		["Right Arm"] = {
			tm = .0409;
			cf = cfr(-.005,-.076,.079,.355,-.172,.919,.935,.078,-.346,-.012,.982,.189);
			es = "Linear";
			ed = "In";
		};
		["Head"] = {
			tm = .0409;
			cf = cfr(.027,-.026,.148,.995,.01,.099,.017,.964,-.266,-.097,.267,.959);
			es = "Linear";
			ed = "In";
		};
	};
	{
		tm = 1.083;
		["Torso"] = {
			tm = .0420;
			cf = cfr(0,0,-.427,.988,.026,-.149,0,.985,.172,.151,-.17,.974);
			es = "Linear";
			ed = "In";
		};
		["Left Leg"] = {
			tm = .0420;
			cf = cfr(-.946,.036,.021,.889,.458,.005,-.456,.888,-.059,-.031,.05,.998);
			es = "Linear";
			ed = "In";
		};
		["Right Leg"] = {
			tm = .0420;
			cf = cfr(1.107,.499,.004,.986,.004,.167,-.036,.982,.188,-.163,-.191,.968);
			es = "Linear";
			ed = "In";
		};
		["Left Arm"] = {
			tm = .0420;
			cf = cfr(.005,-.068,-.087,.13,.24,-.962,-.987,-.058,-.148,-.091,.969,.23);
			es = "Linear";
			ed = "In";
		};
		["Right Arm"] = {
			tm = .0420;
			cf = cfr(-.055,-.023,.019,.355,-.172,.919,.935,.078,-.346,-.012,.982,.189);
			es = "Linear";
			ed = "In";
		};
		["Head"] = {
			tm = .0420;
			cf = cfr(.028,-.028,.159,.989,.015,.149,.026,.964,-.265,-.148,.266,.953);
			es = "Linear";
			ed = "In";
		};
	};
	{
		tm = 1.125;
		["Torso"] = {
			tm = .0420;
			cf = cfr(0,0,-.379,.993,.02,-.117,0,.985,.172,.118,-.171,.978);
			es = "Linear";
			ed = "In";
		};
		["Left Leg"] = {
			tm = .0420;
			cf = cfr(-1.098,.107,.04,.993,-.117,.023,.119,.985,-.123,-.009,.124,.992);
			es = "Linear";
			ed = "In";
		};
		["Right Leg"] = {
			tm = .0420;
			cf = cfr(1.179,.426,.018,.987,-.052,.149,.022,.981,.194,-.156,-.188,.97);
			es = "Linear";
			ed = "In";
		};
		["Left Arm"] = {
			tm = .0420;
			cf = cfr(0,-.003,-.015,.13,.24,-.962,-.987,-.058,-.148,-.091,.969,.23);
			es = "Linear";
			ed = "In";
		};
		["Right Arm"] = {
			tm = .0420;
			cf = cfr(-.076,-.004,-.01,.355,-.172,.919,.935,.078,-.346,-.012,.982,.189);
			es = "Linear";
			ed = "In";
		};
		["Head"] = {
			tm = .0420;
			cf = cfr(.028,-.029,.164,.985,.017,.171,.03,.964,-.265,-.169,.266,.949);
			es = "Linear";
			ed = "In";
		};
	};
	{
		tm = 1.167;
		["Torso"] = {
			tm = .0409;
			cf = cfr(0,0,-.484,.999,.009,-.052,0,.985,.172,.053,-.172,.984);
			es = "Linear";
			ed = "In";
		};
		["Left Leg"] = {
			tm = .0409;
			cf = cfr(-1.185,.383,.02,.94,-.341,.019,.341,.937,-.079,.01,.081,.997);
			es = "Linear";
			ed = "In";
		};
		["Right Leg"] = {
			tm = .0409;
			cf = cfr(.967,.347,.041,.962,-.266,.061,.256,.958,.129,-.093,-.109,.99);
			es = "Linear";
			ed = "In";
		};
		["Left Arm"] = {
			tm = .0409;
			cf = cfr(.016,.121,-.033,.246,.204,-.948,-.969,.065,-.237,.013,.977,.214);
			es = "Linear";
			ed = "In";
		};
		["Right Arm"] = {
			tm = .0409;
			cf = cfr(-.067,-.129,-.006,.245,-.199,.949,.97,.059,-.237,-.009,.978,.208);
			es = "Linear";
			ed = "In";
		};
		["Head"] = {
			tm = .0409;
			cf = cfr(.019,-.014,.082,.999,.005,.054,.009,.964,-.267,-.053,.267,.962);
			es = "Linear";
			ed = "In";
		};
	};
	{
		tm = 1.208;
		["Torso"] = {
			tm = .0420;
			cf = cfr(0,0,-.681,1,-.004,.021,0,.985,.172,-.022,-.172,.985);
			es = "Linear";
			ed = "In";
		};
		["Left Leg"] = {
			tm = .0420;
			cf = cfr(-1.21,.608,-.013,.905,-.425,-.004,.425,.905,.011,-.001,-.011,1);
			es = "Linear";
			ed = "In";
		};
		["Right Leg"] = {
			tm = .0420;
			cf = cfr(.712,.21,.046,.778,-.627,-.033,.627,.779,-.013,.034,-.011,.999);
			es = "Linear";
			ed = "In";
		};
		["Left Arm"] = {
			tm = .0420;
			cf = cfr(.031,.254,-.041,.353,.154,-.923,-.928,.184,-.325,.119,.971,.208);
			es = "Linear";
			ed = "In";
		};
		["Right Arm"] = {
			tm = .0420;
			cf = cfr(-.053,-.304,-.052,.131,-.224,.966,.991,.037,-.126,-.008,.974,.227);
			es = "Linear";
			ed = "In";
		};
		["Head"] = {
			tm = .0420;
			cf = cfr(0,0,0,.998,-.006,-.064,-.011,.964,-.267,.063,.267,.962);
			es = "Linear";
			ed = "In";
		};
	};
	{
		tm = 1.25;
		["Torso"] = {
			tm = .0420;
			cf = cfr(0,0,-.823,.997,-.013,.074,0,.985,.172,-.075,-.172,.982);
			es = "Linear";
			ed = "In";
		};
		["Left Leg"] = {
			tm = .0420;
			cf = cfr(-1.206,.581,-.003,.825,-.565,-.02,.564,.819,.106,-.043,-.099,.994);
			es = "Linear";
			ed = "In";
		};
		["Right Leg"] = {
			tm = .0420;
			cf = cfr(.661,-.001,.014,.348,-.935,-.07,.928,.354,-.119,.136,-.024,.99);
			es = "Linear";
			ed = "In";
		};
		["Left Arm"] = {
			tm = .0420;
			cf = cfr(.028,.292,.091,.353,.154,-.923,-.928,.184,-.325,.119,.971,.208);
			es = "Linear";
			ed = "In";
		};
		["Right Arm"] = {
			tm = .0420;
			cf = cfr(-.047,-.307,-.22,.131,-.224,.966,.991,.037,-.126,-.008,.974,.227);
			es = "Linear";
			ed = "In";
		};
		["Head"] = {
			tm = .0420;
			cf = cfr(-.017,-.012,.07,.999,-.005,-.042,-.007,.963,-.268,.042,.268,.962);
			es = "Linear";
			ed = "In";
		};
	};
	{
		tm = 1.292;
		["Torso"] = {
			tm = .0409;
			cf = cfr(0,0,-.872,.994,-.02,.112,0,.985,.172,-.113,-.171,.979);
			es = "Linear";
			ed = "In";
		};
		["Left Leg"] = {
			tm = .0409;
			cf = cfr(-1.201,.555,.007,.763,-.645,-.031,.642,.752,.15,-.074,-.135,.988);
			es = "Linear";
			ed = "In";
		};
		["Right Leg"] = {
			tm = .0409;
			cf = cfr(.654,-.119,-.01,-.002,-.998,-.069,.987,.01,-.162,.162,-.069,.984);
			es = "Linear";
			ed = "In";
		};
		["Left Arm"] = {
			tm = .0409;
			cf = cfr(.024,.292,.184,.353,.154,-.923,-.928,.184,-.325,.119,.971,.208);
			es = "Linear";
			ed = "In";
		};
		["Right Arm"] = {
			tm = .0409;
			cf = cfr(-.045,-.257,-.334,.131,-.224,.966,.991,.037,-.126,-.008,.974,.227);
			es = "Linear";
			ed = "In";
		};
		["Head"] = {
			tm = .0409;
			cf = cfr(-.024,-.024,.139,1,-.002,-.011,-.001,.963,-.27,.011,.27,.963);
			es = "Linear";
			ed = "In";
		};
	};
	{
		tm = 1.333;
		["Torso"] = {
			tm = .0420;
			cf = cfr(0,0,-.813,.989,-.026,.146,0,.985,.172,-.149,-.17,.974);
			es = "Linear";
			ed = "In";
		};
		["Left Leg"] = {
			tm = .0420;
			cf = cfr(-1.206,.581,-.003,.818,-.575,-.03,.572,.806,.151,-.063,-.14,.988);
			es = "Linear";
			ed = "In";
		};
		["Right Leg"] = {
			tm = .0420;
			cf = cfr(.658,-.037,.001,-.074,-.995,-.068,.984,-.061,-.166,.161,-.079,.984);
			es = "Linear";
			ed = "In";
		};
		["Left Arm"] = {
			tm = .0420;
			cf = cfr(.025,.282,.147,.353,.154,-.923,-.928,.184,-.325,.119,.971,.208);
			es = "Linear";
			ed = "In";
		};
		["Right Arm"] = {
			tm = .0420;
			cf = cfr(-.041,-.237,-.286,.131,-.224,.966,.991,.037,-.126,-.008,.974,.227);
			es = "Linear";
			ed = "In";
		};
		["Head"] = {
			tm = .0420;
			cf = cfr(-.023,-.023,.134,1,0,-.001,0,.963,-.269,.001,.269,.963);
			es = "Linear";
			ed = "In";
		};
	};
	{
		tm = 1.375;
		["Torso"] = {
			tm = .0420;
			cf = cfr(0,0,-.681,.986,-.028,.163,0,.985,.172,-.165,-.17,.972);
			es = "Linear";
			ed = "In";
		};
		["Left Leg"] = {
			tm = .0420;
			cf = cfr(-1.21,.608,-.013,.906,-.423,-.028,.422,.894,.151,-.039,-.149,.988);
			es = "Linear";
			ed = "In";
		};
		["Right Leg"] = {
			tm = .0420;
			cf = cfr(.687,.066,.021,-.084,-.994,-.069,.984,-.072,-.165,.159,-.082,.984);
			es = "Linear";
			ed = "In";
		};
		["Left Arm"] = {
			tm = .0420;
			cf = cfr(.027,.275,.081,.353,.154,-.923,-.928,.184,-.325,.119,.971,.208);
			es = "Linear";
			ed = "In";
		};
		["Right Arm"] = {
			tm = .0420;
			cf = cfr(-.038,-.218,-.203,.131,-.224,.966,.991,.037,-.126,-.008,.974,.227);
			es = "Linear";
			ed = "In";
		};
		["Head"] = {
			tm = .0420;
			cf = cfr(-.022,-.022,.128,1,0,0,0,.964,-.267,0,.267,.964);
			es = "Linear";
			ed = "In";
		};
	};
	{
		tm = 1.417;
		["Torso"] = {
			tm = .0409;
			cf = cfr(0,0,-.538,.986,-.028,.163,0,.985,.172,-.165,-.17,.972);
			es = "Linear";
			ed = "In";
		};
		["Left Leg"] = {
			tm = .0409;
			cf = cfr(-1.209,.561,-.005,.96,-.278,-.034,.279,.947,.161,-.012,-.164,.986);
			es = "Linear";
			ed = "In";
		};
		["Right Leg"] = {
			tm = .0409;
			cf = cfr(.804,.087,.031,.289,-.955,-.07,.942,.297,-.154,.168,-.022,.986);
			es = "Linear";
			ed = "In";
		};
		["Left Arm"] = {
			tm = .0409;
			cf = cfr(.028,.286,.04,.357,.154,-.921,-.928,.166,-.333,.102,.974,.202);
			es = "Linear";
			ed = "In";
		};
		["Right Arm"] = {
			tm = .0409;
			cf = cfr(-.042,-.24,-.148,.127,-.231,.965,.992,.015,-.127,.015,.973,.23);
			es = "Linear";
			ed = "In";
		};
		["Head"] = {
			tm = .0409;
			cf = cfr(-.023,-.024,.137,.999,-.004,-.044,-.008,.964,-.266,.044,.267,.963);
			es = "Linear";
			ed = "In";
		};
	};
	{
		tm = 1.458;
		["Torso"] = {
			tm = .0420;
			cf = cfr(0,0,-.425,.986,-.028,.163,0,.985,.172,-.165,-.17,.972);
			es = "Linear";
			ed = "In";
		};
		["Left Leg"] = {
			tm = .0420;
			cf = cfr(-1.201,.474,.01,.989,-.131,-.067,.142,.974,.178,.042,-.186,.982);
			es = "Linear";
			ed = "In";
		};
		["Right Leg"] = {
			tm = .0420;
			cf = cfr(.981,.089,.032,.894,-.445,-.055,.436,.891,-.13,.107,.093,.99);
			es = "Linear";
			ed = "In";
		};
		["Left Arm"] = {
			tm = .0420;
			cf = cfr(.029,.292,.01,.362,.157,-.919,-.93,.125,-.345,.06,.98,.192);
			es = "Linear";
			ed = "In";
		};
		["Right Arm"] = {
			tm = .0420;
			cf = cfr(-.049,-.278,-.106,.123,-.241,.963,.991,-.029,-.134,.06,.97,.235);
			es = "Linear";
			ed = "In";
		};
		["Head"] = {
			tm = .0420;
			cf = cfr(-.026,-.027,.155,.992,-.012,-.127,-.022,.964,-.265,.125,.266,.956);
			es = "Linear";
			ed = "In";
		};
	};
	{
		tm = 1.5;
		["Torso"] = {
			tm = .0420;
			cf = cfr(0,0,-.379,.986,-.028,.163,0,.985,.172,-.165,-.17,.972);
			es = "Linear";
			ed = "In";
		};
		["Left Leg"] = {
			tm = .0420;
			cf = cfr(-1.179,.426,.018,.987,.052,-.149,-.022,.981,.194,.156,-.188,.97);
			es = "Linear";
			ed = "In";
		};
		["Right Leg"] = {
			tm = .0420;
			cf = cfr(1.098,.107,.04,.993,.117,-.023,-.119,.985,-.123,.009,.124,.992);
			es = "Linear";
			ed = "In";
		};
		["Left Arm"] = {
			tm = .0420;
			cf = cfr(.031,.254,-.041,.355,.172,-.919,-.935,.078,-.346,.012,.982,.189);
			es = "Linear";
			ed = "In";
		};
		["Right Arm"] = {
			tm = .0420;
			cf = cfr(-.053,-.304,-.052,.13,-.24,.962,.987,-.058,-.148,.091,.969,.23);
			es = "Linear";
			ed = "In";
		};
		["Head"] = {
			tm = .0420;
			cf = cfr(-.028,-.029,.164,.985,-.017,-.171,-.03,.964,-.265,.169,.266,.949);
			es = "Linear";
			ed = "In";
		};
	};
	{
		tm = 1.542;
		["Torso"] = {
			tm = .0409;
			cf = cfr(0,0,-.474,.995,-.018,.101,0,.985,.172,-.103,-.171,.98);
			es = "Linear";
			ed = "In";
		};
		["Left Leg"] = {
			tm = .0409;
			cf = cfr(-1.059,.446,.018,.919,.299,-.256,-.252,.947,.201,.302,-.12,.946);
			es = "Linear";
			ed = "In";
		};
		["Right Leg"] = {
			tm = .0409;
			cf = cfr(1.12,.175,.047,.959,.283,0,-.282,.957,-.066,-.019,.063,.998);
			es = "Linear";
			ed = "In";
		};
		["Left Arm"] = {
			tm = .0409;
			cf = cfr(.033,.143,-.138,.311,.197,-.93,-.95,.032,-.311,-.031,.98,.197);
			es = "Linear";
			ed = "In";
		};
		["Right Arm"] = {
			tm = .0409;
			cf = cfr(-.025,-.296,.031,.176,-.226,.958,.981,-.042,-.19,.083,.973,.214);
			es = "Linear";
			ed = "In";
		};
		["Head"] = {
			tm = .0409;
			cf = cfr(-.028,-.029,.164,.998,-.005,-.055,-.009,.964,-.267,.054,.267,.962);
			es = "Linear";
			ed = "In";
		};
	};
	{
		tm = 1.583;
		["Torso"] = {
			tm = .0420;
			cf = cfr(0,0,-.637,1,.004,-.022,0,.985,.172,.022,-.172,.985);
			es = "Linear";
			ed = "In";
		};
		["Left Leg"] = {
			tm = .0420;
			cf = cfr(-.954,.466,.018,.744,.638,-.197,-.616,.77,.168,.259,-.004,.966);
			es = "Linear";
			ed = "In";
		};
		["Right Leg"] = {
			tm = .0420;
			cf = cfr(1.13,.291,.036,.949,.316,.025,-.316,.948,.042,-.01,-.048,.999);
			es = "Linear";
			ed = "In";
		};
		["Left Arm"] = {
			tm = .0420;
			cf = cfr(.036,-.011,-.258,.235,.22,-.947,-.97,-.012,-.243,-.065,.975,.211);
			es = "Linear";
			ed = "In";
		};
		["Right Arm"] = {
			tm = .0420;
			cf = cfr(.036,-.268,.123,.253,-.205,.945,.966,.006,-.258,.047,.979,.199);
			es = "Linear";
			ed = "In";
		};
		["Head"] = {
			tm = .0420;
			cf = cfr(-.028,-.029,.164,.998,.006,.062,.011,.964,-.267,-.061,.267,.962);
			es = "Linear";
			ed = "In";
		};
	};
	{
		tm = 1.625;
		["Torso"] = {
			tm = .0420;
			cf = cfr(0,0,-.727,.992,.021,-.123,0,.985,.172,.125,-.171,.977);
			es = "Linear";
			ed = "In";
		};
		["Left Leg"] = {
			tm = .0420;
			cf = cfr(-1.026,.324,.039,.213,.977,.017,-.977,.213,-.02,-.023,-.012,1);
			es = "Linear";
			ed = "In";
		};
		["Right Leg"] = {
			tm = .0420;
			cf = cfr(1.17,.426,.014,.933,.352,.082,-.359,.926,.115,-.035,-.136,.99);
			es = "Linear";
			ed = "In";
		};
		["Left Arm"] = {
			tm = .0420;
			cf = cfr(.039,-.153,-.353,.162,.235,-.958,-.983,-.045,-.178,-.085,.971,.224);
			es = "Linear";
			ed = "In";
		};
		["Right Arm"] = {
			tm = .0420;
			cf = cfr(.097,-.236,.197,.324,-.183,.928,.946,.055,-.319,.007,.982,.191);
			es = "Linear";
			ed = "In";
		};
		["Head"] = {
			tm = .0420;
			cf = cfr(-.005,-.025,.141,1,.001,.013,.002,.964,-.267,-.013,.267,.964);
			es = "Linear";
			ed = "In";
		};
	};
	{
		tm = 1.667;
		["Torso"] = {
			tm = .0409;
			cf = cfr(0,0,-.748,.986,.028,-.163,0,.985,.172,.165,-.17,.972);
			es = "Linear";
			ed = "In";
		};
		["Left Leg"] = {
			tm = .0409;
			cf = cfr(-1.098,.107,.04,-.201,.977,.068,-.968,-.187,-.17,-.153,-.1,.983);
			es = "Linear";
			ed = "In";
		};
		["Right Leg"] = {
			tm = .0409;
			cf = cfr(1.197,.532,0,.923,.354,.152,-.375,.916,.143,-.089,-.189,.978);
			es = "Linear";
			ed = "In";
		};
		["Left Arm"] = {
			tm = .0409;
			cf = cfr(.04,-.229,-.379,.13,.24,-.962,-.987,-.058,-.148,-.091,.969,.23);
			es = "Linear";
			ed = "In";
		};
		["Right Arm"] = {
			tm = .0409;
			cf = cfr(.125,-.221,.228,.355,-.172,.919,.935,.078,-.346,-.012,.982,.189);
			es = "Linear";
			ed = "In";
		};
		["Head"] = {
			tm = .0409;
			cf = cfr(.02,-.021,.117,.999,-.003,-.035,-.006,.964,-.267,.035,.267,.963);
			es = "Linear";
			ed = "In";
		};
	};
	{
		tm = 1.708;
		["Torso"] = {
			tm = .0420;
			cf = cfr(0,0,-.723,.986,.028,-.163,0,.985,.172,.165,-.17,.972);
			es = "Linear";
			ed = "In";
		};
		["Left Leg"] = {
			tm = .0420;
			cf = cfr(-.913,.019,.016,-.196,.973,.122,-.979,-.188,-.073,-.049,-.133,.99);
			es = "Linear";
			ed = "In";
		};
		["Right Leg"] = {
			tm = .0420;
			cf = cfr(1.051,.576,-.001,.956,.24,.17,-.267,.95,.162,-.123,-.2,.972);
			es = "Linear";
			ed = "In";
		};
		["Left Arm"] = {
			tm = .0420;
			cf = cfr(.036,-.23,-.335,.13,.24,-.962,-.987,-.058,-.148,-.091,.969,.23);
			es = "Linear";
			ed = "In";
		};
		["Right Arm"] = {
			tm = .0420;
			cf = cfr(.104,-.198,.205,.355,-.172,.919,.935,.078,-.346,-.012,.982,.189);
			es = "Linear";
			ed = "In";
		};
		["Head"] = {
			tm = .0420;
			cf = cfr(.024,-.021,.122,1,-.001,-.014,-.002,.964,-.267,.014,.267,.964);
			es = "Linear";
			ed = "In";
		};
	};
	{
		tm = 1.75;
		["Torso"] = {
			tm = .0420;
			cf = cfr(0,0,-.649,.986,.028,-.163,0,.985,.172,.165,-.17,.972);
			es = "Linear";
			ed = "In";
		};
		["Left Leg"] = {
			tm = .0420;
			cf = cfr(-.727,.007,.013,-.102,.982,.157,-.993,-.111,.049,.066,-.151,.986);
			es = "Linear";
			ed = "In";
		};
		["Right Leg"] = {
			tm = .0420;
			cf = cfr(.904,.583,0,.985,.081,.152,-.108,.978,.178,-.134,-.192,.972);
			es = "Linear";
			ed = "In";
		};
		["Left Arm"] = {
			tm = .0420;
			cf = cfr(.026,-.195,-.262,.13,.24,-.962,-.987,-.058,-.148,-.091,.969,.23);
			es = "Linear";
			ed = "In";
		};
		["Right Arm"] = {
			tm = .0420;
			cf = cfr(.054,-.142,.148,.355,-.172,.919,.935,.078,-.346,-.012,.982,.189);
			es = "Linear";
			ed = "In";
		};
		["Head"] = {
			tm = .0420;
			cf = cfr(.026,-.023,.134,.999,.004,.037,.006,.964,-.267,-.037,.267,.963);
			es = "Linear";
			ed = "In";
		};
	};
	{
		tm = 1.792;
		["Torso"] = {
			tm = .0409;
			cf = cfr(0,0,-.535,.987,.028,-.161,0,.985,.172,.163,-.17,.972);
			es = "Linear";
			ed = "In";
		};
		["Left Leg"] = {
			tm = .0409;
			cf = cfr(-.796,.011,.014,.332,.941,.071,-.943,.328,.051,.025,-.084,.996);
			es = "Linear";
			ed = "In";
		};
		["Right Leg"] = {
			tm = .0409;
			cf = cfr(.975,.558,0,.987,.017,.157,-.047,.982,.185,-.151,-.19,.97);
			es = "Linear";
			ed = "In";
		};
		["Left Arm"] = {
			tm = .0409;
			cf = cfr(.014,-.137,-.174,.13,.24,-.962,-.987,-.058,-.148,-.091,.969,.23);
			es = "Linear";
			ed = "In";
		};
		["Right Arm"] = {
			tm = .0409;
			cf = cfr(-.005,-.076,.079,.355,-.172,.919,.935,.078,-.346,-.012,.982,.189);
			es = "Linear";
			ed = "In";
		};
		["Head"] = {
			tm = .0409;
			cf = cfr(.027,-.026,.148,.995,.01,.099,.017,.964,-.266,-.097,.267,.959);
			es = "Linear";
			ed = "In";
		};
	};
	{
		tm = 1.833;
		["Torso"] = {
			tm = .0420;
			cf = cfr(0,0,-.427,.988,.026,-.149,0,.985,.172,.151,-.17,.974);
			es = "Linear";
			ed = "In";
		};
		["Left Leg"] = {
			tm = .0420;
			cf = cfr(-.946,.036,.021,.889,.458,.005,-.456,.888,-.059,-.031,.05,.998);
			es = "Linear";
			ed = "In";
		};
		["Right Leg"] = {
			tm = .0420;
			cf = cfr(1.107,.499,.004,.986,.003,.168,-.035,.982,.188,-.164,-.191,.968);
			es = "Linear";
			ed = "In";
		};
		["Left Arm"] = {
			tm = .0420;
			cf = cfr(.005,-.068,-.087,.13,.24,-.962,-.987,-.058,-.148,-.091,.969,.23);
			es = "Linear";
