-- // converted using mech's animoduler
local cfr = CFrame.new

return {
	{
		tm = 0;
		["Torso"] = {
			tm = .167;
			cf = cfr(0,0,-.463,1,0,0,0,1,0,0,0,1);
			es = "Cubic";
			ed = "In";
		};
		["Left Leg"] = {
			tm = .375;
			cf = cfr(0,0,0,-.174,.985,0,-.985,-.174,0,0,0,1);
			es = "Cubic";
			ed = "In";
		};
		["Right Arm"] = {
			tm = .167;
			cf = cfr(.449,-.357,-.394,-.059,-.547,.835,.997,.009,.077,-.049,.837,.545);
			es = "Cubic";
			ed = "In";
		};
		["Left Arm"] = {
			tm = .167;
			cf = cfr(-.449,-.357,-.398,-.031,.578,-.815,-.936,.269,.226,.35,.77,.533);
			es = "Cubic";
			ed = "In";
		};
		["Right Leg"] = {
			tm = .042;
			cf = cfr(.322,.452,0,.976,.219,0,-.219,.976,0,0,0,1);
			es = "Cubic";
			ed = "In";
		};
		["Head"] = {
			tm = .167;
			cf = cfr(0,0,0,1,0,0,0,1,0,0,0,1);
			es = "Cubic";
			ed = "In";
		};
	};
	{
		tm = .042;
		["Right Leg"] = {
			tm = .333;
			cf = cfr(.322,.452,0,.976,.219,0,-.219,.976,0,0,0,1);
			es = "Cubic";
			ed = "In";
		};
	};
	{
		tm = .167;
		["Torso"] = {
			tm = .208;
			cf = cfr(0,0,-.283,1,0,0,0,1,0,0,0,1);
			es = "Cubic";
			ed = "In";
		};
		["Right Arm"] = {
			tm = .208;
			cf = cfr(.449,-.193,-.394,-.059,-.547,.835,.997,.009,.077,-.049,.837,.545);
			es = "Cubic";
			ed = "In";
		};
		["Left Arm"] = {
			tm = .208;
			cf = cfr(-.449,-.193,-.398,-.031,.578,-.815,-.936,.269,.226,.35,.77,.533);
			es = "Cubic";
			ed = "In";
		};
		["Head"] = {
			tm = .208;
			cf = cfr(0,0,0,1,0,0,0,.998,.064,0,-.064,.998);
			es = "Cubic";
			ed = "In";
		};
	};
	{
		tm = .375;
		["Torso"] = {
			tm = .1670;
			cf = cfr(0,0,-.466,1,0,0,0,1,0,0,0,1);
			es = "Cubic";
			ed = "In";
		};
		["Left Leg"] = {
			tm = .0419;
			cf = cfr(-.32,.418,0,.995,-.102,0,.102,.995,0,0,0,1);
			es = "Cubic";
			ed = "In";
		};
		["Right Arm"] = {
			tm = .1670;
			cf = cfr(.449,-.518,-.394,-.059,-.547,.835,.997,.009,.077,-.049,.837,.545);
			es = "Cubic";
			ed = "In";
		};
		["Left Arm"] = {
			tm = .1670;
			cf = cfr(-.449,-.518,-.398,-.031,.578,-.815,-.936,.269,.226,.35,.77,.533);
			es = "Cubic";
			ed = "In";
		};
		["Right Leg"] = {
			tm = .4170;
			cf = cfr(.03,-.236,0,-.156,-.988,0,.988,-.156,0,0,0,1);
			es = "Cubic";
			ed = "In";
		};
		["Head"] = {
			tm = .1670;
			cf = cfr(0,0,0,1,0,0,0,.999,-.036,0,.036,.999);
			es = "Cubic";
			ed = "In";
		};
	};
	{
		tm = .417;
		["Left Leg"] = {
			tm = .3750;
			cf = cfr(-.32,.418,0,.995,-.102,0,.102,.995,0,0,0,1);
			es = "Cubic";
			ed = "In";
		};
	};
	{
		tm = .542;
		["Torso"] = {
			tm = .25;
			cf = cfr(0,0,-.283,1,0,0,0,1,0,0,0,1);
			es = "Cubic";
			ed = "In";
		};
		["Right Arm"] = {
			tm = .25;
			cf = cfr(.449,-.168,-.394,-.059,-.547,.835,.997,.009,.077,-.049,.837,.545);
			es = "Cubic";
			ed = "In";
		};
		["Left Arm"] = {
			tm = .25;
			cf = cfr(-.449,-.168,-.398,-.031,.578,-.815,-.936,.269,.226,.35,.77,.533);
			es = "Cubic";
			ed = "In";
		};
		["Head"] = {
			tm = .25;
			cf = cfr(0,0,0,1,0,0,0,.992,.127,0,-.127,.992);
			es = "Cubic";
			ed = "In";
		};
	};
	{
		tm = .792;
		["Torso"] = {
			tm = 0;
			cf = cfr(0,0,-.463,1,0,0,0,1,0,0,0,1);
			es = "Cubic";
			ed = "In";
		};
		["Left Leg"] = {
			tm = 0;
			cf = cfr(0,0,0,-.174,.985,0,-.985,-.174,0,0,0,1);
			es = "Cubic";
			ed = "In";
		};
		["Right Arm"] = {
			tm = 0;
			cf = cfr(.449,-.451,-.394,-.059,-.547,.835,.997,.009,.077,-.049,.837,.545);
			es = "Cubic";
			ed = "In";
		};
		["Left Arm"] = {
			tm = 0;
			cf = cfr(-.449,-.451,-.398,-.031,.578,-.815,-.936,.269,.226,.35,.77,.533);
			es = "Cubic";
			ed = "In";
		};
		["Right Leg"] = {
			tm = 0;
			cf = cfr(.322,.452,0,.987,.162,0,-.162,.987,0,0,0,1);
			es = "Cubic";
			ed = "In";
		};
		["Head"] = {
			tm = 0;
			cf = cfr(0,0,0,1,0,0,0,1,.012,0,-.012,1);
			es = "Linear";
			ed = "In";
		};
	};
}
