-- // converted using mech's animoduler
local cfr = CFrame.new

return {
	{
		tm = 0;
		["Torso"] = {
			tm = .033;
			cf = cfr(0,0,0,1,0,0,0,1,0,0,0,1);
			es = "Linear";
			ed = "In";
		};
		["Left Arm"] = {
			tm = .033;
			cf = cfr(0,.003,0,1,0,0,0,1,0,0,0,1);
			es = "Linear";
			ed = "In";
		};
		["Right Arm"] = {
			tm = .033;
			cf = cfr(0,.003,0,1,0,0,0,1,0,0,0,1);
			es = "Linear";
			ed = "In";
		};
		["Head"] = {
			tm = .033;
			cf = cfr(0,0,.017,1,-.009,-.001,.009,1,.004,.001,-.004,1);
			es = "Linear";
			ed = "In";
		};
	};
	{
		tm = .033;
		["Torso"] = {
			tm = .034;
			cf = cfr(-.054,-.035,-.003,.979,.195,-.066,-.198,.979,-.043,.056,.055,.997);
			es = "Linear";
			ed = "In";
		};
		["Left Arm"] = {
			tm = .034;
			cf = cfr(.007,.002,.002,.98,.187,-.065,-.191,.98,-.061,.052,.073,.996);
			es = "Linear";
			ed = "In";
		};
		["Right Arm"] = {
			tm = .034;
			cf = cfr(-.033,-.083,.059,.997,-.072,.005,.068,.967,.246,-.022,-.245,.969);
			es = "Linear";
			ed = "In";
		};
		["Head"] = {
			tm = .034;
			cf = cfr(0,0,.017,.99,-.143,-.023,.143,.989,.026,.019,-.029,.999);
			es = "Linear";
			ed = "In";
		};
	};
	{
		tm = .067;
		["Torso"] = {
			tm = .033;
			cf = cfr(-.201,-.073,-.028,.766,.594,-.245,-.628,.773,-.088,.137,.221,.966);
			es = "Linear";
			ed = "In";
		};
		["Left Arm"] = {
			tm = .033;
			cf = cfr(.02,-.004,.009,.783,.566,-.258,-.61,.778,-.147,.118,.273,.955);
			es = "Linear";
			ed = "In";
		};
		["Right Arm"] = {
			tm = .033;
			cf = cfr(-.105,-.281,.192,.969,-.239,-.059,.199,.621,.758,-.145,-.746,.649);
			es = "Linear";
			ed = "In";
		};
		["Head"] = {
			tm = .033;
			cf = cfr(0,0,.017,.888,-.457,-.051,.458,.888,.027,.033,-.047,.998);
			es = "Linear";
			ed = "In";
		};
	};
	{
		tm = .1;
		["Torso"] = {
			tm = .017;
			cf = cfr(-.345,-.04,-.077,.376,.826,-.42,-.918,.393,-.049,.124,.404,.906);
			es = "Linear";
			ed = "In";
		};
		["Left Arm"] = {
			tm = .017;
			cf = cfr(.028,-.016,.016,.415,.779,-.47,-.905,.406,-.126,.093,.478,.874);
			es = "Linear";
			ed = "In";
		};
		["Right Arm"] = {
			tm = .017;
			cf = cfr(-.174,-.486,.336,.915,-.343,-.213,.234,.019,.972,-.329,-.939,.098);
			es = "Linear";
			ed = "In";
		};
		["Head"] = {
			tm = .017;
			cf = cfr(0,0,.017,.693,-.72,-.02,.72,.693,-.022,.03,.001,1);
			es = "Linear";
			ed = "In";
		};
	};
	{
		tm = .117;
		["Torso"] = {
			tm = .0329;
			cf = cfr(-.402,-.014,-.105,.182,.853,-.489,-.98,.2,-.017,.083,.482,.872);
			es = "Linear";
			ed = "In";
		};
		["Left Arm"] = {
			tm = .0329;
			cf = cfr(.029,-.023,.02,.22,.791,-.571,-.973,.221,-.069,.071,.57,.818);
			es = "Linear";
			ed = "In";
		};
		["Right Arm"] = {
			tm = .0329;
			cf = cfr(-.205,-.579,.407,.875,-.373,-.307,.218,-.263,.94,-.432,-.89,-.149);
			es = "Linear";
			ed = "In";
		};
		["Head"] = {
			tm = .0329;
			cf = cfr(0,0,.017,.597,-.802,.029,.802,.595,-.049,.022,.053,.998);
			es = "Linear";
			ed = "In";
		};
	};
	{
		tm = .15;
		["Torso"] = {
			tm = .033;
			cf = cfr(-.409,-.026,-.11,.191,.846,-.498,-.979,.202,-.031,.074,.493,.867);
			es = "Linear";
			ed = "In";
		};
		["Left Arm"] = {
			tm = .033;
			cf = cfr(.029,-.023,.021,.211,.774,-.597,-.973,.226,-.051,.095,.591,.801);
			es = "Linear";
			ed = "In";
		};
		["Right Arm"] = {
			tm = .033;
			cf = cfr(-.205,-.58,.407,.862,-.391,-.324,.22,-.287,.932,-.458,-.874,-.161);
			es = "Linear";
			ed = "In";
		};
		["Head"] = {
			tm = .033;
			cf = cfr(0,0,.017,.602,-.797,.048,.799,.6,-.048,.009,.067,.998);
			es = "Linear";
			ed = "In";
		};
	};
	{
		tm = .183;
		["Torso"] = {
			tm = .034;
			cf = cfr(-.41,-.036,-.11,.208,.842,-.498,-.976,.215,-.043,.071,.495,.866);
			es = "Linear";
			ed = "In";
		};
		["Left Arm"] = {
			tm = .034;
			cf = cfr(.029,-.022,.021,.212,.766,-.607,-.971,.233,-.046,.106,.599,.793);
			es = "Linear";
			ed = "In";
		};
		["Right Arm"] = {
			tm = .034;
			cf = cfr(-.205,-.58,.407,.859,-.4,-.32,.21,-.294,.932,-.467,-.868,-.169);
			es = "Linear";
			ed = "In";
		};
		["Head"] = {
			tm = .034;
			cf = cfr(0,0,.017,.608,-.792,.059,.794,.607,-.039,-.005,.07,.998);
			es = "Linear";
			ed = "In";
		};
	};
	{
		tm = .217;
		["Torso"] = {
			tm = .033;
			cf = cfr(-.401,-.047,-.106,.232,.842,-.487,-.971,.234,-.058,.066,.486,.871);
			es = "Linear";
			ed = "In";
		};
		["Left Arm"] = {
			tm = .033;
			cf = cfr(.029,-.022,.021,.212,.764,-.609,-.971,.233,-.046,.107,.602,.792);
			es = "Linear";
			ed = "In";
		};
		["Right Arm"] = {
			tm = .033;
			cf = cfr(-.207,-.58,.408,.842,-.439,-.313,.194,-.296,.935,-.504,-.848,-.164);
			es = "Linear";
			ed = "In";
		};
		["Head"] = {
			tm = .033;
			cf = cfr(0,0,.017,.617,-.784,.065,.786,.618,-.013,-.03,.059,.998);
			es = "Linear";
			ed = "In";
		};
	};
	{
		tm = .25;
		["Torso"] = {
			tm = .0329;
			cf = cfr(-.34,-.064,-.076,.304,.859,-.413,-.951,.299,-.078,.056,.417,.907);
			es = "Linear";
			ed = "In";
		};
		["Left Arm"] = {
			tm = .0329;
			cf = cfr(.029,-.024,.021,.163,.784,-.599,-.984,.174,-.039,.074,.596,.8);
			es = "Linear";
			ed = "In";
		};
		["Right Arm"] = {
			tm = .0329;
			cf = cfr(-.082,-.555,.41,.734,-.621,-.274,.161,-.232,.959,-.659,-.748,-.071);
			es = "Linear";
			ed = "In";
		};
		["Head"] = {
			tm = .0329;
			cf = cfr(0,0,.017,.65,-.76,.029,.76,.65,.014,-.03,.013,.999);
			es = "Linear";
			ed = "In";
		};
	};
	{
		tm = .283;
		["Torso"] = {
			tm = .0170;
			cf = cfr(-.225,-.084,-.036,.488,.829,-.274,-.872,.48,-.102,.047,.288,.956);
			es = "Linear";
			ed = "In";
		};
		["Left Arm"] = {
			tm = .0170;
			cf = cfr(.03,-.028,.02,.07,.811,-.581,-.997,.063,-.033,.01,.582,.813);
			es = "Linear";
			ed = "In";
		};
		["Right Arm"] = {
			tm = .0170;
			cf = cfr(.153,-.508,.415,.519,-.841,-.152,.155,-.082,.985,-.841,-.534,.088);
			es = "Linear";
			ed = "In";
		};
		["Head"] = {
			tm = .0170;
			cf = cfr(0,0,.017,.739,-.673,-.028,.673,.737,.052,-.014,-.057,.998);
			es = "Linear";
			ed = "In";
		};
	};
	{
		tm = .3;
		["Torso"] = {
			tm = .0330;
			cf = cfr(-.106,-.097,-.013,.797,.59,-.129,-.603,.789,-.118,.032,.172,.985);
			es = "Linear";
			ed = "In";
		};
		["Left Arm"] = {
			tm = .0330;
			cf = cfr(.03,-.03,.02,.013,.812,-.583,-.999,-.011,-.039,-.038,.583,.811);
			es = "Linear";
			ed = "In";
		};
		["Right Arm"] = {
			tm = .0330;
			cf = cfr(.281,-.481,.413,.412,-.91,-.047,.189,.035,.981,-.892,-.413,.187);
			es = "Linear";
			ed = "In";
		};
		["Head"] = {
			tm = .0330;
			cf = cfr(0,0,.017,.889,-.459,0,.456,.884,.1,-.045,-.089,.995);
			es = "Linear";
			ed = "In";
		};
	};
	{
		tm = .333;
		["Torso"] = {
			tm = .0169;
			cf = cfr(.016,-.097,-.006,.909,-.415,.02,.415,.902,-.117,.031,.115,.993);
			es = "Linear";
			ed = "In";
		};
		["Left Arm"] = {
			tm = .0169;
			cf = cfr(-.633,.047,.014,.014,.774,-.634,-.999,-.008,-.032,-.03,.634,.773);
			es = "Linear";
			ed = "In";
		};
		["Right Arm"] = {
			tm = .0169;
			cf = cfr(-.096,-.564,.395,.808,-.587,-.043,.118,.09,.989,-.577,-.804,.142);
			es = "Linear";
			ed = "In";
		};
		["Head"] = {
			tm = .0169;
			cf = cfr(0,0,.017,.994,-.079,.076,.074,.995,.062,-.081,-.056,.995);
			es = "Linear";
			ed = "In";
		};
	};
	{
		tm = .35;
		["Torso"] = {
			tm = .0170;
			cf = cfr(.098,-.108,-.035,.559,-.817,.143,.827,.536,-.168,.061,.212,.975);
			es = "Linear";
			ed = "In";
		};
		["Left Arm"] = {
			tm = .0170;
			cf = cfr(-.362,.036,-.008,-.046,.943,-.329,-.989,-.089,-.117,-.139,.32,.937);
			es = "Linear";
			ed = "In";
		};
		["Right Arm"] = {
			tm = .0170;
			cf = cfr(.246,-.379,.451,.509,-.861,.003,.025,.019,1,-.861,-.508,.031);
			es = "Linear";
			ed = "In";
		};
		["Head"] = {
			tm = .0170;
			cf = cfr(0,0,.017,.978,.202,.053,-.195,.975,-.107,-.073,.094,.993);
			es = "Linear";
			ed = "In";
		};
	};
	{
		tm = .367;
		["Torso"] = {
			tm = .1159;
			cf = cfr(.098,-.108,-.035,.457,-.827,.329,.889,.434,-.143,-.025,.358,.933);
			es = "Cubic";
			ed = "In";
		};
		["Left Arm"] = {
			tm = .1159;
			cf = cfr(-.362,.036,-.008,-.085,.986,-.142,-.976,-.111,-.187,-.201,.123,.972);
			es = "Cubic";
			ed = "In";
		};
		["Right Arm"] = {
			tm = .1159;
			cf = cfr(.627,-.344,.213,.318,-.942,-.112,.079,-.091,.993,-.945,-.324,.045);
			es = "Cubic";
			ed = "In";
		};
		["Head"] = {
			tm = .1159;
			cf = cfr(0,0,.017,.977,.215,.018,-.214,.976,-.029,-.024,.025,.999);
			es = "Cubic";
			ed = "In";
		};
	};
	{
		tm = .483;
		["Torso"] = {
			tm = 0;
			cf = cfr(.098,-.108,-.035,.487,-.811,.324,.873,.463,-.155,-.025,.358,.933);
			es = "Linear";
			ed = "In";
		};
		["Left Arm"] = {
			tm = 0;
			cf = cfr(-.362,.036,-.008,-.096,.991,-.095,-.972,-.114,-.206,-.214,.072,.974);
			es = "Linear";
			ed = "In";
		};
		["Right Arm"] = {
			tm = 0;
			cf = cfr(.57,-.367,.26,.287,-.952,-.111,.067,-.096,.993,-.956,-.292,.037);
			es = "Linear";
			ed = "In";
		};
		["Head"] = {
			tm = 0;
			cf = cfr(0,0,.017,.965,.262,-.002,-.261,.965,-.031,-.006,.03,1);
			es = "Linear";
			ed = "In";
		};
	};
}
