-- // converted using mech's animoduler
local cfr = CFrame.new

return {
	{
		tm = 0;
		["Torso"] = {
			tm = .033;
			cf = cfr(.18,-.119,-.065,.047,-.961,.273,.989,.007,-.145,.137,.277,.951);
			es = "Linear";
			ed = "In";
		};
		["Left Leg"] = {
			tm = .033;
			cf = cfr(.264,-.02,-.079,.778,.399,.485,-.45,.893,-.014,-.439,-.207,.874);
			es = "Linear";
			ed = "In";
		};
		["Right Arm"] = {
			tm = .033;
			cf = cfr(.587,-.193,.508,.122,-.993,.001,-.088,-.01,.996,-.989,-.121,-.089);
			es = "Linear";
			ed = "In";
		};
		["Head"] = {
			tm = .033;
			cf = cfr(0,0,.017,.902,.419,.105,-.432,.877,.21,-.004,-.235,.972);
			es = "Linear";
			ed = "In";
		};
		["Left Arm"] = {
			tm = .033;
			cf = cfr(-.091,.025,-.031,-.14,.99,.01,-.966,-.134,-.223,-.22,-.04,.975);
			es = "Linear";
			ed = "In";
		};
		["Right Leg"] = {
			tm = .033;
			cf = cfr(.556,.291,-.025,1,.002,.018,-.003,.999,.038,-.018,-.038,.999);
			es = "Linear";
			ed = "In";
		};
	};
	{
		tm = .033;
		["Torso"] = {
			tm = .034;
			cf = cfr(.118,.095,-.117,-.76,-.619,.198,.644,-.759,.097,.09,.201,.975);
			es = "Linear";
			ed = "In";
		};
		["Left Leg"] = {
			tm = .034;
			cf = cfr(-.242,.047,.06,.995,.093,.045,-.094,.995,.024,-.043,-.028,.999);
			es = "Linear";
			ed = "In";
		};
		["Right Arm"] = {
			tm = .034;
			cf = cfr(.001,-.322,.426,.691,-.721,-.042,.054,-.006,.999,-.72,-.693,.035);
			es = "Linear";
			ed = "In";
		};
		["Head"] = {
			tm = .034;
			cf = cfr(0,0,.017,.903,.424,-.066,-.423,.905,.029,.073,.002,.997);
			es = "Linear";
			ed = "In";
		};
		["Left Arm"] = {
			tm = .034;
			cf = cfr(-.091,.022,-.019,-.194,.935,-.298,-.979,-.166,.117,.06,.315,.947);
			es = "Linear";
			ed = "In";
		};
		["Right Leg"] = {
			tm = .034;
			cf = cfr(-.209,-.029,-.044,.894,.223,-.39,-.273,.959,-.078,.356,.176,.918);
			es = "Linear";
			ed = "In";
		};
	};
	{
		tm = .067;
		["Torso"] = {
			tm = .033;
			cf = cfr(.076,-.154,.151,-.717,.681,.147,-.696,-.688,-.206,-.039,-.25,.968);
			es = "Linear";
			ed = "In";
		};
		["Left Leg"] = {
			tm = .033;
			cf = cfr(-.895,.271,.036,.978,-.185,-.099,.202,.959,.197,.058,-.213,.975);
			es = "Linear";
			ed = "In";
		};
		["Right Arm"] = {
			tm = .033;
			cf = cfr(.325,-.585,.632,.658,-.753,.019,.039,.059,.998,-.752,-.655,.068);
			es = "Linear";
			ed = "In";
		};
		["Head"] = {
			tm = .033;
			cf = cfr(0,0,.017,.892,-.433,-.13,.388,.88,-.273,.233,.193,.953);
			es = "Linear";
			ed = "In";
		};
		["Left Arm"] = {
			tm = .033;
			cf = cfr(-.099,.049,-.013,.594,.667,-.449,-.794,.575,-.196,.128,.473,.872);
			es = "Linear";
			ed = "In";
		};
		["Right Leg"] = {
			tm = .033;
			cf = cfr(.454,.146,.261,.843,.352,-.406,-.359,.931,.062,.4,.094,.912);
			es = "Linear";
			ed = "In";
		};
	};
	{
		tm = .1;
		["Torso"] = {
			tm = .017;
			cf = cfr(.113,-.141,.147,-.643,.742,.192,-.766,-.614,-.19,-.023,-.269,.963);
			es = "Linear";
			ed = "In";
		};
		["Left Leg"] = {
			tm = .017;
			cf = cfr(-1.084,.284,.037,.957,-.226,-.181,.247,.963,.104,.151,-.144,.978);
			es = "Linear";
			ed = "In";
		};
		["Right Arm"] = {
			tm = .017;
			cf = cfr(.325,-.585,.632,.681,-.732,.018,.032,.054,.998,-.732,-.679,.06);
			es = "Linear";
			ed = "In";
		};
		["Head"] = {
			tm = .017;
			cf = cfr(0,0,.017,.822,-.544,-.168,.496,.829,-.259,.281,.13,.951);
			es = "Linear";
			ed = "In";
		};
		["Left Arm"] = {
			tm = .017;
			cf = cfr(-.094,.039,-.011,.389,.804,-.45,-.91,.259,-.324,-.144,.536,.832);
			es = "Linear";
			ed = "In";
		};
		["Right Leg"] = {
			tm = .017;
			cf = cfr(.709,.438,.508,.728,.464,-.505,-.515,.856,.044,.453,.228,.862);
			es = "Linear";
			ed = "In";
		};
	};
	{
		tm = .117;
		["Torso"] = {
			tm = .0329;
			cf = cfr(-.05,-.156,-.023,-.274,.962,-.006,-.94,-.27,-.207,-.201,-.051,.978);
			es = "Linear";
			ed = "In";
		};
		["Left Leg"] = {
			tm = .0329;
			cf = cfr(-1.06,.718,-.148,.973,-.029,-.228,.085,.968,.237,.214,-.25,.944);
			es = "Linear";
			ed = "In";
		};
		["Right Arm"] = {
			tm = .0329;
			cf = cfr(.326,-.586,.632,.71,-.704,.021,.006,.037,.999,-.704,-.709,.03);
			es = "Linear";
			ed = "In";
		};
		["Head"] = {
			tm = .0329;
			cf = cfr(0,0,.017,.892,-.412,-.187,.4,.911,-.096,.21,.011,.978);
			es = "Linear";
			ed = "In";
		};
		["Left Arm"] = {
			tm = .0329;
			cf = cfr(-.093,.042,-.022,.4,.912,-.09,-.871,.347,-.348,-.287,.217,.933);
			es = "Linear";
			ed = "In";
		};
		["Right Leg"] = {
			tm = .0329;
			cf = cfr(.538,.156,.649,.819,.193,-.541,-.437,.821,-.367,.373,.537,.757);
			es = "Linear";
			ed = "In";
		};
	};
	{
		tm = .15;
		["Torso"] = {
			tm = .033;
			cf = cfr(-.228,-.206,-.327,.348,.911,-.223,-.92,.286,-.269,-.181,.299,.937);
			es = "Linear";
			ed = "In";
		};
		["Left Leg"] = {
			tm = .033;
			cf = cfr(-.626,1.043,-.087,.943,.329,-.046,-.307,.916,.258,.127,-.229,.965);
			es = "Linear";
			ed = "In";
		};
		["Right Arm"] = {
			tm = .033;
			cf = cfr(.328,-.585,.633,.735,-.677,.026,-.028,.009,1,-.677,-.736,-.012);
			es = "Linear";
			ed = "In";
		};
		["Head"] = {
			tm = .033;
			cf = cfr(0,0,.017,.98,-.188,.067,.194,.975,-.107,-.045,.117,.992);
			es = "Linear";
			ed = "In";
		};
		["Left Arm"] = {
			tm = .033;
			cf = cfr(-.103,.047,-.043,.437,.711,.55,-.828,.558,-.064,-.352,-.428,.833);
			es = "Linear";
			ed = "In";
		};
		["Right Leg"] = {
			tm = .033;
			cf = cfr(.498,.46,.507,.941,-.265,-.212,.153,.889,-.43,.303,.372,.877);
			es = "Linear";
			ed = "In";
		};
	};
	{
		tm = .183;
		["Torso"] = {
			tm = .034;
			cf = cfr(-.226,-.091,-.365,.578,.786,-.221,-.816,.564,-.129,.023,.255,.967);
			es = "Linear";
			ed = "In";
		};
		["Left Leg"] = {
			tm = .034;
			cf = cfr(-.607,.73,.33,.946,.185,.265,-.19,.982,-.004,-.261,-.047,.964);
			es = "Linear";
			ed = "In";
		};
		["Right Arm"] = {
			tm = .034;
			cf = cfr(.332,-.582,.635,.759,-.651,.026,-.056,-.025,.998,-.649,-.759,-.055);
			es = "Linear";
			ed = "In";
		};
		["Head"] = {
			tm = .034;
			cf = cfr(0,0,.017,.916,-.11,.385,.309,.806,-.505,-.255,.582,.772);
			es = "Linear";
			ed = "In";
		};
		["Left Arm"] = {
			tm = .034;
			cf = cfr(-.123,.044,-.054,.467,.18,.866,-.788,.53,.314,-.402,-.829,.389);
			es = "Linear";
			ed = "In";
		};
		["Right Leg"] = {
			tm = .034;
			cf = cfr(.641,.713,-.05,.943,-.317,.104,.288,.931,.224,-.168,-.182,.969);
			es = "Linear";
			ed = "In";
		};
	};
	{
		tm = .217;
		["Torso"] = {
			tm = .033;
			cf = cfr(-.389,-.375,-.523,.729,.542,-.418,-.684,.555,-.473,-.024,.631,.775);
			es = "Linear";
			ed = "In";
		};
		["Left Leg"] = {
			tm = .033;
			cf = cfr(-.035,.826,.352,.688,.586,.429,-.573,.801,-.175,-.446,-.126,.886);
			es = "Linear";
			ed = "In";
		};
		["Right Arm"] = {
			tm = .033;
			cf = cfr(.339,-.574,.636,.785,-.62,.013,-.062,-.057,.996,-.617,-.783,-.083);
			es = "Linear";
			ed = "In";
		};
		["Head"] = {
			tm = .033;
			cf = cfr(0,0,.017,.925,-.167,.341,.268,.923,-.274,-.269,.345,.899);
			es = "Linear";
			ed = "In";
		};
		["Left Arm"] = {
			tm = .033;
			cf = cfr(-.131,.041,-.054,.469,-.076,.88,-.766,.46,.448,-.439,-.884,.158);
			es = "Linear";
			ed = "In";
		};
		["Right Leg"] = {
			tm = .033;
			cf = cfr(.693,.757,-.351,.928,-.272,.255,.197,.938,.287,-.317,-.216,.924);
			es = "Linear";
			ed = "In";
		};
	};
	{
		tm = .25;
		["Torso"] = {
			tm = .0329;
			cf = cfr(-.273,-.527,-.583,.883,.38,-.278,-.462,.593,-.659,-.085,.71,.699);
			es = "Linear";
			ed = "In";
		};
		["Left Leg"] = {
			tm = .0329;
			cf = cfr(.153,.886,.233,.582,.684,.439,-.707,.693,-.142,-.401,-.228,.887);
			es = "Linear";
			ed = "In";
		};
		["Right Arm"] = {
			tm = .0329;
			cf = cfr(.35,-.561,.637,.813,-.581,-.021,-.032,-.082,.996,-.581,-.809,-.086);
			es = "Linear";
			ed = "In";
		};
		["Head"] = {
			tm = .0329;
			cf = cfr(0,0,.017,.978,-.164,.129,.185,.966,-.178,-.095,.198,.976);
			es = "Linear";
			ed = "In";
		};
		["Left Arm"] = {
			tm = .0329;
			cf = cfr(-.133,.042,-.053,.458,-.104,.883,-.757,.476,.448,-.467,-.873,.139);
			es = "Linear";
			ed = "In";
		};
		["Right Leg"] = {
			tm = .0329;
			cf = cfr(1.023,.33,-.363,.901,.34,.272,-.416,.854,.313,-.126,-.395,.91);
			es = "Linear";
			ed = "In";
		};
	};
	{
		tm = .283;
		["Torso"] = {
			tm = .0170;
			cf = cfr(-.334,-.596,-.683,.93,-.11,-.352,-.205,.638,-.742,.306,.762,.571);
			es = "Linear";
			ed = "In";
		};
		["Left Leg"] = {
			tm = .0170;
			cf = cfr(-.167,.553,.36,.605,.795,-.034,-.761,.565,-.319,-.235,.219,.947);
			es = "Linear";
			ed = "In";
		};
		["Right Arm"] = {
			tm = .0170;
			cf = cfr(.392,-.518,.638,.799,-.593,-.106,.129,-.004,.992,-.588,-.806,.073);
			es = "Linear";
			ed = "In";
		};
		["Head"] = {
			tm = .0170;
			cf = cfr(0,0,.017,.953,.251,.169,-.247,.968,-.049,-.176,.005,.984);
			es = "Linear";
			ed = "In";
		};
		["Left Arm"] = {
			tm = .0170;
			cf = cfr(-.135,.042,-.049,.446,-.128,.886,-.747,.491,.448,-.492,-.862,.123);
			es = "Linear";
			ed = "In";
		};
		["Right Leg"] = {
			tm = .0170;
			cf = cfr(.567,-.039,.059,.715,.697,-.053,-.625,.671,.398,.313,-.252,.916);
			es = "Linear";
			ed = "In";
		};
	};
	{
		tm = .3;
		["Torso"] = {
			tm = .0330;
			cf = cfr(-.279,-.627,-.685,.91,-.301,-.285,-.037,.625,-.78,.413,.72,.557);
			es = "Linear";
			ed = "In";
		};
		["Left Leg"] = {
			tm = .0330;
			cf = cfr(-.352,.586,.236,.717,.663,-.215,-.697,.674,-.244,-.017,.324,.946);
			es = "Linear";
			ed = "In";
		};
		["Right Arm"] = {
			tm = .0330;
			cf = cfr(.47,-.43,.647,.692,-.685,-.228,.456,.17,.873,-.559,-.708,.43);
			es = "Linear";
			ed = "In";
		};
		["Head"] = {
			tm = .0330;
			cf = cfr(0,0,.017,.906,.398,.144,-.402,.915,.001,-.131,-.059,.99);
			es = "Linear";
			ed = "In";
		};
		["Left Arm"] = {
			tm = .0330;
			cf = cfr(-.138,.043,-.043,.435,-.148,.888,-.739,.506,.446,-.515,-.85,.111);
			es = "Linear";
			ed = "In";
		};
		["Right Leg"] = {
			tm = .0330;
			cf = cfr(.379,-.001,.198,.605,.711,-.357,-.576,.701,.42,.549,-.048,.834);
			es = "Linear";
			ed = "In";
		};
	};
	{
		tm = .333;
		["Torso"] = {
			tm = .0339;
			cf = cfr(-.241,-.638,-.672,.9,-.364,-.239,.036,.608,-.793,.434,.706,.56);
			es = "Linear";
			ed = "In";
		};
		["Left Leg"] = {
			tm = .0339;
			cf = cfr(-.538,.552,.096,.866,.413,-.283,-.474,.857,-.2,.16,.308,.938);
			es = "Linear";
			ed = "In";
		};
		["Right Arm"] = {
			tm = .0339;
			cf = cfr(.555,-.318,.671,.524,-.784,-.332,.773,.274,.573,-.359,-.557,.749);
			es = "Linear";
			ed = "In";
		};
		["Head"] = {
			tm = .0339;
			cf = cfr(0,0,.017,.888,.437,.146,-.448,.892,.054,-.106,-.114,.988);
			es = "Linear";
			ed = "In";
		};
		["Left Arm"] = {
			tm = .0339;
			cf = cfr(-.141,.043,-.036,.424,-.164,.891,-.73,.52,.443,-.536,-.838,.101);
			es = "Linear";
			ed = "In";
		};
		["Right Leg"] = {
			tm = .0339;
			cf = cfr(.681,.248,.436,.394,.758,-.519,-.624,.636,.454,.674,.145,.724);
			es = "Linear";
			ed = "In";
		};
	};
	{
		tm = .367;
		["Torso"] = {
			tm = .0330;
			cf = cfr(-.199,-.648,-.658,.897,-.4,-.187,.093,.586,-.805,.432,.705,.563);
			es = "Linear";
			ed = "In";
		};
		["Left Leg"] = {
			tm = .0330;
			cf = cfr(-.518,.235,-.036,.906,.224,-.36,-.304,.935,-.183,.296,.275,.915);
			es = "Linear";
			ed = "In";
		};
		["Right Arm"] = {
			tm = .0330;
			cf = cfr(.62,-.198,.716,.371,-.817,-.441,.924,.278,.262,-.092,-.505,.858);
			es = "Linear";
			ed = "In";
		};
		["Head"] = {
			tm = .0330;
			cf = cfr(0,0,.017,.877,.457,.147,-.475,.871,.129,-.069,-.183,.981);
			es = "Linear";
			ed = "In";
		};
		["Left Arm"] = {
			tm = .0330;
			cf = cfr(-.145,.044,-.028,.414,-.177,.893,-.722,.533,.44,-.554,-.827,.093);
			es = "Linear";
			ed = "In";
		};
		["Right Leg"] = {
			tm = .0330;
			cf = cfr(-.164,1.004,-.477,.667,-.569,-.481,.741,.575,.347,.079,-.588,.805);
			es = "Linear";
			ed = "In";
		};
	};
	{
		tm = .4;
		["Torso"] = {
			tm = .0329;
			cf = cfr(-.155,-.656,-.645,.899,-.416,-.134,.139,.563,-.815,.415,.714,.564);
			es = "Linear";
			ed = "In";
		};
		["Left Leg"] = {
			tm = .0329;
			cf = cfr(-.372,.107,-.049,.899,.175,-.401,-.253,.956,-.15,.357,.237,.904);
			es = "Linear";
			ed = "In";
		};
		["Right Arm"] = {
			tm = .0329;
			cf = cfr(.66,-.101,.766,.255,-.8,-.543,.961,.269,.056,.102,-.536,.838);
			es = "Linear";
			ed = "In";
		};
		["Head"] = {
			tm = .0329;
			cf = cfr(0,0,.017,.874,.461,.152,-.485,.845,.226,-.024,-.271,.962);
			es = "Linear";
			ed = "In";
		};
		["Left Arm"] = {
			tm = .0329;
			cf = cfr(-.15,.044,-.018,.404,-.186,.895,-.715,.547,.436,-.571,-.816,.088);
			es = "Linear";
			ed = "In";
		};
		["Right Leg"] = {
			tm = .0329;
			cf = cfr(-.249,.041,-.115,-.205,-.81,-.549,.833,-.439,.337,-.514,-.389,.765);
			es = "Linear";
			ed = "In";
		};
	};
	{
		tm = .433;
		["Torso"] = {
			tm = .0340;
			cf = cfr(-.114,-.662,-.635,.905,-.417,-.085,.174,.543,-.822,.389,.729,.564);
			es = "Linear";
			ed = "In";
		};
		["Left Leg"] = {
			tm = .0340;
			cf = cfr(-.743,.394,-.204,.918,-.067,-.39,.034,.995,-.091,.395,.07,.916);
			es = "Linear";
			ed = "In";
		};
		["Right Arm"] = {
			tm = .0340;
			cf = cfr(.674,-.061,.789,.201,-.773,-.602,.962,.273,-.029,.186,-.573,.798);
			es = "Linear";
			ed = "In";
		};
		["Head"] = {
			tm = .0340;
			cf = cfr(0,0,.017,.878,.45,.162,-.478,.808,.345,.024,-.38,.924);
			es = "Linear";
			ed = "In";
		};
		["Left Arm"] = {
			tm = .0340;
			cf = cfr(-.154,.044,-.008,.395,-.193,.898,-.708,.559,.432,-.585,-.806,.084);
			es = "Linear";
			ed = "In";
		};
		["Right Leg"] = {
			tm = .0340;
			cf = cfr(-.237,-.009,-.095,-.134,-.843,-.521,.916,-.306,.261,-.379,-.442,.813);
			es = "Linear";
			ed = "In";
		};
	};
	{
		tm = .467;
		["Torso"] = {
			tm = .0159;
			cf = cfr(-.08,-.666,-.628,.911,-.411,-.043,.199,.527,-.827,.362,.744,.561);
			es = "Linear";
			ed = "In";
		};
		["Left Leg"] = {
			tm = .0159;
			cf = cfr(-.877,.646,-.269,.918,-.126,-.375,.119,.992,-.043,.378,-.005,.926);
			es = "Linear";
			ed = "In";
		};
		["Right Arm"] = {
			tm = .0159;
			cf = cfr(.676,-.061,.788,.198,-.744,-.638,.962,.272,-.018,.187,-.61,.77);
			es = "Linear";
			ed = "In";
		};
		["Head"] = {
			tm = .0159;
			cf = cfr(0,0,.017,.891,.424,.164,-.447,.754,.48,.08,-.501,.862);
			es = "Linear";
			ed = "In";
		};
		["Left Arm"] = {
			tm = .0159;
			cf = cfr(-.159,.045,.003,.387,-.198,.9,-.701,.571,.427,-.599,-.797,.082);
			es = "Linear";
			ed = "In";
		};
		["Right Leg"] = {
			tm = .0159;
			cf = cfr(-.222,.735,-.251,.485,-.734,-.476,.871,.456,.184,.081,-.503,.86);
			es = "Linear";
			ed = "In";
		};
	};
	{
		tm = .483;
		["Torso"] = {
			tm = .0340;
			cf = cfr(-.055,-.669,-.625,.915,-.404,-.013,.216,.515,-.829,.342,.756,.559);
			es = "Linear";
			ed = "In";
		};
		["Left Leg"] = {
			tm = .0340;
			cf = cfr(-.787,.918,-.25,.936,.027,-.352,-.029,1,-.001,.352,.011,.936);
			es = "Linear";
			ed = "In";
		};
		["Right Arm"] = {
			tm = .0340;
			cf = cfr(.677,-.062,.787,.207,-.706,-.677,.966,.259,.025,.157,-.659,.736);
			es = "Linear";
			ed = "In";
		};
		["Head"] = {
			tm = .0340;
			cf = cfr(0,0,.017,.905,.398,.151,-.405,.697,.592,.131,-.597,.792);
			es = "Linear";
			ed = "In";
		};
		["Left Arm"] = {
			tm = .0340;
			cf = cfr(-.164,.045,.014,.38,-.201,.903,-.695,.582,.422,-.61,-.788,.081);
			es = "Linear";
			ed = "In";
		};
		["Right Leg"] = {
			tm = .0340;
			cf = cfr(.13,.937,-.054,.828,-.348,-.439,.442,.888,.13,.344,-.302,.889);
			es = "Linear";
			ed = "In";
		};
	};
	{
		tm = .517;
		["Torso"] = {
			tm = .0330;
			cf = cfr(-.045,-.669,-.623,.915,-.404,0,.225,.51,-.83,.335,.759,.558);
			es = "Linear";
			ed = "In";
		};
		["Left Leg"] = {
			tm = .0330;
			cf = cfr(-.554,1.113,-.191,.901,.292,-.321,-.297,.954,.035,.316,.064,.946);
			es = "Linear";
			ed = "In";
		};
		["Right Arm"] = {
			tm = .0330;
			cf = cfr(.678,-.062,.786,.214,-.687,-.695,.967,.25,.051,.139,-.683,.718);
			es = "Linear";
			ed = "In";
		};
		["Head"] = {
			tm = .0330;
			cf = cfr(0,0,.017,.91,.39,.142,-.386,.668,.637,.153,-.634,.758);
			es = "Linear";
			ed = "In";
		};
		["Left Arm"] = {
			tm = .0330;
			cf = cfr(-.169,.046,.025,.373,-.202,.905,-.69,.592,.417,-.62,-.78,.082);
			es = "Linear";
			ed = "In";
		};
		["Right Leg"] = {
			tm = .0330;
			cf = cfr(.574,.675,.203,.906,.109,-.409,-.077,.993,.094,.416,-.054,.908);
			es = "Linear";
			ed = "In";
		};
	};
	{
		tm = .55;
		["Torso"] = {
			tm = .0329;
			cf = cfr(-.046,-.665,-.617,.911,-.412,-.002,.232,.516,-.825,.341,.751,.565);
			es = "Linear";
			ed = "In";
		};
		["Left Leg"] = {
			tm = .0329;
			cf = cfr(-.344,1.115,-.14,.775,.558,-.297,-.568,.821,.058,.276,.124,.953);
			es = "Linear";
			ed = "In";
		};
		["Right Arm"] = {
			tm = .0329;
			cf = cfr(.678,-.062,.786,.213,-.69,-.692,.967,.251,.048,.141,-.679,.721);
			es = "Linear";
			ed = "In";
		};
		["Head"] = {
			tm = .0329;
			cf = cfr(0,0,.017,.905,.403,.14,-.398,.681,.614,.152,-.611,.777);
			es = "Linear";
			ed = "In";
		};
		["Left Arm"] = {
			tm = .0329;
			cf = cfr(-.173,.046,.035,.368,-.202,.908,-.685,.602,.411,-.629,-.773,.083);
			es = "Linear";
			ed = "In";
		};
		["Right Leg"] = {
			tm = .0329;
			cf = cfr(.7,.193,.289,.83,.407,-.381,-.413,.908,.069,.374,.1,.922);
			es = "Linear";
			ed = "In";
		};
	};
	{
		tm = .583;
		["Torso"] = {
			tm = .0340;
			cf = cfr(-.053,-.656,-.603,.905,-.424,-.011,.239,.53,-.813,.351,.734,.582);
			es = "Linear";
			ed = "In";
		};
		["Left Leg"] = {
			tm = .0340;
			cf = cfr(-.259,.963,-.113,.599,.748,-.285,-.765,.64,.072,.236,.175,.956);
			es = "Linear";
			ed = "In";
		};
		["Right Arm"] = {
			tm = .0340;
			cf = cfr(.677,-.062,.787,.211,-.698,-.684,.967,.253,.04,.146,-.67,.728);
			es = "Linear";
			ed = "In";
		};
		["Head"] = {
			tm = .0340;
			cf = cfr(0,0,.017,.896,.424,.132,-.42,.714,.561,.144,-.558,.818);
			es = "Linear";
			ed = "In";
		};
		["Left Arm"] = {
			tm = .0340;
			cf = cfr(-.178,.046,.046,.363,-.201,.91,-.68,.61,.406,-.637,-.766,.085);
			es = "Linear";
			ed = "In";
		};
		["Right Leg"] = {
			tm = .0340;
			cf = cfr(.515,-.131,.208,.784,.518,-.343,-.539,.841,.039,.309,.155,.938);
			es = "Linear";
			ed = "In";
		};
	};
	{
		tm = .617;
		["Torso"] = {
			tm = .0330;
			cf = cfr(-.061,-.646,-.59,.901,-.434,-.02,.245,.546,-.801,.359,.717,.598);
			es = "Linear";
			ed = "In";
		};
		["Left Leg"] = {
			tm = .0330;
			cf = cfr(-.263,.749,-.094,.433,.856,-.283,-.879,.47,.077,.199,.215,.956);
			es = "Linear";
			ed = "In";
		};
		["Right Arm"] = {
			tm = .0330;
			cf = cfr(.677,-.062,.787,.209,-.708,-.675,.966,.257,.03,.152,-.658,.738);
			es = "Linear";
			ed = "In";
		};
		["Head"] = {
			tm = .0330;
			cf = cfr(0,0,.017,.887,.446,.118,-.441,.747,.497,.134,-.493,.86);
			es = "Linear";
			ed = "In";
		};
		["Left Arm"] = {
			tm = .0330;
			cf = cfr(-.181,.047,.055,.359,-.199,.912,-.677,.617,.401,-.643,-.761,.087);
			es = "Linear";
			ed = "In";
		};
		["Right Leg"] = {
			tm = .0330;
			cf = cfr(.226,-.222,.081,.806,.512,-.296,-.536,.844,.001,.251,.158,.955);
			es = "Linear";
			ed = "In";
		};
	};
	{
		tm = .65;
		["Torso"] = {
			tm = .0170;
			cf = cfr(-.065,-.64,-.582,.899,-.437,-.025,.248,.555,-.794,.361,.708,.607);
			es = "Linear";
			ed = "In";
		};
		["Left Leg"] = {
			tm = .0170;
			cf = cfr(-.302,.675,-.087,.38,.88,-.286,-.906,.416,.075,.185,.231,.955);
			es = "Linear";
			ed = "In";
		};
		["Right Arm"] = {
			tm = .0170;
			cf = cfr(.677,-.062,.787,.207,-.718,-.665,.965,.26,.02,.158,-.646,.747);
			es = "Linear";
			ed = "In";
		};
		["Head"] = {
			tm = .0170;
			cf = cfr(0,0,.017,.882,.46,.101,-.453,.771,.448,.128,-.441,.888);
			es = "Linear";
			ed = "In";
		};
		["Left Arm"] = {
			tm = .0170;
			cf = cfr(-.185,.047,.063,.355,-.197,.914,-.674,.624,.396,-.648,-.756,.089);
			es = "Linear";
			ed = "In";
		};
		["Right Leg"] = {
			tm = .0170;
			cf = cfr(.001,-.174,.002,.85,.45,-.272,-.473,.881,-.018,.232,.144,.962);
			es = "Linear";
			ed = "In";
		};
	};
	{
		tm = .667;
		["Torso"] = {
			tm = .0329;
			cf = cfr(-.032,-.64,-.581,.921,-.389,.015,.248,.556,-.794,.301,.735,.608);
			es = "Linear";
			ed = "In";
		};
		["Left Leg"] = {
			tm = .0329;
			cf = cfr(-.418,.984,-.136,.643,.725,-.247,-.726,.679,.105,.243,.112,.963);
			es = "Linear";
			ed = "In";
		};
		["Right Arm"] = {
			tm = .0329;
			cf = cfr(.676,-.062,.788,.206,-.725,-.657,.965,.262,.013,.163,-.636,.754);
			es = "Linear";
			ed = "In";
		};
		["Head"] = {
			tm = .0329;
			cf = cfr(0,0,.017,.898,.438,.037,-.406,.796,.449,.167,-.419,.893);
			es = "Linear";
			ed = "In";
		};
		["Left Arm"] = {
			tm = .0329;
			cf = cfr(-.188,.047,.07,.353,-.195,.915,-.671,.629,.393,-.652,-.753,.091);
			es = "Linear";
			ed = "In";
		};
		["Right Leg"] = {
			tm = .0329;
			cf = cfr(.044,-.121,.012,.859,.436,-.269,-.457,.889,-.02,.231,.14,.963);
			es = "Linear";
			ed = "In";
		};
	};
	{
		tm = .7;
		["Torso"] = {
			tm = .0330;
			cf = cfr(.001,-.64,-.584,.939,-.34,.055,.248,.555,-.794,.24,.759,.605);
			es = "Linear";
			ed = "In";
		};
		["Left Leg"] = {
			tm = .0330;
			cf = cfr(-.766,.983,-.179,.91,.339,-.237,-.322,.94,.111,.26,-.025,.965);
			es = "Linear";
			ed = "In";
		};
		["Right Arm"] = {
			tm = .0330;
			cf = cfr(.676,-.062,.788,.205,-.728,-.654,.965,.263,.01,.165,-.633,.757);
			es = "Linear";
			ed = "In";
		};
		["Head"] = {
			tm = .0330;
			cf = cfr(0,0,.017,.912,.41,-.011,-.353,.8,.486,.208,-.439,.874);
			es = "Linear";
			ed = "In";
		};
		["Left Arm"] = {
			tm = .0330;
			cf = cfr(-.19,.047,.075,.351,-.193,.916,-.669,.632,.39,-.655,-.75,.093);
			es = "Linear";
			ed = "In";
		};
		["Right Leg"] = {
			tm = .0330;
			cf = cfr(.555,.148,.185,.783,.545,-.3,-.57,.822,.005,.249,.167,.954);
			es = "Linear";
			ed = "In";
		};
	};
	{
		tm = .733;
		["Torso"] = {
			tm = .0340;
			cf = cfr(-.021,-.64,-.582,.927,-.373,.029,.248,.555,-.794,.281,.743,.607);
			es = "Linear";
			ed = "In";
		};
		["Left Leg"] = {
			tm = .0340;
			cf = cfr(-.66,.446,-.059,.912,.194,-.362,-.205,.979,.009,.357,.066,.932);
			es = "Linear";
			ed = "In";
		};
		["Right Arm"] = {
			tm = .0340;
			cf = cfr(.677,-.062,.787,.211,-.7,-.683,.966,.254,.038,.147,-.668,.73);
			es = "Linear";
			ed = "In";
		};
		["Head"] = {
			tm = .0340;
			cf = cfr(0,0,.017,.906,.422,.035,-.383,.78,.495,.181,-.462,.868);
			es = "Linear";
			ed = "In";
		};
		["Left Arm"] = {
			tm = .0340;
			cf = cfr(-.191,.047,.078,.35,-.191,.917,-.668,.635,.388,-.656,-.749,.094);
			es = "Linear";
			ed = "In";
		};
		["Right Leg"] = {
			tm = .0340;
			cf = cfr(-.113,1.563,-.123,.822,-.396,-.41,.471,.877,.096,.322,-.272,.907);
			es = "Linear";
			ed = "In";
		};
	};
	{
		tm = .767;
		["Torso"] = {
			tm = .0330;
			cf = cfr(-.043,-.64,-.582,.914,-.405,.002,.248,.555,-.794,.321,.726,.608);
			es = "Linear";
			ed = "In";
		};
		["Left Leg"] = {
			tm = .0330;
			cf = cfr(-.512,.34,.071,.875,.132,-.466,-.191,.978,-.081,.445,.16,.881);
			es = "Linear";
			ed = "In";
		};
		["Right Arm"] = {
			tm = .0330;
			cf = cfr(.678,-.062,.786,.217,-.669,-.71,.968,.244,.067,.128,-.702,.701);
			es = "Linear";
			ed = "In";
		};
		["Head"] = {
			tm = .0330;
			cf = cfr(0,0,.017,.918,.386,.093,-.384,.804,.454,.1,-.453,.886);
			es = "Linear";
			ed = "In";
		};
		["Left Arm"] = {
			tm = .0330;
			cf = cfr(-.192,.047,.08,.35,-.191,.917,-.668,.636,.387,-.657,-.748,.095);
			es = "Linear";
			ed = "In";
		};
		["Right Leg"] = {
			tm = .0330;
			cf = cfr(-.051,.771,.001,.088,-.886,-.456,.99,.029,.136,-.108,-.464,.879);
			es = "Linear";
			ed = "In";
		};
	};
	{
		tm = .8;
		["Torso"] = {
			tm = .0329;
			cf = cfr(-.043,-.641,-.582,.92,-.391,.002,.239,.558,-.794,.309,.732,.607);
			es = "Linear";
			ed = "In";
		};
		["Left Leg"] = {
			tm = .0329;
			cf = cfr(-.719,.391,.041,.864,-.032,-.502,-.037,.991,-.127,.501,.129,.856);
			es = "Linear";
			ed = "In";
		};
		["Right Arm"] = {
			tm = .0329;
			cf = cfr(.677,-.062,.787,.212,-.697,-.685,.967,.253,.041,.145,-.671,.727);
			es = "Linear";
			ed = "In";
		};
		["Head"] = {
			tm = .0329;
			cf = cfr(0,0,.017,.959,.242,.145,-.28,.884,.375,-.037,-.4,.916);
			es = "Linear";
			ed = "In";
		};
		["Left Arm"] = {
			tm = .0329;
			cf = cfr(-.192,.047,.08,.35,-.191,.917,-.668,.636,.387,-.657,-.748,.095);
			es = "Linear";
			ed = "In";
		};
		["Right Leg"] = {
			tm = .0329;
			cf = cfr(.033,.981,.017,.367,-.831,-.419,.929,.352,.116,.051,-.432,.901);
			es = "Linear";
			ed = "In";
		};
	};
	{
		tm = .833;
		["Torso"] = {
			tm = .0170;
			cf = cfr(-.011,-.641,-.583,.933,-.358,.041,.248,.555,-.794,.261,.751,.606);
			es = "Linear";
			ed = "In";
		};
		["Left Leg"] = {
			tm = .0170;
			cf = cfr(-1.185,.559,-.15,.799,-.269,-.538,.222,.963,-.151,.559,.001,.829);
			es = "Linear";
			ed = "In";
		};
		["Right Arm"] = {
			tm = .0170;
			cf = cfr(.676,-.062,.787,.206,-.723,-.659,.965,.262,.015,.162,-.639,.752);
			es = "Linear";
			ed = "In";
		};
		["Head"] = {
			tm = .0170;
			cf = cfr(0,0,.017,.978,.049,.201,-.105,.955,.278,-.178,-.293,.939);
			es = "Linear";
			ed = "In";
		};
		["Left Arm"] = {
			tm = .0170;
			cf = cfr(-.192,.047,.08,.35,-.191,.917,-.668,.636,.387,-.657,-.748,.095);
			es = "Linear";
			ed = "In";
		};
		["Right Leg"] = {
			tm = .0170;
			cf = cfr(.312,1.196,.138,.772,-.522,-.362,.577,.815,.056,.266,-.252,.93);
			es = "Linear";
			ed = "In";
		};
	};
	{
		tm = .85;
		["Torso"] = {
			tm = .0330;
			cf = cfr(.047,-.626,-.613,.894,-.39,.221,.403,.485,-.776,.195,.783,.59);
			es = "Linear";
			ed = "In";
		};
		["Left Leg"] = {
			tm = .0330;
			cf = cfr(-1.305,.887,-.033,.893,-.149,-.424,.152,.988,-.028,.423,-.04,.905);
			es = "Linear";
			ed = "In";
		};
		["Right Arm"] = {
			tm = .0330;
			cf = cfr(.687,-.079,.729,.206,-.723,-.659,.965,.262,.015,.162,-.639,.752);
			es = "Linear";
			ed = "In";
		};
		["Head"] = {
			tm = .0330;
			cf = cfr(0,0,.017,.982,-.044,.185,.006,.98,.198,-.19,-.193,.962);
			es = "Linear";
			ed = "In";
		};
		["Left Arm"] = {
			tm = .0330;
			cf = cfr(-.187,.048,.079,.37,-.041,.928,-.688,.659,.304,-.624,-.751,.216);
			es = "Linear";
			ed = "In";
		};
		["Right Leg"] = {
			tm = .0330;
			cf = cfr(.329,.756,.209,.866,-.3,-.399,.305,.951,-.054,.396,-.075,.915);
			es = "Linear";
			ed = "In";
		};
	};
	{
		tm = .883;
		["Torso"] = {
			tm = .0340;
			cf = cfr(.094,-.548,-.678,.737,-.473,.483,.656,.326,-.681,.164,.819,.55);
			es = "Linear";
			ed = "In";
		};
		["Left Leg"] = {
			tm = .0340;
			cf = cfr(-1.097,1.216,.178,.927,.25,-.278,-.245,.968,.054,.282,.018,.959);
			es = "Linear";
			ed = "In";
		};
		["Right Arm"] = {
			tm = .0340;
			cf = cfr(.715,-.124,.582,.206,-.723,-.659,.965,.262,.015,.162,-.639,.752);
			es = "Linear";
			ed = "In";
		};
		["Head"] = {
			tm = .0340;
			cf = cfr(0,0,.017,.996,-.01,.085,-.001,.992,.125,-.085,-.124,.989);
			es = "Linear";
			ed = "In";
		};
		["Left Arm"] = {
			tm = .0340;
			cf = cfr(-.177,.049,.079,.42,.266,.868,-.734,.661,.153,-.533,-.701,.473);
			es = "Linear";
			ed = "In";
		};
		["Right Leg"] = {
			tm = .0340;
			cf = cfr(-.042,.429,.013,.811,-.31,-.496,.241,.95,-.199,.533,.042,.845);
			es = "Linear";
			ed = "In";
		};
	};
	{
		tm = .917;
		["Torso"] = {
			tm = .0329;
			cf = cfr(.144,-.443,-.723,.547,-.524,.653,.817,.163,-.554,.184,.836,.517);
			es = "Linear";
			ed = "In";
		};
		["Left Leg"] = {
			tm = .0329;
			cf = cfr(-.937,1.205,.321,.796,.528,-.296,-.554,.832,-.004,.244,.167,.955);
			es = "Linear";
			ed = "In";
		};
		["Right Arm"] = {
			tm = .0329;
			cf = cfr(.751,-.181,.391,.206,-.723,-.659,.965,.262,.015,.162,-.639,.752);
			es = "Linear";
			ed = "In";
		};
		["Head"] = {
			tm = .0329;
			cf = cfr(0,0,.017,.998,.054,-.014,-.054,.998,.021,.015,-.02,1);
			es = "Linear";
			ed = "In";
		};
		["Left Arm"] = {
			tm = .0329;
			cf = cfr(-.168,.049,.081,.498,.487,.717,-.77,.629,.107,-.399,-.605,.689);
			es = "Linear";
			ed = "In";
		};
		["Right Leg"] = {
			tm = .0329;
			cf = cfr(-.072,.373,-.029,.773,-.283,-.568,.119,.944,-.309,.623,.171,.763);
			es = "Linear";
			ed = "In";
		};
	};
	{
		tm = .95;
		["Torso"] = {
			tm = .0330;
			cf = cfr(.232,-.476,-.756,.416,-.498,.76,.894,.074,-.441,.164,.864,.476);
			es = "Linear";
			ed = "In";
		};
		["Left Leg"] = {
			tm = .0330;
			cf = cfr(-1.02,1.222,.32,.84,.447,-.307,-.46,.887,.031,.286,.115,.951);
			es = "Linear";
			ed = "In";
		};
		["Right Arm"] = {
			tm = .0330;
			cf = cfr(.787,-.238,.201,.206,-.723,-.659,.965,.262,.015,.162,-.639,.752);
			es = "Linear";
			ed = "In";
		};
		["Head"] = {
			tm = .0330;
			cf = cfr(0,0,.017,.992,.064,-.112,-.074,.993,-.087,.106,.095,.99);
			es = "Linear";
			ed = "In";
		};
		["Left Arm"] = {
			tm = .0330;
			cf = cfr(-.164,.048,.082,.585,.581,.565,-.772,.612,.17,-.248,-.536,.807);
			es = "Linear";
			ed = "In";
		};
		["Right Leg"] = {
			tm = .0330;
			cf = cfr(-.081,.323,-.061,.713,-.374,-.593,.148,.907,-.395,.685,.194,.702);
			es = "Linear";
			ed = "In";
		};
	};
	{
		tm = .983;
		["Torso"] = {
			tm = .0339;
			cf = cfr(.406,-.464,-.993,.131,-.197,.972,.988,-.051,-.144,.078,.979,.188);
			es = "Linear";
			ed = "In";
		};
		["Left Leg"] = {
			tm = .0339;
			cf = cfr(-.96,1.524,.208,.885,.445,-.137,-.396,.875,.28,.244,-.193,.95);
			es = "Linear";
			ed = "In";
		};
		["Right Arm"] = {
			tm = .0339;
			cf = cfr(.815,-.283,.054,.206,-.723,-.659,.965,.262,.015,.162,-.639,.752);
			es = "Linear";
			ed = "In";
		};
		["Head"] = {
			tm = .0339;
			cf = cfr(0,0,.017,.954,.029,-.299,-.003,.996,.089,.301,-.084,.95);
			es = "Linear";
			ed = "In";
		};
		["Left Arm"] = {
			tm = .0339;
			cf = cfr(-.162,.047,.084,.632,.635,.443,-.765,.604,.226,-.124,-.482,.867);
			es = "Linear";
			ed = "In";
		};
		["Right Leg"] = {
			tm = .0339;
			cf = cfr(.011,.175,-.102,.607,-.677,-.416,.307,.683,-.662,.733,.274,.623);
			es = "Linear";
			ed = "In";
		};
	};
	{
		tm = 1.017;
		["Torso"] = {
			tm = .0160;
			cf = cfr(.371,-.193,-1.027,-.364,-.057,.93,.903,-.264,.338,.226,.963,.148);
			es = "Linear";
			ed = "In";
		};
		["Left Leg"] = {
			tm = .0160;
			cf = cfr(-.764,1.439,.294,.753,.658,-.018,-.627,.725,.287,.202,-.205,.958);
			es = "Linear";
			ed = "In";
		};
		["Right Arm"] = {
			tm = .0160;
			cf = cfr(.826,-.3,-.005,.206,-.723,-.659,.965,.262,.015,.162,-.639,.752);
			es = "Linear";
			ed = "In";
		};
		["Head"] = {
			tm = .0160;
			cf = cfr(0,0,.017,.948,.047,-.316,-.074,.994,-.075,.311,.094,.946);
			es = "Linear";
			ed = "In";
		};
		["Left Arm"] = {
			tm = .0160;
			cf = cfr(-.161,.047,.085,.649,.654,.389,-.758,.602,.252,-.069,-.458,.886);
			es = "Linear";
			ed = "In";
		};
		["Right Leg"] = {
			tm = .0160;
			cf = cfr(.043,.126,-.125,.525,-.77,-.362,.35,.583,-.733,.776,.259,.576);
			es = "Linear";
			ed = "In";
		};
	};
	{
		tm = 1.033;
		["Torso"] = {
			tm = .0340;
			cf = cfr(.001,.552,-1.126,-.938,.312,-.152,-.192,-.104,.976,.288,.944,.158);
			es = "Linear";
			ed = "In";
		};
		["Left Leg"] = {
			tm = .0340;
			cf = cfr(-.474,1.126,.268,.493,.868,.055,-.867,.496,-.053,-.074,-.021,.997);
			es = "Linear";
			ed = "In";
		};
		["Right Arm"] = {
			tm = .0340;
			cf = cfr(.823,-.301,-.002,.201,-.809,-.552,.968,.25,-.013,.148,-.532,.834);
			es = "Linear";
			ed = "In";
		};
		["Head"] = {
			tm = .0340;
			cf = cfr(0,0,.017,.992,-.106,-.07,.082,.958,-.276,.096,.268,.959);
			es = "Linear";
			ed = "In";
		};
		["Left Arm"] = {
			tm = .0340;
			cf = cfr(-.161,.047,.085,.65,.655,.386,-.757,.603,.252,-.067,-.456,.887);
			es = "Linear";
			ed = "In";
		};
		["Right Leg"] = {
			tm = .0340;
			cf = cfr(.215,.946,.32,.612,-.74,-.278,.665,.672,-.326,.428,.015,.904);
			es = "Linear";
			ed = "In";
		};
	};
	{
		tm = 1.067;
		["Torso"] = {
			tm = .0330;
			cf = cfr(-.582,-.18,-1.025,.025,.511,-.859,-.977,.193,.086,.21,.838,.504);
			es = "Linear";
			ed = "In";
		};
		["Left Leg"] = {
			tm = .0330;
			cf = cfr(-.328,.557,.185,.001,1,.009,-.998,0,.059,.059,-.009,.998);
			es = "Linear";
			ed = "In";
		};
		["Right Arm"] = {
			tm = .0330;
			cf = cfr(.571,-.787,-.009,.657,-.526,-.54,.707,.678,.2,.261,-.513,.817);
			es = "Linear";
			ed = "In";
		};
		["Head"] = {
			tm = .0330;
			cf = cfr(0,0,.017,.883,.392,-.26,-.392,.918,.055,.26,.053,.964);
			es = "Linear";
			ed = "In";
		};
		["Left Arm"] = {
			tm = .0330;
			cf = cfr(.39,.079,.013,.292,.784,.547,-.954,.197,.226,.069,-.588,.806);
			es = "Linear";
			ed = "In";
		};
		["Right Leg"] = {
			tm = .0330;
			cf = cfr(-.048,.491,.014,.821,-.142,-.552,.213,.975,.065,.529,-.171,.831);
			es = "Linear";
			ed = "In";
		};
	};
	{
		tm = 1.1;
		["Torso"] = {
			tm = .0329;
			cf = cfr(-.402,-.304,-.919,.358,.679,-.641,-.907,.417,-.064,.224,.604,.765);
			es = "Linear";
			ed = "In";
		};
		["Left Leg"] = {
			tm = .0329;
			cf = cfr(-.551,.782,.241,.886,.461,.052,-.437,.867,-.239,-.155,.189,.97);
			es = "Linear";
			ed = "In";
		};
		["Right Arm"] = {
			tm = .0329;
			cf = cfr(.565,-.794,-.01,.541,-.693,-.477,.84,.469,.272,.035,-.548,.836);
			es = "Linear";
			ed = "In";
		};
		["Head"] = {
			tm = .0329;
			cf = cfr(0,0,.017,.861,.49,.136,-.437,.85,-.293,-.259,.193,.946);
			es = "Linear";
			ed = "In";
		};
		["Left Arm"] = {
			tm = .0329;
			cf = cfr(.393,.085,.019,.384,.843,.375,-.922,.372,.107,-.049,-.387,.921);
			es = "Linear";
			ed = "In";
		};
		["Right Leg"] = {
			tm = .0329;
			cf = cfr(.634,.423,.144,.931,.36,-.062,-.36,.933,.016,.063,.007,.998);
			es = "Linear";
			ed = "In";
		};
	};
	{
		tm = 1.133;
		["Torso"] = {
			tm = .0340;
			cf = cfr(-.011,-.205,-.574,.769,.617,-.166,-.618,.785,.056,.165,.06,.985);
			es = "Linear";
			ed = "In";
		};
		["Left Leg"] = {
			tm = .0340;
			cf = cfr(-.093,.572,.108,.99,-.041,.134,.023,.991,.133,-.138,-.129,.982);
			es = "Linear";
			ed = "In";
		};
		["Right Arm"] = {
			tm = .0340;
			cf = cfr(.709,-.098,.098,.139,-.629,-.765,.96,-.105,.261,-.245,-.77,.589);
			es = "Linear";
			ed = "In";
		};
		["Head"] = {
			tm = .0340;
			cf = cfr(0,0,.017,.962,.234,.141,-.164,.908,-.385,-.219,.348,.912);
			es = "Linear";
			ed = "In";
		};
		["Left Arm"] = {
			tm = .0340;
			cf = cfr(-.005,.173,-.196,.199,.97,-.141,-.976,.208,.056,.084,.126,.988);
			es = "Linear";
			ed = "In";
		};
		["Right Leg"] = {
			tm = .0340;
			cf = cfr(.394,.206,.236,.682,.666,-.301,-.638,.743,.199,.356,.057,.933);
			es = "Linear";
			ed = "In";
		};
	};
	{
		tm = 1.167;
		["Torso"] = {
			tm = .0329;
			cf = cfr(.321,.023,-.487,.756,-.424,.498,.477,.879,.025,-.448,.219,.867);
			es = "Linear";
			ed = "In";
		};
		["Left Leg"] = {
			tm = .0329;
			cf = cfr(-.091,.635,.073,.658,.749,.072,-.713,.59,.38,.242,-.302,.922);
			es = "Linear";
			ed = "In";
		};
		["Right Arm"] = {
			tm = .0329;
			cf = cfr(.715,-.098,.095,.152,-.472,-.869,.967,-.113,.23,-.207,-.874,.439);
			es = "Linear";
			ed = "In";
		};
		["Head"] = {
			tm = .0329;
			cf = cfr(0,0,.017,.982,.046,.182,-.022,.991,-.129,-.187,.122,.975);
			es = "Linear";
			ed = "In";
		};
		["Left Arm"] = {
			tm = .0329;
			cf = cfr(-.006,.171,-.186,.124,.895,-.428,-.987,.154,.035,.097,.419,.903);
			es = "Linear";
			ed = "In";
		};
		["Right Leg"] = {
			tm = .0329;
			cf = cfr(.437,-.12,.225,.486,.778,-.398,-.868,.482,-.117,.101,.402,.91);
			es = "Linear";
			ed = "In";
		};
	};
	{
		tm = 1.2;
		["Torso"] = {
			tm = .0170;
			cf = cfr(-.031,-.249,-.432,.044,-.283,.958,.986,.165,.003,-.159,.945,.286);
			es = "Linear";
			ed = "In";
		};
		["Left Leg"] = {
			tm = .0170;
			cf = cfr(-.157,.398,.097,.326,.941,-.09,-.942,.331,.05,.077,.068,.995);
			es = "Linear";
			ed = "In";
		};
		["Right Arm"] = {
			tm = .0170;
			cf = cfr(.356,.019,.329,.167,-.39,-.906,.962,-.139,.237,-.218,-.91,.352);
			es = "Linear";
			ed = "In";
		};
		["Head"] = {
			tm = .0170;
			cf = cfr(0,0,.017,.932,.282,-.229,-.298,.954,-.037,.208,.103,.973);
			es = "Linear";
			ed = "In";
		};
		["Left Arm"] = {
			tm = .0170;
			cf = cfr(-.006,.168,-.183,.056,.868,-.493,-.997,.078,.023,.059,.491,.869);
			es = "Linear";
			ed = "In";
		};
		["Right Leg"] = {
			tm = .0170;
			cf = cfr(.915,.093,.048,.767,.621,.157,-.622,.781,-.049,-.153,-.06,.986);
			es = "Linear";
			ed = "In";
		};
	};
	{
		tm = 1.217;
		["Torso"] = {
			tm = .0329;
			cf = cfr(-.031,-.354,-.185,.044,-.283,.958,.953,-.275,-.125,.299,.919,.257);
			es = "Linear";
			ed = "In";
		};
		["Left Leg"] = {
			tm = .0329;
			cf = cfr(-.104,.313,.094,.694,.719,-.024,-.715,.693,.088,.08,-.044,.996);
			es = "Linear";
			ed = "In";
		};
		["Right Arm"] = {
			tm = .0329;
			cf = cfr(.356,.019,.329,.169,-.377,-.911,.961,-.143,.237,-.219,-.915,.338);
			es = "Linear";
			ed = "In";
		};
		["Head"] = {
			tm = .0329;
			cf = cfr(0,0,.017,.965,-.027,-.262,-.037,.971,-.235,.26,.237,.936);
			es = "Linear";
			ed = "In";
		};
		["Left Arm"] = {
			tm = .0329;
			cf = cfr(-.006,.162,-.184,-.114,.877,-.466,-.993,-.096,.062,.01,.47,.882);
			es = "Linear";
			ed = "In";
		};
		["Right Leg"] = {
			tm = .0329;
			cf = cfr(.006,.342,.065,.854,.186,-.486,-.111,.978,.179,.509,-.098,.855);
			es = "Linear";
			ed = "In";
		};
	};
	{
		tm = 1.25;
		["Torso"] = {
			tm = .0329;
			cf = cfr(.061,-.479,-.352,.08,-.271,.959,.454,-.847,-.277,.887,.458,.055);
			es = "Linear";
			ed = "In";
		};
		["Left Leg"] = {
			tm = .0329;
			cf = cfr(.163,.101,.01,.802,.31,.51,-.35,.937,-.019,-.483,-.163,.86);
			es = "Linear";
			ed = "In";
		};
		["Right Arm"] = {
			tm = .0329;
			cf = cfr(.356,.019,.329,.169,-.375,-.911,.961,-.143,.237,-.22,-.916,.336);
			es = "Linear";
			ed = "In";
		};
		["Head"] = {
			tm = .0329;
			cf = cfr(0,0,.017,.947,-.269,-.173,.245,.958,-.15,.206,.1,.973);
			es = "Linear";
			ed = "In";
		};
		["Left Arm"] = {
			tm = .0329;
			cf = cfr(-.005,.173,-.199,.222,.974,-.05,-.974,.223,.03,.041,.042,.998);
			es = "Linear";
			ed = "In";
		};
		["Right Leg"] = {
			tm = .0329;
			cf = cfr(.193,.299,.143,.973,.206,-.104,-.197,.976,.088,.12,-.065,.991);
			es = "Linear";
			ed = "In";
		};
	};
	{
		tm = 1.283;
		["Torso"] = {
			tm = .0340;
			cf = cfr(.061,-.236,-.629,.08,-.271,.959,-.975,-.221,.019,.207,-.937,-.282);
			es = "Linear";
			ed = "In";
		};
		["Left Leg"] = {
			tm = .0340;
			cf = cfr(-.624,-.099,.247,.999,-.04,.02,.042,.993,-.107,-.016,.108,.994);
			es = "Linear";
			ed = "In";
		};
		["Right Arm"] = {
			tm = .0340;
			cf = cfr(.355,.019,.328,.171,-.402,-.9,.964,-.119,.236,-.202,-.908,.367);
			es = "Linear";
			ed = "In";
		};
		["Head"] = {
			tm = .0340;
			cf = cfr(0,0,.017,.982,.161,-.098,-.167,.984,-.056,.087,.072,.994);
			es = "Linear";
			ed = "In";
		};
		["Left Arm"] = {
			tm = .0340;
			cf = cfr(-.01,.17,-.177,.159,.748,-.645,-.987,.108,-.117,-.018,.655,.755);
			es = "Linear";
			ed = "In";
		};
		["Right Leg"] = {
			tm = .0340;
			cf = cfr(.245,.27,.151,.542,.84,-.026,-.84,.542,-.005,.01,.025,1);
			es = "Linear";
			ed = "In";
		};
	};
	{
		tm = 1.317;
		["Torso"] = {
			tm = .0330;
			cf = cfr(.028,-.022,-.626,.2,-.34,.919,-.938,.204,.279,-.283,-.918,-.279);
			es = "Linear";
			ed = "In";
		};
		["Left Leg"] = {
			tm = .0330;
			cf = cfr(-.727,-.233,.175,.979,-.077,-.188,.001,.927,-.374,.203,.366,.908);
			es = "Linear";
			ed = "In";
		};
		["Right Arm"] = {
			tm = .0330;
			cf = cfr(.353,.02,.322,.177,-.467,-.866,.972,-.058,.23,-.158,-.882,.444);
			es = "Linear";
			ed = "In";
		};
		["Head"] = {
			tm = .0330;
			cf = cfr(0,0,.017,.989,.144,-.033,-.147,.984,-.105,.017,.109,.994);
			es = "Linear";
			ed = "In";
		};
		["Left Arm"] = {
			tm = .0330;
			cf = cfr(-.009,.171,-.179,.162,.782,-.602,-.987,.122,-.108,-.011,.612,.791);
			es = "Linear";
			ed = "In";
		};
		["Right Leg"] = {
			tm = .0330;
			cf = cfr(.061,.425,.069,.411,.817,-.405,-.779,.546,.31,.474,.188,.86);
			es = "Linear";
			ed = "In";
		};
	};
	{
		tm = 1.35;
		["Torso"] = {
			tm = .0329;
			cf = cfr(.028,.029,-.557,.217,-.328,.92,-.853,.394,.342,-.474,-.859,-.194);
			es = "Linear";
			ed = "In";
		};
		["Left Leg"] = {
			tm = .0329;
			cf = cfr(-.775,-.229,.072,.934,-.197,-.298,.075,.923,-.377,.35,.33,.877);
			es = "Linear";
			ed = "In";
		};
		["Right Arm"] = {
			tm = .0329;
			cf = cfr(.348,.022,.311,.19,-.548,-.815,.977,.021,.214,-.1,-.836,.539);
			es = "Linear";
