-- // converted using mech's animoduler
local cfr = CFrame.new

return {
	{
		tm = .083;
		["Torso"] = {
			tm = .017;
			cf = cfr(.079,.145,-.025,.879,.477,.023,-.477,.877,.059,.008,-.062,.998);
			es = "Linear";
			ed = "In";
		};
		["Head"] = {
			tm = .017;
			cf = cfr(0,0,0,.956,-.292,.035,.294,.947,-.128,.004,.133,.991);
			es = "Linear";
			ed = "In";
		};
		["Left Leg"] = {
			tm = .017;
			cf = cfr(.206,.075,.107,.939,-.088,.334,.045,.99,.133,-.342,-.11,.933);
			es = "Linear";
			ed = "In";
		};
		["Right Arm"] = {
			tm = .017;
			cf = cfr(0,0,0,.728,-.537,-.426,.574,.817,-.049,.374,-.209,.903);
			es = "Linear";
			ed = "In";
		};
		["Right Leg"] = {
			tm = .017;
			cf = cfr(-.027,.048,-.003,.995,.086,-.052,-.081,.992,.092,.059,-.087,.994);
			es = "Linear";
			ed = "In";
		};
		["Left Arm"] = {
			tm = .017;
			cf = cfr(0,0,0,.987,.089,.131,-.103,.99,.101,-.12,-.114,.986);
			es = "Linear";
			ed = "In";
		};
	};
	{
		tm = .1;
		["Torso"] = {
			tm = .017;
			cf = cfr(.079,.167,-.017,.864,.503,.026,-.504,.862,.052,.003,-.058,.998);
			es = "Linear";
			ed = "In";
		};
		["Head"] = {
			tm = .017;
			cf = cfr(0,0,0,.953,-.301,.035,.303,.944,-.128,.005,.132,.991);
			es = "Linear";
			ed = "In";
		};
		["Left Leg"] = {
			tm = .017;
			cf = cfr(.213,.074,.108,.933,-.085,.349,.037,.989,.143,-.358,-.12,.926);
			es = "Linear";
			ed = "In";
		};
		["Right Arm"] = {
			tm = .017;
			cf = cfr(0,0,0,.734,-.553,-.394,.587,.809,-.041,.342,-.201,.918);
			es = "Linear";
			ed = "In";
		};
		["Right Leg"] = {
			tm = .017;
			cf = cfr(-.02,-.026,.004,.996,.082,-.028,-.079,.993,.088,.035,-.086,.996);
			es = "Linear";
			ed = "In";
		};
		["Left Arm"] = {
			tm = .017;
			cf = cfr(.002,-.003,.002,.985,.116,.128,-.127,.988,.086,-.116,-.101,.988);
			es = "Linear";
			ed = "In";
		};
	};
	{
		tm = .117;
		["Torso"] = {
			tm = .016;
			cf = cfr(.079,.228,.005,.839,.543,.035,-.544,.838,.034,-.011,-.048,.999);
			es = "Linear";
			ed = "In";
		};
		["Head"] = {
			tm = .016;
			cf = cfr(0,0,0,.945,-.326,.034,.328,.936,-.128,.009,.132,.991);
			es = "Linear";
			ed = "In";
		};
		["Left Leg"] = {
			tm = .016;
			cf = cfr(.215,.07,.117,.931,-.068,.36,.008,.986,.164,-.366,-.15,.919);
			es = "Linear";
			ed = "In";
		};
		["Right Arm"] = {
			tm = .016;
			cf = cfr(0,0,0,.744,-.593,-.308,.619,.785,-.018,.252,-.177,.951);
			es = "Linear";
			ed = "In";
		};
		["Right Leg"] = {
			tm = .016;
			cf = cfr(.003,-.021,.001,.997,.083,.004,-.083,.993,.082,.003,-.083,.997);
			es = "Linear";
			ed = "In";
		};
		["Left Arm"] = {
			tm = .016;
			cf = cfr(.008,-.012,.009,.975,.19,.117,-.196,.98,.043,-.106,-.065,.992);
			es = "Linear";
			ed = "In";
		};
	};
	{
		tm = .133;
		["Torso"] = {
			tm = .0169;
			cf = cfr(.079,.315,.036,.808,.587,.046,-.588,.809,.009,-.032,-.035,.999);
			es = "Linear";
			ed = "In";
		};
		["Head"] = {
			tm = .0169;
			cf = cfr(0,0,0,.931,-.363,.033,.364,.923,-.128,.016,.131,.991);
			es = "Linear";
			ed = "In";
		};
		["Left Leg"] = {
			tm = .0169;
			cf = cfr(.21,.066,.132,.932,-.04,.359,-.034,.98,.198,-.36,-.197,.912);
			es = "Linear";
			ed = "In";
		};
		["Right Arm"] = {
			tm = .0169;
			cf = cfr(0,0,0,.74,-.648,-.179,.662,.749,.022,.12,-.135,.984);
			es = "Linear";
			ed = "In";
		};
		["Right Leg"] = {
			tm = .0169;
			cf = cfr(.037,0,-.007,.995,.092,.034,-.095,.992,.078,-.026,-.081,.996);
			es = "Linear";
			ed = "In";
		};
		["Left Arm"] = {
			tm = .0169;
			cf = cfr(.016,-.027,.018,.949,.302,.093,-.302,.953,-.018,-.094,-.011,.995);
			es = "Linear";
			ed = "In";
		};
	};
	{
		tm = .15;
		["Torso"] = {
			tm = .0170;
			cf = cfr(.079,.418,.071,.774,.631,.057,-.631,.776,-.02,-.057,-.021,.998);
			es = "Linear";
			ed = "In";
		};
		["Head"] = {
			tm = .0170;
			cf = cfr(0,0,0,.913,-.407,.033,.408,.904,-.128,.023,.13,.991);
			es = "Linear";
			ed = "In";
		};
		["Left Leg"] = {
			tm = .0170;
			cf = cfr(.199,.064,.15,.937,-.009,.35,-.081,.967,.242,-.34,-.255,.905);
			es = "Linear";
			ed = "In";
		};
		["Right Arm"] = {
			tm = .0170;
			cf = cfr(0,0,0,.708,-.706,-.028,.706,.704,.076,-.034,-.074,.997);
			es = "Linear";
			ed = "In";
		};
		["Right Leg"] = {
			tm = .0170;
			cf = cfr(.074,.029,-.018,.993,.104,.059,-.108,.991,.075,-.051,-.081,.995);
			es = "Linear";
			ed = "In";
		};
		["Left Arm"] = {
			tm = .0170;
			cf = cfr(.026,-.047,.029,.897,.439,.053,-.434,.897,-.089,-.086,.057,.995);
			es = "Linear";
			ed = "In";
		};
	};
	{
		tm = .167;
		["Torso"] = {
			tm = .0159;
			cf = cfr(.079,.527,.106,.736,.674,.067,-.672,.739,-.05,-.083,-.008,.997);
			es = "Linear";
			ed = "In";
		};
		["Head"] = {
			tm = .0159;
			cf = cfr(0,0,0,.89,-.455,.032,.455,.881,-.128,.03,.129,.991);
			es = "Linear";
			ed = "In";
		};
		["Left Leg"] = {
			tm = .0159;
			cf = cfr(.184,.067,.167,.942,.018,.335,-.123,.948,.294,-.313,-.318,.895);
			es = "Linear";
			ed = "In";
		};
		["Right Arm"] = {
			tm = .0159;
			cf = cfr(0,0,0,.644,-.756,.119,.742,.655,.14,-.184,-.002,.983);
			es = "Linear";
			ed = "In";
		};
		["Right Leg"] = {
			tm = .0159;
			cf = cfr(.112,.062,-.03,.99,.114,.08,-.12,.99,.075,-.071,-.084,.994);
			es = "Linear";
			ed = "In";
		};
		["Left Arm"] = {
			tm = .0159;
			cf = cfr(.036,-.07,.04,.812,.584,-.006,-.577,.802,-.155,-.086,.13,.988);
			es = "Linear";
			ed = "In";
		};
	};
	{
		tm = .183;
		["Torso"] = {
			tm = .0170;
			cf = cfr(.079,.63,.137,.696,.714,.074,-.71,.7,-.077,-.106,.001,.994);
			es = "Linear";
			ed = "In";
		};
		["Head"] = {
			tm = .0170;
			cf = cfr(0,0,0,.864,-.503,.032,.503,.855,-.128,.037,.127,.991);
			es = "Linear";
			ed = "In";
		};
		["Left Leg"] = {
			tm = .0170;
			cf = cfr(.168,.073,.181,.947,.033,.319,-.15,.925,.349,-.284,-.378,.881);
			es = "Linear";
			ed = "In";
		};
		["Right Arm"] = {
			tm = .0170;
			cf = cfr(0,0,0,.561,-.793,.238,.769,.606,.203,-.305,.07,.95);
			es = "Linear";
			ed = "In";
		};
		["Right Leg"] = {
			tm = .0170;
			cf = cfr(.146,.095,-.042,.988,.119,.097,-.127,.989,.078,-.086,-.089,.992);
			es = "Linear";
			ed = "In";
		};
		["Left Arm"] = {
			tm = .0170;
			cf = cfr(.045,-.098,.051,.693,.716,-.079,-.714,.669,-.206,-.094,.199,.975);
			es = "Linear";
			ed = "In";
		};
	};
	{
		tm = .2;
		["Torso"] = {
			tm = .0169;
			cf = cfr(.079,.716,.159,.657,.75,.077,-.744,.661,-.096,-.123,.006,.992);
			es = "Linear";
			ed = "In";
		};
		["Head"] = {
			tm = .0169;
			cf = cfr(0,0,0,.836,-.548,.033,.547,.827,-.128,.043,.125,.991);
			es = "Linear";
			ed = "In";
		};
		["Left Leg"] = {
			tm = .0169;
			cf = cfr(.152,.082,.189,.952,.035,.304,-.159,.904,.396,-.262,-.425,.867);
			es = "Linear";
			ed = "In";
		};
		["Right Arm"] = {
			tm = .0169;
			cf = cfr(0,0,0,.479,-.82,.312,.791,.558,.252,-.381,.126,.916);
			es = "Linear";
			ed = "In";
		};
		["Right Leg"] = {
			tm = .0169;
			cf = cfr(.17,.12,-.051,.987,.119,.109,-.129,.988,.084,-.098,-.097,.99);
			es = "Linear";
			ed = "In";
		};
		["Left Arm"] = {
			tm = .0169;
			cf = cfr(.054,-.129,.06,.549,.821,-.158,-.829,.51,-.229,-.108,.257,.96);
			es = "Linear";
			ed = "In";
		};
	};
	{
		tm = .217;
		["Torso"] = {
			tm = .0160;
			cf = cfr(.079,.776,.167,.62,.78,.076,-.773,.625,-.105,-.13,.006,.992);
			es = "Linear";
			ed = "In";
		};
		["Head"] = {
			tm = .0160;
			cf = cfr(0,0,0,.809,-.586,.035,.585,.801,-.128,.046,.124,.991);
			es = "Linear";
			ed = "In";
		};
		["Left Leg"] = {
			tm = .0160;
			cf = cfr(.139,.092,.194,.956,.02,.293,-.149,.892,.426,-.253,-.451,.856);
			es = "Linear";
			ed = "In";
		};
		["Right Arm"] = {
			tm = .0160;
			cf = cfr(0,0,0,.419,-.845,.333,.814,.512,.275,-.403,.155,.902);
			es = "Linear";
			ed = "In";
		};
		["Right Leg"] = {
			tm = .0160;
			cf = cfr(.181,.135,-.055,.987,.114,.117,-.125,.988,.095,-.104,-.108,.989);
			es = "Linear";
			ed = "In";
		};
		["Left Arm"] = {
			tm = .0160;
			cf = cfr(.059,-.163,.066,.391,.891,-.23,-.913,.343,-.223,-.12,.297,.947);
			es = "Linear";
			ed = "In";
		};
	};
	{
		tm = .233;
		["Torso"] = {
			tm = .0169;
			cf = cfr(.079,.808,.162,.59,.804,.076,-.797,.595,-.102,-.128,0,.992);
			es = "Linear";
			ed = "In";
		};
		["Head"] = {
			tm = .0169;
			cf = cfr(0,0,0,.787,-.616,.047,.616,.776,-.136,.047,.136,.99);
			es = "Linear";
			ed = "In";
		};
		["Left Leg"] = {
			tm = .0169;
			cf = cfr(.128,.099,.196,.958,-.007,.285,-.124,.889,.44,-.257,-.457,.851);
			es = "Linear";
			ed = "In";
		};
		["Right Arm"] = {
			tm = .0169;
			cf = cfr(0,0,0,.382,-.869,.314,.835,.47,.287,-.397,.153,.905);
			es = "Linear";
			ed = "In";
		};
		["Right Leg"] = {
			tm = .0169;
			cf = cfr(.172,.139,-.053,.987,.112,.118,-.125,.986,.109,-.104,-.122,.987);
			es = "Linear";
			ed = "In";
		};
		["Left Arm"] = {
			tm = .0169;
			cf = cfr(.061,-.2,.068,.233,.93,-.284,-.965,.185,-.187,-.122,.317,.94);
			es = "Linear";
			ed = "In";
		};
	};
	{
		tm = .25;
		["Torso"] = {
			tm = .0170;
			cf = cfr(.079,.824,.149,.564,.822,.079,-.817,.57,-.093,-.122,-.012,.992);
			es = "Linear";
			ed = "In";
		};
		["Head"] = {
			tm = .0170;
			cf = cfr(0,0,0,.767,-.637,.073,.64,.752,-.156,.044,.167,.985);
			es = "Linear";
			ed = "In";
		};
		["Left Leg"] = {
			tm = .0170;
			cf = cfr(.12,.102,.2,.958,-.044,.282,-.091,.89,.447,-.271,-.454,.849);
			es = "Linear";
			ed = "In";
		};
		["Right Arm"] = {
			tm = .0170;
			cf = cfr(0,0,0,.353,-.893,.279,.85,.431,.304,-.392,.129,.911);
			es = "Linear";
			ed = "In";
		};
		["Right Leg"] = {
			tm = .0170;
			cf = cfr(.148,.141,-.045,.986,.12,.114,-.134,.983,.125,-.097,-.139,.986);
			es = "Linear";
			ed = "In";
		};
		["Left Arm"] = {
			tm = .0170;
			cf = cfr(.06,-.238,.064,.088,.943,-.322,-.99,.045,-.137,-.115,.33,.937);
			es = "Linear";
			ed = "In";
		};
	};
	{
		tm = .267;
		["Torso"] = {
			tm = .0159;
			cf = cfr(.079,.831,.13,.54,.837,.083,-.834,.546,-.081,-.113,-.026,.993);
			es = "Linear";
			ed = "In";
		};
		["Head"] = {
			tm = .0159;
			cf = cfr(0,0,0,.75,-.653,.107,.66,.729,-.182,.041,.207,.977);
			es = "Linear";
			ed = "In";
		};
		["Left Leg"] = {
			tm = .0159;
			cf = cfr(.116,.103,.203,.955,-.084,.286,-.055,.892,.448,-.293,-.443,.847);
			es = "Linear";
			ed = "In";
		};
		["Right Arm"] = {
			tm = .0159;
			cf = cfr(0,0,0,.329,-.917,.227,.862,.389,.325,-.386,.089,.918);
			es = "Linear";
			ed = "In";
		};
		["Right Leg"] = {
			tm = .0159;
			cf = cfr(.116,.142,-.036,.985,.132,.108,-.147,.979,.143,-.087,-.157,.984);
			es = "Linear";
			ed = "In";
		};
		["Left Arm"] = {
			tm = .0159;
			cf = cfr(.057,-.276,.052,-.041,.935,-.353,-.993,-.077,-.087,-.109,.347,.932);
			es = "Linear";
			ed = "In";
		};
	};
	{
		tm = .283;
		["Torso"] = {
			tm = .0170;
			cf = cfr(.079,.835,.11,.516,.852,.087,-.851,.521,-.068,-.103,-.039,.994);
			es = "Linear";
			ed = "In";
		};
		["Head"] = {
			tm = .0170;
			cf = cfr(0,0,0,.733,-.666,.141,.679,.704,-.208,.039,.248,.968);
			es = "Linear";
			ed = "In";
		};
		["Left Leg"] = {
			tm = .0170;
			cf = cfr(.117,.102,.205,.947,-.124,.297,-.023,.895,.446,-.322,-.429,.844);
			es = "Linear";
			ed = "In";
		};
		["Right Arm"] = {
			tm = .0170;
			cf = cfr(0,0,0,.301,-.94,.16,.875,.339,.345,-.378,.036,.925);
			es = "Linear";
			ed = "In";
		};
		["Right Leg"] = {
			tm = .0170;
			cf = cfr(.084,.142,-.026,.984,.145,.102,-.16,.974,.161,-.076,-.175,.982);
			es = "Linear";
			ed = "In";
		};
		["Left Arm"] = {
			tm = .0170;
			cf = cfr(.051,-.315,.035,-.153,.913,-.378,-.983,-.18,-.039,-.104,.366,.925);
			es = "Linear";
			ed = "In";
		};
	};
	{
		tm = .3;
		["Torso"] = {
			tm = .0170;
			cf = cfr(.079,.842,.092,.487,.869,.087,-.869,.492,-.058,-.093,-.048,.995);
			es = "Linear";
			ed = "In";
		};
		["Head"] = {
			tm = .0170;
			cf = cfr(0,0,0,.714,-.679,.168,.699,.678,-.227,.04,.28,.959);
			es = "Linear";
			ed = "In";
		};
		["Left Leg"] = {
			tm = .0170;
			cf = cfr(.123,.102,.205,.934,-.161,.319,.002,.896,.445,-.357,-.414,.837);
			es = "Linear";
			ed = "In";
		};
		["Right Arm"] = {
			tm = .0170;
			cf = cfr(0,0,0,.264,-.961,.078,.892,.274,.36,-.367,-.025,.93);
			es = "Linear";
			ed = "In";
		};
		["Right Leg"] = {
			tm = .0170;
			cf = cfr(.06,.144,-.02,.984,.151,.098,-.167,.97,.177,-.069,-.19,.979);
			es = "Linear";
			ed = "In";
		};
		["Left Arm"] = {
			tm = .0170;
			cf = cfr(.044,-.352,.013,-.248,.883,-.398,-.964,-.267,.008,-.1,.386,.917);
			es = "Linear";
			ed = "In";
		};
	};
	{
		tm = .317;
		["Torso"] = {
			tm = .0160;
			cf = cfr(.079,.86,.078,.451,.889,.082,-.889,.455,-.052,-.084,-.05,.995);
			es = "Linear";
			ed = "In";
		};
		["Head"] = {
			tm = .0160;
			cf = cfr(0,0,0,.692,-.698,.183,.72,.653,-.234,.044,.294,.955);
			es = "Linear";
			ed = "In";
		};
		["Left Leg"] = {
			tm = .0160;
			cf = cfr(.136,.102,.201,.917,-.189,.352,.014,.895,.445,-.4,-.403,.823);
			es = "Linear";
			ed = "In";
		};
		["Right Arm"] = {
			tm = .0160;
			cf = cfr(0,0,0,.208,-.978,-.019,.912,.187,.364,-.353,-.093,.931);
			es = "Linear";
			ed = "In";
		};
		["Right Leg"] = {
			tm = .0160;
			cf = cfr(.051,.146,-.017,.984,.147,.098,-.164,.969,.187,-.068,-.2,.977);
			es = "Linear";
			ed = "In";
		};
		["Left Arm"] = {
			tm = .0160;
			cf = cfr(.036,-.388,-.011,-.328,.849,-.414,-.94,-.338,.051,-.097,.406,.909);
			es = "Linear";
			ed = "In";
		};
	};
	{
		tm = .333;
		["Torso"] = {
			tm = .0169;
			cf = cfr(.079,.893,.069,.405,.913,.059,-.912,.408,-.05,-.07,-.034,.997);
			es = "Linear";
			ed = "In";
		};
		["Head"] = {
			tm = .0169;
			cf = cfr(0,0,0,.665,-.723,.188,.745,.625,-.233,.051,.295,.954);
			es = "Linear";
			ed = "In";
		};
		["Left Leg"] = {
			tm = .0169;
			cf = cfr(.157,.098,.194,.895,-.196,.402,.001,.9,.435,-.447,-.389,.806);
			es = "Linear";
			ed = "In";
		};
		["Right Arm"] = {
			tm = .0169;
			cf = cfr(-.03,.008,-.004,.127,-.983,-.13,.934,.075,.351,-.335,-.166,.927);
			es = "Linear";
			ed = "In";
		};
		["Right Leg"] = {
			tm = .0169;
			cf = cfr(.06,.152,-.019,.988,.118,.102,-.136,.971,.199,-.075,-.21,.975);
			es = "Linear";
			ed = "In";
		};
		["Left Arm"] = {
			tm = .0169;
			cf = cfr(.027,-.421,-.036,-.393,.814,-.427,-.914,-.395,.09,-.095,.426,.9);
			es = "Linear";
			ed = "In";
		};
	};
	{
		tm = .35;
		["Torso"] = {
			tm = .0170;
			cf = cfr(.079,.933,.059,.349,.937,.015,-.936,.349,-.049,-.051,.003,.999);
			es = "Linear";
			ed = "In";
		};
		["Head"] = {
			tm = .0170;
			cf = cfr(0,0,0,.634,-.749,.193,.771,.594,-.23,.058,.295,.954);
			es = "Linear";
			ed = "In";
		};
		["Left Leg"] = {
			tm = .0170;
			cf = cfr(.186,.084,.186,.867,-.177,.467,-.033,.913,.408,-.498,-.369,.785);
			es = "Linear";
			ed = "In";
		};
		["Right Arm"] = {
			tm = .0170;
			cf = cfr(-.106,.029,-.015,.026,-.969,-.247,.948,-.055,.315,-.318,-.243,.916);
			es = "Linear";
			ed = "In";
		};
		["Right Leg"] = {
			tm = .0170;
			cf = cfr(.085,.163,-.023,.993,.058,.106,-.08,.973,.217,-.09,-.224,.97);
			es = "Linear";
			ed = "In";
		};
		["Left Arm"] = {
			tm = .0170;
			cf = cfr(.018,-.45,-.06,-.446,.781,-.437,-.89,-.439,.124,-.094,.444,.891);
			es = "Linear";
			ed = "In";
		};
	};
	{
		tm = .367;
		["Torso"] = {
			tm = .0160;
			cf = cfr(.079,.973,.039,.283,.958,-.041,-.959,.281,-.049,-.035,.053,.998);
			es = "Linear";
			ed = "In";
		};
		["Head"] = {
			tm = .0160;
			cf = cfr(0,0,0,.601,-.774,.197,.796,.561,-.227,.066,.293,.954);
			es = "Linear";
			ed = "In";
		};
		["Left Leg"] = {
			tm = .0160;
			cf = cfr(.22,.067,.173,.829,-.147,.54,-.079,.925,.372,-.554,-.351,.755);
			es = "Linear";
			ed = "In";
		};
		["Right Arm"] = {
			tm = .0160;
			cf = cfr(-.212,.058,-.034,-.085,-.928,-.362,.948,-.187,.256,-.305,-.322,.896);
			es = "Linear";
			ed = "In";
		};
		["Right Leg"] = {
			tm = .0160;
			cf = cfr(.124,.174,-.026,.994,-.018,.109,-.008,.972,.234,-.111,-.234,.966);
			es = "Linear";
			ed = "In";
		};
		["Left Arm"] = {
			tm = .0160;
			cf = cfr(.009,-.474,-.082,-.487,.752,-.444,-.869,-.471,.153,-.094,.46,.883);
			es = "Linear";
			ed = "In";
		};
	};
	{
		tm = .383;
		["Torso"] = {
			tm = .0170;
			cf = cfr(.08,1.003,-.001,.209,.973,-.098,-.978,.205,-.051,-.03,.106,.994);
			es = "Linear";
			ed = "In";
		};
		["Head"] = {
			tm = .0170;
			cf = cfr(0,0,0,.569,-.798,.199,.819,.528,-.224,.074,.29,.954);
			es = "Linear";
			ed = "In";
		};
		["Left Leg"] = {
			tm = .0170;
			cf = cfr(.255,.052,.152,.78,-.12,.614,-.125,.931,.342,-.613,-.344,.712);
			es = "Linear";
			ed = "In";
		};
		["Right Arm"] = {
			tm = .0170;
			cf = cfr(-.329,.09,-.059,-.19,-.865,-.465,.936,-.303,.181,-.298,-.401,.867);
			es = "Linear";
			ed = "In";
		};
		["Right Leg"] = {
			tm = .0170;
			cf = cfr(.176,.184,-.029,.989,-.098,.113,.068,.967,.244,-.133,-.234,.963);
			es = "Linear";
			ed = "In";
		};
		["Left Arm"] = {
			tm = .0170;
			cf = cfr(.001,-.492,-.1,-.515,.73,-.449,-.852,-.494,.175,-.094,.473,.876);
			es = "Linear";
			ed = "In";
		};
	};
	{
		tm = .4;
		["Torso"] = {
			tm = .0169;
			cf = cfr(.08,1.015,-.069,.129,.981,-.147,-.991,.121,-.059,-.04,.153,.987);
			es = "Linear";
			ed = "In";
		};
		["Head"] = {
			tm = .0169;
			cf = cfr(0,0,0,.539,-.819,.199,.838,.498,-.223,.083,.287,.954);
			es = "Linear";
			ed = "In";
		};
		["Left Leg"] = {
			tm = .0169;
			cf = cfr(.288,.047,.122,.721,-.115,.683,-.165,.929,.33,-.673,-.351,.651);
			es = "Linear";
			ed = "In";
		};
		["Right Arm"] = {
			tm = .0169;
			cf = cfr(-.439,.119,-.089,-.276,-.788,-.55,.915,-.391,.1,-.294,-.475,.829);
			es = "Linear";
			ed = "In";
		};
		["Right Leg"] = {
			tm = .0169;
			cf = cfr(.242,.19,-.03,.979,-.167,.117,.135,.961,.24,-.153,-.219,.964);
			es = "Linear";
			ed = "In";
		};
		["Left Arm"] = {
			tm = .0169;
			cf = cfr(-.007,-.504,-.111,-.532,.716,-.452,-.841,-.506,.189,-.093,.481,.872);
			es = "Linear";
			ed = "In";
		};
	};
	{
		tm = .417;
		["Torso"] = {
			tm = .0160;
			cf = cfr(.08,1.015,-.167,.047,.982,-.183,-.997,.034,-.073,-.066,.185,.98);
			es = "Linear";
			ed = "In";
		};
		["Head"] = {
			tm = .0160;
			cf = cfr(0,0,0,.515,-.835,.196,.852,.473,-.223,.093,.282,.955);
			es = "Linear";
			ed = "In";
		};
		["Left Leg"] = {
			tm = .0160;
			cf = cfr(.315,.057,.083,.655,-.141,.742,-.197,.917,.347,-.73,-.374,.573);
			es = "Linear";
			ed = "In";
		};
		["Right Arm"] = {
			tm = .0160;
			cf = cfr(-.525,.14,-.125,-.332,-.715,-.615,.898,-.44,.027,-.29,-.543,.788);
			es = "Linear";
			ed = "In";
		};
		["Right Leg"] = {
			tm = .0160;
			cf = cfr(.322,.191,-.028,.968,-.217,.124,.187,.958,.219,-.166,-.189,.968);
			es = "Linear";
			ed = "In";
		};
		["Left Arm"] = {
			tm = .0160;
			cf = cfr(-.013,-.508,-.116,-.538,.711,-.452,-.838,-.511,.194,-.093,.483,.87);
			es = "Linear";
			ed = "In";
		};
	};
	{
		tm = .433;
		["Torso"] = {
			tm = .0170;
			cf = cfr(.08,1.015,-.257,-.034,.976,-.215,-.996,-.051,-.076,-.085,.212,.974);
			es = "Linear";
			ed = "In";
		};
		["Head"] = {
			tm = .0170;
			cf = cfr(0,0,0,.498,-.846,.191,.861,.456,-.227,.105,.278,.955);
			es = "Linear";
			ed = "In";
		};
		["Left Leg"] = {
			tm = .0170;
			cf = cfr(.333,.066,.05,.597,-.175,.783,-.208,.909,.362,-.775,-.379,.506);
			es = "Linear";
			ed = "In";
		};
		["Right Arm"] = {
			tm = .0170;
			cf = cfr(-.567,.148,-.166,-.349,-.659,-.666,.894,-.448,-.024,-.282,-.604,.745);
			es = "Linear";
			ed = "In";
		};
		["Right Leg"] = {
			tm = .0170;
			cf = cfr(.41,.202,-.005,.958,-.256,.127,.23,.954,.19,-.17,-.153,.973);
			es = "Linear";
			ed = "In";
		};
		["Left Arm"] = {
			tm = .0170;
			cf = cfr(-.017,-.504,-.111,-.537,.717,-.444,-.839,-.506,.199,-.082,.48,.873);
			es = "Linear";
			ed = "In";
		};
	};
	{
		tm = .45;
		["Torso"] = {
			tm = .0170;
			cf = cfr(.08,1.015,-.297,-.111,.961,-.255,-.991,-.126,-.043,-.073,.248,.966);
			es = "Linear";
			ed = "In";
		};
		["Head"] = {
			tm = .0170;
			cf = cfr(0,0,0,.493,-.851,.183,.862,.449,-.234,.117,.273,.955);
			es = "Linear";
			ed = "In";
		};
		["Left Leg"] = {
			tm = .0170;
			cf = cfr(.343,.049,.041,.559,-.176,.81,-.179,.929,.325,-.81,-.327,.488);
			es = "Linear";
			ed = "In";
		};
		["Right Arm"] = {
			tm = .0170;
			cf = cfr(-.581,.147,-.211,-.341,-.618,-.708,.9,-.431,-.057,-.27,-.657,.703);
			es = "Linear";
			ed = "In";
		};
		["Right Leg"] = {
			tm = .0170;
			cf = cfr(.493,.239,.044,.946,-.302,.12,.278,.943,.182,-.168,-.139,.976);
			es = "Linear";
			ed = "In";
		};
		["Left Arm"] = {
			tm = .0170;
			cf = cfr(-.02,-.494,-.098,-.533,.733,-.423,-.844,-.492,.211,-.054,.47,.881);
			es = "Linear";
			ed = "In";
		};
	};
	{
		tm = .467;
		["Torso"] = {
			tm = .0159;
			cf = cfr(.08,1.068,-.238,-.183,.934,-.308,-.983,-.182,.033,-.025,.309,.951);
			es = "Linear";
			ed = "In";
		};
		["Head"] = {
			tm = .0159;
			cf = cfr(0,0,0,.502,-.847,.176,.854,.453,-.255,.136,.278,.951);
			es = "Linear";
			ed = "In";
		};
		["Left Leg"] = {
			tm = .0159;
			cf = cfr(.35,-.007,.057,.55,-.102,.829,-.141,.967,.212,-.823,-.233,.518);
			es = "Linear";
			ed = "In";
		};
		["Right Arm"] = {
			tm = .0159;
			cf = cfr(-.591,.144,-.259,-.327,-.58,-.746,.909,-.41,-.08,-.26,-.704,.661);
			es = "Linear";
			ed = "In";
		};
		["Right Leg"] = {
			tm = .0159;
			cf = cfr(.561,.285,.101,.92,-.378,.104,.355,.916,.187,-.166,-.135,.977);
			es = "Linear";
			ed = "In";
		};
		["Left Arm"] = {
			tm = .0159;
			cf = cfr(-.022,-.478,-.078,-.524,.757,-.39,-.851,-.471,.231,-.008,.453,.891);
			es = "Linear";
			ed = "In";
		};
	};
	{
		tm = .483;
		["Torso"] = {
			tm = .0170;
			cf = cfr(.08,1.179,-.128,-.245,.902,-.355,-.969,-.218,.114,.025,.372,.928);
			es = "Linear";
			ed = "In";
		};
		["Head"] = {
			tm = .0170;
			cf = cfr(0,0,0,.522,-.835,.175,.837,.462,-.291,.162,.299,.94);
			es = "Linear";
			ed = "In";
		};
		["Left Leg"] = {
			tm = .0170;
			cf = cfr(.345,-.062,.077,.565,-.011,.825,-.129,.986,.102,-.815,-.164,.556);
			es = "Linear";
			ed = "In";
		};
		["Right Arm"] = {
			tm = .0170;
			cf = cfr(-.599,.138,-.309,-.308,-.544,-.78,.918,-.385,-.094,-.25,-.745,.618);
			es = "Linear";
			ed = "In";
		};
		["Right Leg"] = {
			tm = .0170;
			cf = cfr(.61,.313,.151,.887,-.452,.095,.433,.885,.172,-.161,-.111,.981);
			es = "Linear";
			ed = "In";
		};
		["Left Arm"] = {
			tm = .0170;
			cf = cfr(-.024,-.458,-.051,-.51,.789,-.343,-.859,-.442,.26,.054,.427,.903);
			es = "Linear";
			ed = "In";
		};
	};
	{
		tm = .5;
		["Torso"] = {
			tm = .0170;
			cf = cfr(.08,1.278,-.069,-.288,.883,-.37,-.956,-.246,.158,.048,.399,.915);
			es = "Linear";
			ed = "In";
		};
		["Head"] = {
			tm = .0170;
			cf = cfr(0,0,0,.546,-.819,.177,.817,.473,-.331,.188,.325,.927);
			es = "Linear";
			ed = "In";
		};
		["Left Leg"] = {
			tm = .0170;
			cf = cfr(.332,-.073,.093,.59,.012,.807,-.123,.99,.075,-.798,-.143,.585);
			es = "Linear";
			ed = "In";
		};
		["Right Arm"] = {
			tm = .0170;
			cf = cfr(-.605,.131,-.361,-.285,-.511,-.811,.928,-.358,-.1,-.239,-.782,.576);
			es = "Linear";
			ed = "In";
		};
		["Right Leg"] = {
			tm = .0170;
			cf = cfr(.631,.31,.174,.871,-.483,.095,.469,.872,.138,-.149,-.076,.986);
			es = "Linear";
			ed = "In";
		};
		["Left Arm"] = {
			tm = .0170;
			cf = cfr(-.026,-.434,-.018,-.486,.827,-.283,-.864,-.406,.298,.131,.389,.912);
			es = "Linear";
			ed = "In";
		};
	};
	{
		tm = .517;
		["Torso"] = {
			tm = .0160;
			cf = cfr(.08,1.343,-.069,-.317,.877,-.36,-.947,-.274,.167,.048,.394,.918);
			es = "Linear";
			ed = "In";
		};
		["Head"] = {
			tm = .0160;
			cf = cfr(0,0,0,.565,-.805,.178,.798,.48,-.363,.207,.348,.914);
			es = "Linear";
			ed = "In";
		};
		["Left Leg"] = {
			tm = .0160;
			cf = cfr(.318,-.051,.104,.616,-.023,.787,-.106,.988,.112,-.781,-.153,.606);
			es = "Linear";
			ed = "In";
		};
		["Right Arm"] = {
			tm = .0160;
			cf = cfr(-.609,.122,-.414,-.257,-.48,-.839,.939,-.329,-.1,-.228,-.814,.535);
			es = "Linear";
			ed = "In";
		};
		["Right Leg"] = {
			tm = .0160;
			cf = cfr(.633,.289,.176,.874,-.476,.099,.467,.879,.096,-.133,-.038,.99);
			es = "Linear";
			ed = "In";
		};
		["Left Arm"] = {
			tm = .0160;
			cf = cfr(-.028,-.408,.019,-.45,.867,-.211,-.865,-.365,.345,.222,.338,.915);
			es = "Linear";
			ed = "In";
		};
	};
	{
		tm = .533;
		["Torso"] = {
			tm = .0170;
			cf = cfr(.08,1.397,-.069,-.341,.873,-.348,-.939,-.298,.173,.048,.385,.922);
			es = "Linear";
			ed = "In";
		};
		["Head"] = {
			tm = .0170;
			cf = cfr(0,0,0,.574,-.799,.179,.79,.483,-.377,.215,.357,.909);
			es = "Linear";
			ed = "In";
		};
		["Left Leg"] = {
			tm = .0170;
			cf = cfr(.304,-.029,.113,.638,-.06,.768,-.085,.985,.147,-.765,-.16,.624);
			es = "Linear";
			ed = "In";
		};
		["Right Arm"] = {
			tm = .0170;
			cf = cfr(-.612,.113,-.466,-.226,-.45,-.864,.95,-.299,-.093,-.216,-.841,.495);
			es = "Linear";
			ed = "In";
		};
		["Right Leg"] = {
			tm = .0170;
			cf = cfr(.635,.27,.177,.881,-.462,.102,.458,.887,.061,-.119,-.006,.993);
			es = "Linear";
			ed = "In";
		};
		["Left Arm"] = {
			tm = .0170;
			cf = cfr(-.031,-.381,.06,-.401,.907,-.13,-.858,-.321,.401,.322,.272,.907);
			es = "Linear";
			ed = "In";
		};
	};
	{
		tm = .55;
		["Torso"] = {
			tm = .0169;
			cf = cfr(.08,1.441,-.069,-.361,.871,-.333,-.931,-.319,.176,.047,.374,.926);
			es = "Linear";
			ed = "In";
		};
		["Head"] = {
			tm = .0169;
			cf = cfr(0,0,0,.574,-.8,.178,.791,.484,-.375,.214,.356,.91);
			es = "Linear";
			ed = "In";
		};
		["Left Leg"] = {
			tm = .0169;
			cf = cfr(.289,-.008,.121,.657,-.097,.748,-.061,.982,.181,-.752,-.164,.639);
			es = "Linear";
			ed = "In";
		};
		["Right Arm"] = {
			tm = .0169;
			cf = cfr(-.613,.102,-.518,-.193,-.423,-.885,.96,-.268,-.081,-.203,-.865,.458);
			es = "Linear";
			ed = "In";
		};
		["Right Leg"] = {
			tm = .0169;
			cf = cfr(.636,.255,.178,.89,-.444,.106,.444,.896,.031,-.108,.02,.994);
			es = "Linear";
			ed = "In";
		};
		["Left Arm"] = {
			tm = .0169;
			cf = cfr(-.035,-.354,.103,-.335,.941,-.042,-.841,-.278,.464,.426,.191,.885);
			es = "Linear";
			ed = "In";
		};
	};
	{
		tm = .567;
		["Torso"] = {
			tm = .0160;
			cf = cfr(.08,1.477,-.069,-.377,.87,-.318,-.925,-.337,.177,.047,.361,.931);
			es = "Linear";
			ed = "In";
		};
		["Head"] = {
			tm = .0160;
			cf = cfr(0,0,0,.573,-.8,.177,.791,.485,-.372,.212,.354,.911);
			es = "Linear";
			ed = "In";
		};
		["Left Leg"] = {
			tm = .0160;
			cf = cfr(.274,.011,.127,.672,-.134,.728,-.035,.977,.211,-.74,-.168,.652);
			es = "Linear";
			ed = "In";
		};
		["Right Arm"] = {
			tm = .0160;
			cf = cfr(-.614,.091,-.568,-.157,-.399,-.904,.97,-.237,-.064,-.188,-.886,.424);
			es = "Linear";
			ed = "In";
		};
		["Right Leg"] = {
			tm = .0160;
			cf = cfr(.638,.242,.178,.9,-.423,.108,.425,.905,.006,-.1,.041,.994);
			es = "Linear";
			ed = "In";
		};
		["Left Arm"] = {
			tm = .0160;
			cf = cfr(-.041,-.327,.149,-.254,.966,.047,-.812,-.24,.532,.525,.097,.845);
			es = "Linear";
			ed = "In";
		};
	};
	{
		tm = .583;
		["Torso"] = {
			tm = .0170;
			cf = cfr(.08,1.504,-.069,-.39,.869,-.303,-.92,-.352,.175,.046,.347,.937);
			es = "Linear";
			ed = "In";
		};
		["Head"] = {
			tm = .0170;
			cf = cfr(0,0,0,.573,-.801,.176,.793,.486,-.368,.209,.35,.913);
			es = "Linear";
			ed = "In";
		};
		["Left Leg"] = {
			tm = .0170;
			cf = cfr(.259,.03,.133,.684,-.169,.71,-.008,.971,.239,-.729,-.169,.663);
			es = "Linear";
			ed = "In";
		};
		["Right Arm"] = {
			tm = .0170;
			cf = cfr(-.615,.08,-.615,-.12,-.376,-.919,.978,-.206,-.044,-.172,-.904,.392);
			es = "Linear";
			ed = "In";
		};
		["Right Leg"] = {
			tm = .0170;
			cf = cfr(.639,.232,.178,.91,-.4,.11,.404,.915,-.014,-.095,.057,.994);
			es = "Linear";
			ed = "In";
		};
		["Left Arm"] = {
			tm = .0170;
			cf = cfr(-.049,-.302,.194,-.162,.978,.131,-.773,-.209,.599,.614,-.004,.79);
			es = "Linear";
			ed = "In";
		};
	};
	{
		tm = .6;
		["Torso"] = {
			tm = .0170;
			cf = cfr(.08,1.525,-.069,-.4,.87,-.288,-.915,-.364,.172,.045,.332,.942);
			es = "Linear";
			ed = "In";
		};
		["Head"] = {
			tm = .0170;
			cf = cfr(0,0,0,.571,-.802,.174,.794,.487,-.362,.206,.345,.916);
			es = "Linear";
			ed = "In";
		};
		["Left Leg"] = {
			tm = .0170;
			cf = cfr(.244,.047,.138,.694,-.202,.692,.018,.965,.263,-.72,-.17,.673);
			es = "Linear";
			ed = "In";
		};
		["Right Arm"] = {
			tm = .0170;
			cf = cfr(-.616,.069,-.658,-.083,-.356,-.931,.984,-.175,-.02,-.156,-.918,.365);
			es = "Linear";
			ed = "In";
		};
		["Right Leg"] = {
			tm = .0170;
			cf = cfr(.639,.224,.178,.92,-.377,.111,.382,.924,-.03,-.092,.07,.993);
			es = "Linear";
			ed = "In";
		};
		["Left Arm"] = {
			tm = .0170;
			cf = cfr(-.059,-.281,.24,-.066,.976,.206,-.726,-.189,.662,.685,-.106,.721);
			es = "Linear";
			ed = "In";
		};
	};
	{
		tm = .617;
		["Torso"] = {
			tm = .0160;
			cf = cfr(.08,1.54,-.069,-.408,.871,-.273,-.912,-.374,.168,.044,.318,.947);
			es = "Linear";
			ed = "In";
		};
		["Head"] = {
			tm = .0160;
			cf = cfr(0,0,0,.57,-.803,.172,.796,.489,-.356,.202,.34,.918);
			es = "Linear";
			ed = "In";
		};
		["Left Leg"] = {
			tm = .0160;
			cf = cfr(.229,.064,.142,.7,-.232,.675,.043,.958,.284,-.712,-.17,.681);
			es = "Linear";
			ed = "In";
		};
		["Right Arm"] = {
			tm = .0160;
			cf = cfr(-.617,.058,-.698,-.046,-.34,-.939,.989,-.146,.004,-.139,-.929,.343);
			es = "Linear";
			ed = "In";
		};
		["Right Leg"] = {
			tm = .0160;
			cf = cfr(.64,.218,.177,.928,-.355,.112,.361,.932,-.041,-.09,.079,.993);
			es = "Linear";
			ed = "In";
		};
		["Left Arm"] = {
			tm = .0160;
			cf = cfr(-.072,-.263,.284,.029,.963,.268,-.675,-.179,.715,.737,-.202,.645);
			es = "Linear";
			ed = "In";
		};
	};
	{
		tm = .633;
		["Torso"] = {
			tm = .0170;
			cf = cfr(.08,1.55,-.069,-.413,.873,-.26,-.91,-.382,.164,.044,.304,.952);
			es = "Linear";
			ed = "In";
		};
		["Head"] = {
			tm = .0170;
			cf = cfr(0,0,0,.568,-.805,.171,.799,.49,-.35,.198,.335,.921);
			es = "Linear";
			ed = "In";
		};
		["Left Leg"] = {
			tm = .0170;
			cf = cfr(.214,.078,.146,.705,-.258,.661,.065,.951,.302,-.706,-.17,.687);
			es = "Linear";
			ed = "In";
		};
		["Right Arm"] = {
			tm = .0170;
			cf = cfr(-.62,.048,-.732,-.011,-.327,-.945,.993,-.118,.029,-.121,-.938,.325);
			es = "Linear";
			ed = "In";
		};
		["Right Leg"] = {
			tm = .0170;
			cf = cfr(.64,.213,.177,.936,-.334,.113,.341,.939,-.05,-.089,.085,.992);
			es = "Linear";
			ed = "In";
		};
		["Left Arm"] = {
			tm = .0170;
			cf = cfr(-.092,-.25,.327,.114,.942,.317,-.627,-.179,.758,.771,-.285,.57);
			es = "Linear";
			ed = "In";
		};
	};
	{
		tm = .65;
		["Torso"] = {
			tm = .0170;
			cf = cfr(.08,1.556,-.069,-.417,.874,-.249,-.908,-.388,.16,.043,.293,.955);
			es = "Linear";
			ed = "In";
		};
		["Head"] = {
			tm = .0170;
			cf = cfr(0,0,0,.566,-.807,.169,.801,.49,-.344,.195,.33,.924);
			es = "Linear";
			ed = "In";
		};
		["Left Leg"] = {
			tm = .0170;
			cf = cfr(.2,.092,.149,.708,-.28,.648,.084,.945,.316,-.701,-.169,.693);
			es = "Linear";
			ed = "In";
		};
		["Right Arm"] = {
			tm = .0170;
			cf = cfr(-.624,.039,-.76,.021,-.318,-.948,.994,-.093,.053,-.105,-.944,.314);
			es = "Linear";
			ed = "In";
		};
		["Right Leg"] = {
			tm = .0170;
			cf = cfr(.641,.21,.177,.942,-.317,.114,.324,.944,-.056,-.09,.089,.992);
			es = "Linear";
			ed = "In";
		};
		["Left Arm"] = {
			tm = .0170;
			cf = cfr(-.12,-.239,.366,.19,.916,.353,-.583,-.184,.791,.79,-.356,.499);
			es = "Linear";
			ed = "In";
		};
	};
	{
		tm = .667;
		["Torso"] = {
			tm = .0160;
			cf = cfr(.08,1.559,-.069,-.419,.876,-.24,-.907,-.391,.156,.043,.283,.958);
			es = "Linear";
			ed = "In";
		};
		["Head"] = {
			tm = .0160;
			cf = cfr(0,0,0,.563,-.809,.168,.804,.489,-.339,.192,.326,.926);
			es = "Linear";
			ed = "In";
		};
		["Left Leg"] = {
			tm = .0160;
			cf = cfr(.187,.104,.151,.709,-.297,.639,.099,.94,.327,-.698,-.169,.696);
			es = "Linear";
			ed = "In";
		};
		["Right Arm"] = {
			tm = .0160;
			cf = cfr(-.63,.031,-.781,.05,-.313,-.948,.995,-.069,.075,-.089,-.947,.308);
			es = "Linear";
			ed = "In";
		};
		["Right Leg"] = {
			tm = .0160;
			cf = cfr(.641,.209,.177,.946,-.303,.114,.311,.949,-.06,-.09,.092,.992);
			es = "Linear";
			ed = "In";
		};
		["Left Arm"] = {
			tm = .0160;
			cf = cfr(-.152,-.231,.402,.258,.888,.38,-.546,-.19,.816,.797,-.418,.436);
			es = "Linear";
			ed = "In";
		};
	};
	{
		tm = .683;
		["Torso"] = {
			tm = .0169;
			cf = cfr(.08,1.56,-.069,-.42,.877,-.235,-.906,-.393,.153,.042,.277,.96);
			es = "Linear";
			ed = "In";
		};
		["Head"] = {
			tm = .0169;
			cf = cfr(0,0,0,.56,-.812,.167,.807,.487,-.335,.191,.322,.927);
			es = "Linear";
			ed = "In";
		};
		["Left Leg"] = {
			tm = .0169;
			cf = cfr(.174,.115,.152,.71,-.309,.633,.11,.936,.334,-.696,-.168,.698);
			es = "Linear";
			ed = "In";
		};
		["Right Arm"] = {
			tm = .0169;
			cf = cfr(-.638,.025,-.794,.073,-.315,-.946,.995,-.048,.093,-.075,-.948,.309);
			es = "Linear";
			ed = "In";
		};
		["Right Leg"] = {
			tm = .0169;
			cf = cfr(.641,.208,.177,.949,-.294,.114,.302,.951,-.062,-.091,.093,.992);
			es = "Linear";
			ed = "In";
		};
		["Left Arm"] = {
			tm = .0169;
			cf = cfr(-.187,-.225,.434,.322,.859,.398,-.515,-.194,.835,.794,-.474,.38);
			es = "Linear";
			ed = "In";
		};
	};
	{
		tm = .7;
		["Torso"] = {
			tm = .0170;
			cf = cfr(.08,1.56,-.069,-.42,.877,-.233,-.906,-.394,.152,.042,.275,.961);
			es = "Linear";
			ed = "In";
		};
		["Head"] = {
			tm = .0170;
			cf = cfr(0,0,0,.556,-.814,.167,.809,.484,-.333,.19,.321,.928);
			es = "Linear";
			ed = "In";
		};
		["Left Leg"] = {
			tm = .0170;
			cf = cfr(.163,.125,.153,.709,-.315,.631,.115,.934,.338,-.696,-.167,.698);
			es = "Linear";
			ed = "In";
		};
		["Right Arm"] = {
			tm = .0170;
			cf = cfr(-.648,.02,-.798,.091,-.321,-.943,.994,-.031,.106,-.063,-.946,.317);
			es = "Linear";
			ed = "In";
		};
		["Right Leg"] = {
			tm = .0170;
			cf = cfr(.641,.207,.177,.95,-.291,.114,.299,.952,-.062,-.091,.093,.991);
			es = "Linear";
			ed = "In";
		};
		["Left Arm"] = {
			tm = .0170;
			cf = cfr(-.222,-.221,.462,.385,.827,.409,-.488,-.193,.851,.783,-.527,.33);
			es = "Linear";
			ed = "In";
		};
	};
	{
		tm = .717;
		["Torso"] = {
			tm = .0160;
			cf = cfr(.074,1.56,-.071,-.42,.877,-.233,-.906,-.394,.153,.042,.275,.96);
			es = "Linear";
			ed = "In";
		};
		["Head"] = {
			tm = .0160;
			cf = cfr(0,0,0,.551,-.818,.168,.813,.479,-.332,.191,.319,.928);
			es = "Linear";
			ed = "In";
		};
		["Left Leg"] = {
			tm = .0160;
			cf = cfr(.152,.134,.153,.707,-.32,.631,.12,.933,.339,-.697,-.164,.698);
			es = "Linear";
			ed = "In";
		};
		["Right Arm"] = {
			tm = .0160;
			cf = cfr(-.661,.017,-.789,.109,-.337,-.935,.992,-.018,.122,-.058,-.941,.333);
			es = "Linear";
			ed = "In";
		};
		["Right Leg"] = {
			tm = .0160;
			cf = cfr(.641,.209,.172,.95,-.289,.114,.297,.953,-.058,-.092,.089,.992);
			es = "Linear";
			ed = "In";
		};
		["Left Arm"] = {
			tm = .0160;
			cf = cfr(-.254,-.219,.484,.45,.792,.413,-.465,-.187,.865,.763,-.581,.284);
			es = "Linear";
			ed = "In";
		};
	};
	{
		tm = .733;
		["Torso"] = {
			tm = .0170;
			cf = cfr(.06,1.558,-.076,-.419,.877,-.234,-.907,-.392,.154,.043,.276,.96);
			es = "Linear";
			ed = "In";
		};
		["Head"] = {
			tm = .0170;
			cf = cfr(0,0,0,.544,-.822,.168,.816,.473,-.332,.193,.318,.928);
			es = "Linear";
			ed = "In";
		};
		["Left Leg"] = {
			tm = .0170;
			cf = cfr(.14,.144,.154,.704,-.326,.631,.127,.932,.34,-.699,-.16,.697);
			es = "Linear";
			ed = "In";
		};
		["Right Arm"] = {
			tm = .0170;
			cf = cfr(-.677,.014,-.763,.134,-.365,-.921,.989,-.011,.148,-.064,-.931,.359);
			es = "Linear";
			ed = "In";
		};
		["Right Leg"] = {
			tm = .0170;
			cf = cfr(.64,.215,.158,.952,-.286,.113,.292,.955,-.047,-.094,.078,.992);
			es = "Linear";
			ed = "In";
		};
		["Left Arm"] = {
			tm = .0170;
			cf = cfr(-.28,-.218,.501,.521,.749,.409,-.443,-.172,.88,.73,-.639,.242);
			es = "Linear";
			ed = "In";
		};
	};
	{
		tm = .75;
		["Torso"] = {
			tm = .0170;
			cf = cfr(.038,1.553,-.083,-.416,.878,-.236,-.908,-.389,.154,.044,.279,.959);
			es = "Linear";
			ed = "In";
		};
		["Head"] = {
			tm = .0170;
			cf = cfr(0,0,0,.537,-.827,.168,.821,.465,-.332,.196,.316,.928);
			es = "Linear";
			ed = "In";
		};
		["Left Leg"] = {
			tm = .0170;
			cf = cfr(.127,.154,.155,.7,-.333,.631,.135,.93,.341,-.701,-.154,.697);
			es = "Linear";
			ed = "In";
		};
		["Right Arm"] = {
			tm = .0170;
			cf = cfr(-.694,.012,-.725,.161,-.402,-.901,.984,-.008,.18,-.08,-.916,.394);
			es = "Linear";
			ed = "In";
		};
		["Right Leg"] = {
			tm = .0170;
			cf = cfr(.639,.224,.138,.953,-.281,.113,.285,.958,-.028,-.101,.059,.993);
			es = "Linear";
			ed = "In";
		};
		["Left Arm"] = {
			tm = .0170;
			cf = cfr(-.297,-.218,.512,.601,.694,.396,-.419,-.148,.896,.681,-.704,.201);
			es = "Linear";
			ed = "In";
		};
	};
	{
		tm = .767;
		["Torso"] = {
			tm = .0160;
			cf = cfr(.012,1.542,-.092,-.41,.88,-.239,-.911,-.382,.155,.045,.281,.959);
			es = "Linear";
			ed = "In";
		};
		["Head"] = {
			tm = .0160;
			cf = cfr(0,0,0,.529,-.832,.168,.825,.458,-.332,.199,.314,.928);
			es = "Linear";
			ed = "In";
		};
		["Left Leg"] = {
			tm = .0160;
			cf = cfr(.113,.164,.156,.697,-.339,.631,.143,.929,.341,-.702,-.147,.697);
			es = "Linear";
			ed = "In";
		};
		["Right Arm"] = {
			tm = .0160;
			cf = cfr(-.711,.011,-.677,.188,-.448,-.874,.977,-.007,.213,-.102,-.894,.436);
			es = "Linear";
			ed = "In";
		};
		["Right Leg"] = {
			tm = .0160;
			cf = cfr(.638,.236,.113,.954,-.276,.117,.278,.961,-.002,-.112,.035,.993);
			es = "Linear";
			ed = "In";
		};
		["Left Arm"] = {
			tm = .0160;
			cf = cfr(-.304,-.217,.515,.693,.618,.37,-.388,-.113,.915,.607,-.778,.162);
			es = "Linear";
			ed = "In";
		};
	};
	{
		tm = .783;
		["Torso"] = {
			tm = .0170;
			cf = cfr(-.016,1.525,-.102,-.4,.884,-.244,-.915,-.372,.154,.046,.285,.958);
			es = "Linear";
			ed = "In";
		};
		["Head"] = {
			tm = .0170;
			cf = cfr(0,0,0,.521,-.837,.168,.829,.45,-.332,.202,.313,.928);
			es = "Linear";
			ed = "In";
		};
		["Left Leg"] = {
			tm = .0170;
			cf = cfr(.098,.173,.158,.696,-.342,.632,.15,.929,.338,-.703,-.141,.697);
			es = "Linear";
			ed = "In";
		};
		["Right Arm"] = {
			tm = .0170;
			cf = cfr(-.728,.01,-.624,.209,-.501,-.84,.969,-.007,.246,-.129,-.865,.484);
			es = "Linear";
			ed = "In";
		};
		["Right Leg"] = {
			tm = .0170;
			cf = cfr(.639,.25,.085,.954,-.271,.125,.27,.962,.031,-.129,.004,.992);
			es = "Linear";
			ed = "In";
		};
		["Left Arm"] = {
			tm = .0170;
			cf = cfr(-.272,-.229,.514,.804,.475,.356,-.371,-.067,.926,.464,-.877,.122);
			es = "Linear";
			ed = "In";
		};
	};
	{
		tm = .8;
		["Torso"] = {
			tm = .0169;
			cf = cfr(-.045,1.499,-.111,-.384,.889,-.25,-.922,-.356,.152,.046,.289,.956);
			es = "Linear";
			ed = "In";
		};
		["Head"] = {
			tm = .0169;
			cf = cfr(0,0,0,.514,-.841,.168,.833,.442,-.332,.205,.311,.928);
			es = "Linear";
			ed = "In";
		};
		["Left Leg"] = {
			tm = .0169;
			cf = cfr(.081,.183,.161,.696,-.342,.632,.154,.93,.334,-.702,-.135,.699);
			es = "Linear";
			ed = "In";
		};
		["Right Arm"] = {
			tm = .0169;
			cf = cfr(-.743,.009,-.569,.222,-.559,-.799,.962,-.007,.273,-.158,-.829,.537);
			es = "Linear";
			ed = "In";
		};
		["Right Leg"] = {
			tm = .0169;
			cf = cfr(.641,.267,.056,.953,-.268,.14,.261,.963,.07,-.154,-.03,.988);
			es = "Linear";
			ed = "In";
		};
		["Left Arm"] = {
			tm = .0169;
			cf = cfr(-.188,-.259,.505,.899,.23,.373,-.381,-.011,.924,.217,-.973,.078);
			es = "Linear";
			ed = "In";
		};
	};
	{
		tm = .817;
		["Torso"] = {
			tm = 1.016;
			cf = cfr(-.071,1.463,-.12,-.362,.896,-.257,-.931,-.334,.148,.047,.293,.955);
			es = "Linear";
			ed = "In";
		};
		["Head"] = {
			tm = 1.016;
			cf = cfr(0,0,0,.507,-.845,.168,.836,.436,-.333,.208,.309,.928);
			es = "Linear";
			ed = "In";
		};
		["Left Leg"] = {
			tm = 1.016;
			cf = cfr(.064,.192,.165,.698,-.338,.632,.154,.932,.327,-.699,-.131,.703);
			es = "Linear";
			ed = "In";
		};
		["Right Arm"] = {
			tm = 1.016;
			cf = cfr(-.757,.008,-.517,.224,-.621,-.751,.957,-.007,.291,-.186,-.784,.592);
			es = "Linear";
			ed = "In";
		};
		["Right Leg"] = {
			tm = 1.016;
			cf = cfr(.644,.286,.027,.95,-.268,.163,.251,.961,.116,-.188,-.069,.98);
			es = "Linear";
			ed = "In";
		};
		["Left Arm"] = {
