-- // converted using mech's animoduler
local cfr = CFrame.new

return {
	{
		tm = 0;
		["Torso"] = {
			tm = .05;
			cf = cfr(0,0,0,.165,-.914,.371,.983,.185,.02,-.087,.362,.928);
			es = "Linear";
			ed = "In";
		};
		["Left Leg"] = {
			tm = .344;
			cf = cfr(0,0,0,1,0,0,0,1,0,0,0,1);
			es = "Linear";
			ed = "In";
		};
		["Right Arm"] = {
			tm = .05;
			cf = cfr(.585,-.006,.41,-.194,-.963,.186,.938,-.127,.322,-.286,.237,.928);
			es = "Linear";
			ed = "In";
		};
		["Head"] = {
			tm = .05;
			cf = cfr(0,0,0,.286,.955,-.074,-.916,.295,.271,.281,-.01,.96);
			es = "Linear";
			ed = "In";
		};
		["Left Arm"] = {
			tm = .05;
			cf = cfr(.246,-.219,.352,-.339,.436,.833,-.734,.431,-.525,-.588,-.79,.174);
			es = "Linear";
			ed = "In";
		};
		["Right Leg"] = {
			tm = .344;
			cf = cfr(0,0,0,1,0,0,0,1,0,0,0,1);
			es = "Linear";
			ed = "In";
		};
	};
	{
		tm = .05;
		["Torso"] = {
			tm = .0359;
			cf = cfr(0,0,0,.331,-.847,.416,.944,.292,-.155,.009,.444,.896);
			es = "Linear";
			ed = "In";
		};
		["Right Arm"] = {
			tm = .05;
			cf = cfr(.585,-.006,.41,-.189,-.837,.514,.947,-.017,.321,-.26,.547,.795);
			es = "Linear";
			ed = "In";
		};
		["Head"] = {
			tm = .0359;
			cf = cfr(0,0,0,.292,.955,-.043,-.94,.295,.173,.178,-.01,.984);
			es = "Linear";
			ed = "In";
		};
		["Left Arm"] = {
			tm = .05;
			cf = cfr(.246,-.219,.352,-.259,.488,.833,-.65,.55,-.525,-.715,-.677,.174);
			es = "Linear";
			ed = "In";
		};
	};
	{
		tm = .086;
		["Torso"] = {
			tm = .0140;
			cf = cfr(0,0,0,.979,-.142,-.144,.101,.96,-.261,.176,.241,.955);
			es = "Linear";
			ed = "In";
		};
		["Head"] = {
			tm = .0140;
			cf = cfr(0,0,0,.981,.107,.163,-.108,.994,.002,-.162,-.02,.987);
			es = "Linear";
			ed = "In";
		};
	};
	{
		tm = .1;
		["Torso"] = {
			tm = .0499;
			cf = cfr(0,0,0,.901,.233,-.366,-.35,.889,-.296,.257,.395,.882);
			es = "Linear";
			ed = "In";
		};
		["Right Arm"] = {
			tm = .0499;
			cf = cfr(.301,-.054,.191,-.187,-.976,-.113,.826,-.218,.52,-.532,.004,.847);
			es = "Linear";
			ed = "In";
		};
		["Head"] = {
			tm = .0499;
			cf = cfr(0,0,0,.896,-.373,.239,.304,.91,.282,-.323,-.18,.929);
			es = "Linear";
			ed = "In";
		};
		["Left Arm"] = {
			tm = .0499;
			cf = cfr(.367,.165,.365,-.215,.952,-.219,-.473,-.298,-.829,-.854,-.075,.514);
			es = "Linear";
			ed = "In";
		};
	};
	{
		tm = .15;
		["Torso"] = {
			tm = .0500;
			cf = cfr(0,0,0,.641,.573,-.511,-.758,.578,-.302,.122,.581,.805);
			es = "Linear";
			ed = "In";
		};
		["Right Arm"] = {
			tm = .0500;
			cf = cfr(.301,-.054,.191,-.419,-.758,-.5,.884,-.466,-.035,-.206,-.457,.866);
			es = "Linear";
			ed = "In";
		};
		["Head"] = {
			tm = .0500;
			cf = cfr(0,0,0,.669,-.731,.131,.672,.671,.314,-.318,-.122,.94);
			es = "Linear";
			ed = "In";
		};
		["Left Arm"] = {
			tm = .0500;
			cf = cfr(-.454,.516,-.03,-.075,.97,-.232,-.551,-.234,-.801,-.831,.068,.552);
			es = "Linear";
			ed = "In";
		};
	};
	{
		tm = .2;
		["Torso"] = {
			tm = .0499;
			cf = cfr(0,0,0,.454,.69,-.564,-.883,.433,-.182,.119,.581,.805);
			es = "Linear";
			ed = "In";
		};
		["Right Arm"] = {
			tm = .0499;
			cf = cfr(.301,-.054,.191,-.269,-.728,-.63,.956,-.281,-.083,-.117,-.625,.772);
			es = "Linear";
			ed = "In";
		};
		["Head"] = {
			tm = .1439;
			cf = cfr(0,0,0,.486,-.864,.131,.806,.501,.314,-.337,-.046,.94);
			es = "Linear";
			ed = "In";
		};
		["Left Arm"] = {
			tm = .0499;
			cf = cfr(-.84,.528,-.35,.506,.834,-.218,-.587,.148,-.796,-.632,.531,.565);
			es = "Linear";
			ed = "In";
		};
	};
	{
		tm = .25;
		["Torso"] = {
			tm = .0939;
			cf = cfr(0,0,0,.407,.756,-.513,-.91,.385,-.155,.08,.53,.844);
			es = "Linear";
			ed = "In";
		};
		["Right Arm"] = {
			tm = .0939;
			cf = cfr(.301,-.054,.191,-.269,-.589,-.762,.956,-.259,-.138,-.117,-.766,.632);
			es = "Linear";
			ed = "In";
		};
		["Left Arm"] = {
			tm = .0939;
			cf = cfr(-.898,.483,-.435,.656,.722,-.218,-.548,.257,-.796,-.519,.642,.565);
			es = "Linear";
			ed = "In";
		};
	};
	{
		tm = .344;
		["Torso"] = {
			tm = 0;
			cf = cfr(0,0,0,.351,.814,-.462,-.935,.327,-.135,.041,.479,.877);
			es = "Linear";
			ed = "In";
		};
		["Left Leg"] = {
			tm = 0;
			cf = cfr(0,0,0,1,0,0,0,1,0,0,0,1);
			es = "Linear";
			ed = "In";
		};
		["Right Arm"] = {
			tm = 0;
			cf = cfr(.301,-.054,.191,-.269,-.659,-.702,.956,-.271,-.112,-.117,-.702,.703);
			es = "Linear";
			ed = "In";
		};
		["Head"] = {
			tm = 0;
			cf = cfr(0,0,0,.494,-.864,.098,.826,.501,.259,-.273,-.046,.961);
			es = "Linear";
			ed = "In";
		};
		["Left Arm"] = {
			tm = 0;
			cf = cfr(-.898,.483,-.435,.554,.804,-.218,-.577,.182,-.796,-.6,.567,.565);
			es = "Linear";
			ed = "In";
		};
		["Right Leg"] = {
			tm = 0;
			cf = cfr(0,0,0,1,0,0,0,1,0,0,0,1);
			es = "Linear";
			ed = "In";
		};
	};
}
