-- // converted using mech's animoduler
local cfr = CFrame.new

return {
	{
		tm = 0;
		["Torso"] = {
			tm = .05;
			cf = cfr(0,0,0,1,0,0,0,1,0,0,0,1);
			es = "Linear";
			ed = "In";
		};
		["Left Leg"] = {
			tm = 0;
			cf = cfr(0,0,0,1,0,0,0,1,0,0,0,1);
			es = "Linear";
			ed = "In";
		};
		["Right Arm"] = {
			tm = .05;
			cf = cfr(0,0,0,1,0,0,0,.991,.132,0,-.132,.991);
			es = "Linear";
			ed = "In";
		};
		["Head"] = {
			tm = .05;
			cf = cfr(0,0,0,1,0,0,0,1,.026,0,-.026,1);
			es = "Linear";
			ed = "In";
		};
		["Left Arm"] = {
			tm = .05;
			cf = cfr(0,0,0,1,0,0,0,.993,.115,0,-.115,.993);
			es = "Linear";
			ed = "In";
		};
		["Right Leg"] = {
			tm = 0;
			cf = cfr(0,0,0,1,0,0,0,1,0,0,0,1);
			es = "Linear";
			ed = "In";
		};
	};
	{
		tm = .05;
		["Torso"] = {
			tm = .067;
			cf = cfr(0,0,0,.936,.341,.088,-.348,.934,.078,-.056,-.103,.993);
			es = "Linear";
			ed = "In";
		};
		["Right Arm"] = {
			tm = .067;
			cf = cfr(0,0,0,.697,-.393,-.6,.717,.4,.571,.016,-.828,.561);
			es = "Linear";
			ed = "In";
		};
		["Head"] = {
			tm = .067;
			cf = cfr(0,0,0,.955,-.294,-.042,.29,.954,-.075,.062,.06,.996);
			es = "Linear";
			ed = "In";
		};
		["Left Arm"] = {
			tm = .067;
			cf = cfr(0,0,0,.763,.557,-.327,-.555,.824,.108,.33,.099,.939);
			es = "Linear";
			ed = "In";
		};
	};
	{
		tm = .117;
		["Torso"] = {
			tm = .016;
			cf = cfr(0,0,0,.69,.674,.262,-.62,.738,-.265,-.372,.02,.928);
			es = "Linear";
			ed = "In";
		};
		["Right Arm"] = {
			tm = .016;
			cf = cfr(.221,-.027,.257,.254,-.65,-.716,.96,.08,.268,-.117,-.755,.645);
			es = "Linear";
			ed = "In";
		};
		["Head"] = {
			tm = .016;
			cf = cfr(0,0,0,.764,-.574,-.295,.581,.811,-.075,.282,-.114,.953);
			es = "Linear";
			ed = "In";
		};
		["Left Arm"] = {
			tm = .016;
			cf = cfr(.225,-.325,.116,.046,.997,-.054,-.928,.063,.368,.37,.033,.928);
			es = "Linear";
			ed = "In";
		};
	};
	{
		tm = .133;
		["Torso"] = {
			tm = .034;
			cf = cfr(0,0,0,.858,.456,.234,-.401,.882,-.249,-.32,.12,.94);
			es = "Linear";
			ed = "In";
		};
		["Right Arm"] = {
			tm = .034;
			cf = cfr(.107,.3,.182,.289,-.9,-.327,.919,.165,.358,-.268,-.404,.875);
			es = "Linear";
			ed = "In";
		};
		["Head"] = {
			tm = .1;
			cf = cfr(0,0,0,.907,-.384,-.173,.391,.92,.005,.157,-.072,.985);
			es = "Linear";
			ed = "In";
		};
		["Left Arm"] = {
			tm = .1;
			cf = cfr(.261,-.543,.258,-.074,.904,.422,-.99,-.119,.082,.124,-.412,.903);
			es = "Linear";
			ed = "In";
		};
	};
	{
		tm = .167;
		["Right Arm"] = {
			tm = .066;
			cf = cfr(.25,.269,.229,-.043,-.591,-.806,.998,-.053,-.015,-.034,-.805,.592);
			es = "Linear";
			ed = "In";
		};
	};
	{
		tm = .233;
		["Torso"] = {
			tm = .0499;
			cf = cfr(0,0,0,-.329,-.657,.678,.926,-.364,.096,.184,.66,.729);
			es = "Linear";
			ed = "In";
		};
		["Right Arm"] = {
			tm = .0499;
			cf = cfr(.535,.206,.322,.289,-.93,-.225,.919,.204,.337,-.268,-.305,.914);
			es = "Linear";
			ed = "In";
		};
		["Head"] = {
			tm = .0499;
			cf = cfr(0,0,0,.137,.988,-.07,-.948,.152,.281,.288,.028,.957);
			es = "Linear";
			ed = "In";
		};
		["Left Arm"] = {
			tm = .0499;
			cf = cfr(.261,-.543,.258,-.074,.274,.959,-.99,-.14,-.036,.124,-.952,.281);
			es = "Linear";
			ed = "In";
		};
	};
	{
		tm = .283;
		["Torso"] = {
			tm = .0500;
			cf = cfr(0,0,0,-.47,-.672,.572,.85,-.519,.089,.237,.528,.815);
			es = "Linear";
			ed = "In";
		};
		["Right Arm"] = {
			tm = .0500;
			cf = cfr(.535,.206,.322,.345,-.938,-.026,.767,.266,.583,-.54,-.221,.812);
			es = "Linear";
			ed = "In";
		};
		["Head"] = {
			tm = .0500;
			cf = cfr(0,0,0,.003,1,-.027,-.999,.005,.042,.042,.027,.999);
			es = "Linear";
			ed = "In";
		};
		["Left Arm"] = {
			tm = .0500;
			cf = cfr(.246,-.219,.352,.045,.152,.987,-.96,.281,.001,-.278,-.948,.158);
			es = "Linear";
			ed = "In";
		};
	};
	{
		tm = .333;
		["Torso"] = {
			tm = .0839;
			cf = cfr(0,0,0,-.577,-.632,.517,.779,-.617,.116,.246,.469,.848);
			es = "Linear";
			ed = "In";
		};
		["Right Arm"] = {
			tm = .134;
			cf = cfr(.535,.206,.322,.345,-.929,.136,.767,.362,.529,-.54,-.078,.838);
			es = "Linear";
			ed = "In";
		};
		["Head"] = {
			tm = .0839;
			cf = cfr(0,0,0,-.245,.969,-.031,-.962,-.239,.134,.122,.063,.99);
			es = "Linear";
			ed = "In";
		};
		["Left Arm"] = {
			tm = .0839;
			cf = cfr(.246,-.219,.352,.086,.133,.987,-.842,.539,.001,-.532,-.832,.158);
			es = "Linear";
			ed = "In";
		};
	};
	{
		tm = .417;
		["Torso"] = {
			tm = .0500;
			cf = cfr(0,0,0,.014,-.923,.385,1,.023,.017,-.024,.384,.923);
			es = "Linear";
			ed = "In";
		};
		["Head"] = {
			tm = .0500;
			cf = cfr(0,0,0,.21,.977,-.031,-.968,.213,.134,.138,.002,.99);
			es = "Linear";
			ed = "In";
		};
		["Left Arm"] = {
			tm = .0500;
			cf = cfr(.246,-.219,.352,-.339,.149,.929,-.734,.575,-.361,-.588,-.805,-.085);
			es = "Linear";
			ed = "In";
		};
	};
	{
		tm = .467;
		["Torso"] = {
			tm = 0;
			cf = cfr(0,0,0,.165,-.914,.371,.983,.185,.02,-.087,.362,.928);
			es = "Linear";
			ed = "In";
		};
		["Right Arm"] = {
			tm = 0;
			cf = cfr(.585,-.006,.41,-.194,-.963,.186,.938,-.127,.322,-.286,.237,.928);
			es = "Linear";
			ed = "In";
		};
		["Head"] = {
			tm = 0;
			cf = cfr(0,0,0,.286,.955,-.074,-.916,.295,.271,.281,-.01,.96);
			es = "Linear";
			ed = "In";
		};
		["Left Arm"] = {
			tm = 0;
			cf = cfr(.246,-.219,.352,-.339,.436,.833,-.734,.431,-.525,-.588,-.79,.174);
			es = "Linear";
			ed = "In";
		};
	};
}
