-- // converted using mech's animoduler
local cfr = CFrame.new

return {
	{
		tm = 0;
		["Torso"] = {
			tm = .05;
			cf = cfr(.022,-.415,-.583,.998,-.055,-.021,.042,.916,-.398,.041,.396,.917);
			es = "Linear";
			ed = "In";
		};
		["Left Leg"] = {
			tm = .05;
			cf = cfr(-.724,.589,.186,.93,-.194,.313,.191,.981,.04,-.315,.023,.949);
			es = "Linear";
			ed = "In";
		};
		["Right Arm"] = {
			tm = .05;
			cf = cfr(.182,-.014,.109,.586,-.722,.369,.474,.674,.567,-.657,-.157,.737);
			es = "Linear";
			ed = "In";
		};
		["Head"] = {
			tm = .05;
			cf = cfr(0,0,.017,.982,.188,-.001,-.185,.968,-.168,-.03,.165,.986);
			es = "Linear";
			ed = "In";
		};
		["Right Leg"] = {
			tm = .05;
			cf = cfr(.316,.706,.659,.806,-.197,-.558,.066,.967,-.245,.588,.16,.793);
			es = "Linear";
			ed = "In";
		};
		["Left Arm"] = {
			tm = .05;
			cf = cfr(-.205,.041,.1,.635,.773,-.005,-.687,.568,.454,.353,-.284,.891);
			es = "Linear";
			ed = "In";
		};
	};
	{
		tm = .05;
		["Torso"] = {
			tm = .05;
			cf = cfr(-.145,-.286,-.306,.43,.758,-.49,-.897,.418,-.142,.097,.501,.86);
			es = "Linear";
			ed = "In";
		};
		["Left Leg"] = {
			tm = .05;
			cf = cfr(-.724,.27,.026,.993,-.072,.094,.069,.997,.032,-.096,-.025,.995);
			es = "Linear";
			ed = "In";
		};
		["Right Arm"] = {
			tm = .05;
			cf = cfr(.255,-.172,.135,.011,-.981,.194,.936,.079,.344,-.353,.178,.918);
			es = "Linear";
			ed = "In";
		};
		["Head"] = {
			tm = .05;
			cf = cfr(0,0,.017,.849,-.435,.3,.503,.839,-.208,-.161,.327,.931);
			es = "Linear";
			ed = "In";
		};
		["Right Leg"] = {
			tm = .05;
			cf = cfr(.587,.49,.658,.873,-.259,-.413,.164,.954,-.253,.459,.153,.875);
			es = "Linear";
			ed = "In";
		};
		["Left Arm"] = {
			tm = .05;
			cf = cfr(-.176,-.06,.131,.754,.284,.592,-.541,.779,.316,-.372,-.558,.742);
			es = "Linear";
			ed = "In";
		};
	};
	{
		tm = .1;
		["Torso"] = {
			tm = .033;
			cf = cfr(-.012,-.149,-.398,-.556,.744,-.371,-.822,-.426,.377,.122,.514,.849);
			es = "Linear";
			ed = "In";
		};
		["Left Leg"] = {
			tm = .033;
			cf = cfr(-.837,.187,.185,.958,-.255,.133,.234,.96,.155,-.167,-.118,.979);
			es = "Linear";
			ed = "In";
		};
		["Right Arm"] = {
			tm = .033;
			cf = cfr(.26,-.16,.122,.511,-.846,.155,.617,.486,.619,-.599,-.221,.77);
			es = "Linear";
			ed = "In";
		};
		["Head"] = {
			tm = .033;
			cf = cfr(0,0,.017,.932,-.311,.185,.343,.922,-.181,-.114,.232,.966);
			es = "Linear";
			ed = "In";
		};
		["Right Leg"] = {
			tm = .033;
			cf = cfr(.387,.602,.149,.678,-.69,-.252,.728,.678,.101,.101,-.252,.963);
			es = "Linear";
			ed = "In";
		};
		["Left Arm"] = {
			tm = .033;
			cf = cfr(-.216,-.153,.115,.642,.156,.75,-.714,.479,.512,-.279,-.864,.418);
			es = "Linear";
			ed = "In";
		};
	};
	{
		tm = .133;
		["Torso"] = {
			tm = .0499;
			cf = cfr(.19,.003,-.465,-.983,.035,.182,.09,-.769,.633,.162,.639,.752);
			es = "Linear";
			ed = "In";
		};
		["Left Leg"] = {
			tm = .0499;
			cf = cfr(-.49,-.21,.262,.989,-.129,.078,.144,.963,-.23,-.045,.238,.97);
			es = "Linear";
			ed = "In";
		};
		["Right Arm"] = {
			tm = .0499;
			cf = cfr(.257,-.181,.136,-.247,-.965,.089,.804,-.153,.575,-.541,.214,.813);
			es = "Linear";
			ed = "In";
		};
		["Head"] = {
			tm = .0499;
			cf = cfr(0,0,.017,.957,-.248,.152,.224,.962,.159,-.186,-.118,.976);
			es = "Linear";
			ed = "In";
		};
		["Right Leg"] = {
			tm = .0499;
			cf = cfr(.259,.591,-.04,.504,-.83,-.24,.86,.457,.226,-.077,-.32,.944);
			es = "Linear";
			ed = "In";
		};
		["Left Arm"] = {
			tm = .0499;
			cf = cfr(-.308,-.276,.369,.482,-.216,.849,-.525,.705,.477,-.701,-.676,.226);
			es = "Linear";
			ed = "In";
		};
	};
	{
		tm = .183;
		["Torso"] = {
			tm = .0170;
			cf = cfr(.307,-.058,-.266,-.539,-.72,.438,.842,-.474,.257,.023,.507,.862);
			es = "Linear";
			ed = "In";
		};
		["Left Leg"] = {
			tm = .0170;
			cf = cfr(-.716,.113,.476,.904,-.271,.33,.269,.962,.051,-.331,.042,.943);
			es = "Linear";
			ed = "In";
		};
		["Right Arm"] = {
			tm = .0170;
			cf = cfr(.463,-.064,.077,-.406,-.908,.107,.6,-.176,.781,-.69,.381,.616);
			es = "Linear";
			ed = "In";
		};
		["Head"] = {
			tm = .0170;
			cf = cfr(0,0,.017,.973,.184,-.142,-.186,.983,0,.14,.027,.99);
			es = "Linear";
			ed = "In";
		};
		["Right Leg"] = {
			tm = .0170;
			cf = cfr(.677,.547,.038,.85,-.527,-.005,.526,.847,.078,-.037,-.069,.997);
			es = "Linear";
			ed = "In";
		};
		["Left Arm"] = {
			tm = .0170;
			cf = cfr(-.309,-.277,.369,.495,-.253,.831,-.521,.679,.517,-.695,-.689,.204);
			es = "Linear";
			ed = "In";
		};
	};
	{
		tm = .2;
		["Torso"] = {
			tm = .0499;
			cf = cfr(.208,-.119,-.247,.49,-.752,.441,.861,.496,-.11,-.136,.434,.891);
			es = "Linear";
			ed = "In";
		};
		["Left Leg"] = {
			tm = .0499;
			cf = cfr(-.522,.16,.412,.929,-.168,.329,.162,.986,.048,-.332,.009,.943);
			es = "Linear";
			ed = "In";
		};
		["Right Arm"] = {
			tm = .0499;
			cf = cfr(.46,-.235,.1,-.103,-.898,.428,.52,.319,.792,-.848,.304,.434);
			es = "Linear";
			ed = "In";
		};
		["Head"] = {
			tm = .0499;
			cf = cfr(0,0,.017,.553,.793,-.256,-.753,.607,.255,.358,.052,.932);
			es = "Linear";
			ed = "In";
		};
		["Right Leg"] = {
			tm = .0499;
			cf = cfr(.345,-.192,.072,.63,-.777,.004,.776,.629,.047,-.039,-.026,.999);
			es = "Linear";
			ed = "In";
		};
		["Left Arm"] = {
			tm = .0499;
			cf = cfr(-.118,-.167,.15,.623,.721,.303,-.781,.594,.192,-.042,-.357,.933);
			es = "Linear";
			ed = "In";
		};
	};
	{
		tm = .25;
		["Torso"] = {
			tm = .0499;
			cf = cfr(.103,.035,-.203,.994,-.023,.107,.024,1,-.012,-.107,.014,.994);
			es = "Linear";
			ed = "In";
		};
		["Left Leg"] = {
			tm = .0499;
			cf = cfr(-.063,.446,.198,.698,.617,.363,-.707,.514,.486,.114,-.596,.795);
			es = "Linear";
			ed = "In";
		};
		["Right Arm"] = {
			tm = .0499;
			cf = cfr(.462,-.256,.079,.353,-.86,.369,-.006,.392,.92,-.935,-.327,.134);
			es = "Linear";
			ed = "In";
		};
		["Head"] = {
			tm = .0499;
			cf = cfr(0,0,.017,.976,-.01,-.215,-.032,.982,-.187,.213,.189,.959);
			es = "Linear";
			ed = "In";
		};
		["Right Leg"] = {
			tm = .0499;
			cf = cfr(1.009,-.093,.091,.864,.503,-.012,-.503,.864,.023,.022,-.014,1);
			es = "Linear";
			ed = "In";
		};
		["Left Arm"] = {
			tm = .0499;
			cf = cfr(-.066,-.085,.055,.821,-.565,-.082,.473,.592,.652,-.32,-.574,.753);
			es = "Linear";
			ed = "In";
		};
	};
	{
		tm = .3;
		["Torso"] = {
			tm = .0170;
			cf = cfr(.01,.022,.055,.485,.871,-.077,-.799,.478,.365,.355,-.115,.928);
			es = "Linear";
			ed = "In";
		};
		["Left Leg"] = {
			tm = .0170;
			cf = cfr(.142,.58,.012,.017,.616,.787,-.661,-.584,.471,.75,-.528,.398);
			es = "Linear";
			ed = "In";
		};
		["Right Arm"] = {
			tm = .0170;
			cf = cfr(.371,-.27,.269,.293,-.281,-.914,.955,.126,.267,.04,-.951,.305);
			es = "Linear";
			ed = "In";
		};
		["Head"] = {
			tm = .0170;
			cf = cfr(0,0,.017,.549,-.724,.419,.832,.422,-.361,.085,.546,.833);
			es = "Linear";
			ed = "In";
		};
		["Right Leg"] = {
			tm = .0170;
			cf = cfr(1.073,.627,.099,.843,.438,.311,-.533,.756,.379,-.069,-.485,.872);
			es = "Linear";
			ed = "In";
		};
		["Left Arm"] = {
			tm = .0170;
			cf = cfr(.07,-.045,.009,.769,-.626,.126,.447,.668,.595,-.456,-.401,.794);
			es = "Linear";
			ed = "In";
		};
	};
	{
		tm = .317;
		["Torso"] = {
			tm = .0499;
			cf = cfr(-.007,.083,.118,.4,.911,-.097,-.836,.406,.37,.377,-.067,.924);
			es = "Linear";
			ed = "In";
		};
		["Left Leg"] = {
			tm = .0499;
			cf = cfr(.219,.664,-.187,.142,.539,.83,-.733,-.507,.454,.665,-.673,.323);
			es = "Linear";
			ed = "In";
		};
		["Right Arm"] = {
			tm = .0499;
			cf = cfr(.371,-.267,.27,.249,-.3,-.921,.958,.213,.19,.139,-.93,.34);
			es = "Linear";
			ed = "In";
		};
		["Head"] = {
			tm = .0499;
			cf = cfr(0,0,.017,.509,-.785,.355,.827,.331,-.454,.238,.524,.818);
			es = "Linear";
			ed = "In";
		};
		["Right Leg"] = {
			tm = .0499;
			cf = cfr(.986,.658,.262,.893,.418,.167,-.45,.83,.33,-.001,-.37,.929);
			es = "Linear";
			ed = "In";
		};
		["Left Arm"] = {
			tm = .0499;
			cf = cfr(.51,.084,-.229,.769,-.626,.126,.447,.668,.595,-.456,-.401,.794);
			es = "Linear";
			ed = "In";
		};
	};
	{
		tm = .367;
		["Torso"] = {
			tm = .0330;
			cf = cfr(-.011,.083,.092,.384,.913,-.136,-.836,.406,.37,.393,-.028,.919);
			es = "Linear";
			ed = "In";
		};
		["Left Leg"] = {
			tm = .0330;
			cf = cfr(.05,.602,-.309,.198,.44,.876,-.775,-.478,.415,.601,-.761,.246);
			es = "Linear";
			ed = "In";
		};
		["Right Arm"] = {
			tm = .0330;
			cf = cfr(.373,-.265,.27,.327,-.24,-.914,.925,.278,.258,.192,-.93,.313);
			es = "Linear";
			ed = "In";
		};
		["Head"] = {
			tm = .0330;
			cf = cfr(0,0,.017,.511,-.779,.363,.832,.344,-.434,.213,.524,.825);
			es = "Linear";
			ed = "In";
		};
		["Right Leg"] = {
			tm = .0330;
			cf = cfr(.961,.68,.294,.906,.405,.125,-.423,.84,.34,.033,-.36,.932);
			es = "Linear";
			ed = "In";
		};
		["Left Arm"] = {
			tm = .0330;
			cf = cfr(.51,.083,-.23,.761,-.642,.094,.465,.64,.611,-.453,-.421,.786);
			es = "Linear";
			ed = "In";
		};
	};
	{
		tm = .4;
		["Torso"] = {
			tm = .0499;
			cf = cfr(.028,.069,-.039,.457,.873,-.17,-.812,.488,.32,.362,-.008,.932);
			es = "Linear";
			ed = "In";
		};
		["Left Leg"] = {
			tm = .0499;
			cf = cfr(.009,.709,.184,.124,.658,.743,-.938,-.166,.304,.324,-.734,.597);
			es = "Linear";
			ed = "In";
		};
		["Right Arm"] = {
			tm = .0499;
			cf = cfr(.374,-.264,.27,.38,-.208,-.901,.895,.329,.301,.234,-.921,.311);
			es = "Linear";
			ed = "In";
		};
		["Head"] = {
			tm = .0499;
			cf = cfr(0,0,.017,.59,-.754,.29,.787,.457,-.414,.18,.472,.863);
			es = "Linear";
			ed = "In";
		};
		["Right Leg"] = {
			tm = .0499;
			cf = cfr(.947,.682,.298,.913,.389,.123,-.407,.85,.333,.025,-.354,.935);
			es = "Linear";
			ed = "In";
		};
		["Left Arm"] = {
			tm = .0499;
			cf = cfr(.509,.082,-.23,.733,-.676,.067,.498,.603,.623,-.462,-.423,.779);
			es = "Linear";
			ed = "In";
		};
	};
	{
		tm = .45;
		["Torso"] = {
			tm = .0499;
			cf = cfr(-.014,.065,-.221,.529,.827,-.191,-.777,.563,.282,.34,0,.94);
			es = "Linear";
			ed = "In";
		};
		["Left Leg"] = {
			tm = .0499;
			cf = cfr(.03,.653,.296,.218,.648,.73,-.975,.11,.193,.045,-.754,.655);
			es = "Linear";
			ed = "In";
		};
		["Right Arm"] = {
			tm = .0499;
			cf = cfr(.374,-.263,.271,.404,-.202,-.892,.88,.352,.319,.249,-.914,.32);
			es = "Linear";
			ed = "In";
		};
		["Head"] = {
			tm = .0499;
			cf = cfr(0,0,.017,.678,-.701,.223,.72,.569,-.398,.152,.43,.89);
			es = "Linear";
			ed = "In";
		};
		["Right Leg"] = {
			tm = .0499;
			cf = cfr(.96,.682,.295,.907,.402,.125,-.42,.843,.336,.03,-.357,.934);
			es = "Linear";
			ed = "In";
		};
		["Left Arm"] = {
			tm = .0499;
			cf = cfr(.509,.08,-.231,.723,-.69,.032,.509,.564,.651,-.467,-.454,.759);
			es = "Linear";
			ed = "In";
		};
	};
	{
		tm = .5;
		["Torso"] = {
			tm = .0330;
			cf = cfr(.108,-.251,-.624,.54,.815,-.21,-.839,.541,-.062,.063,.21,.976);
			es = "Linear";
			ed = "In";
		};
		["Left Leg"] = {
			tm = .0330;
			cf = cfr(-.239,.966,.481,.566,.673,.477,-.766,.643,.001,-.306,-.365,.879);
			es = "Linear";
			ed = "In";
		};
		["Right Arm"] = {
			tm = .0330;
			cf = cfr(.373,-.262,.271,.441,-.208,-.873,.858,.383,.342,.263,-.9,.348);
			es = "Linear";
			ed = "In";
		};
		["Head"] = {
			tm = .0330;
			cf = cfr(0,0,.017,.659,-.737,.149,.743,.607,-.282,.117,.296,.948);
			es = "Linear";
			ed = "In";
		};
		["Right Leg"] = {
			tm = .0330;
			cf = cfr(.96,.682,.295,.907,.402,.125,-.42,.843,.336,.03,-.357,.934);
			es = "Linear";
			ed = "In";
		};
		["Left Arm"] = {
			tm = .0330;
			cf = cfr(.516,.076,-.239,.84,-.514,-.177,.44,.451,.776,-.319,-.73,.605);
			es = "Linear";
			ed = "In";
		};
	};
	{
		tm = .533;
		["Torso"] = {
			tm = .0499;
			cf = cfr(.099,-.109,-.89,.719,.669,-.186,-.694,.689,-.208,-.011,.279,.96);
			es = "Linear";
			ed = "In";
		};
		["Left Leg"] = {
			tm = .0499;
			cf = cfr(-.349,.917,.737,.721,.396,.569,-.286,.918,-.276,-.631,.036,.775);
			es = "Linear";
			ed = "In";
		};
		["Right Arm"] = {
			tm = .0499;
			cf = cfr(.373,-.261,.271,.471,-.206,-.858,.837,.411,.362,.278,-.888,.366);
			es = "Linear";
			ed = "In";
		};
		["Head"] = {
			tm = .0499;
			cf = cfr(0,0,.017,.789,-.615,.001,.604,.774,-.191,.116,.151,.982);
			es = "Linear";
			ed = "In";
		};
		["Right Leg"] = {
			tm = .0499;
			cf = cfr(.897,.93,.313,.962,.271,-.031,-.236,.883,.405,.137,-.382,.914);
			es = "Linear";
			ed = "In";
		};
		["Left Arm"] = {
			tm = .0499;
			cf = cfr(.516,.074,-.24,.824,-.525,-.213,.455,.39,.801,-.337,-.757,.56);
			es = "Linear";
			ed = "In";
		};
	};
	{
		tm = .583;
		["Torso"] = {
			tm = .0170;
			cf = cfr(.092,-.101,-.88,.675,.711,-.195,-.734,.622,-.273,-.073,.327,.942);
			es = "Linear";
			ed = "In";
		};
		["Left Leg"] = {
			tm = .0170;
			cf = cfr(-.258,1.026,.744,.646,.419,.638,-.331,.907,-.26,-.688,-.043,.725);
			es = "Linear";
			ed = "In";
		};
		["Right Arm"] = {
			tm = .0170;
			cf = cfr(.373,-.26,.272,.514,-.2,-.834,.805,.449,.388,.297,-.871,.392);
			es = "Linear";
			ed = "In";
		};
		["Head"] = {
			tm = .0170;
			cf = cfr(0,0,.017,.764,-.642,.059,.638,.74,-.215,.094,.202,.975);
			es = "Linear";
			ed = "In";
		};
		["Right Leg"] = {
			tm = .0170;
			cf = cfr(.814,.995,.309,.998,.066,.016,-.067,.955,.289,.004,-.289,.957);
			es = "Linear";
			ed = "In";
		};
		["Left Arm"] = {
			tm = .0170;
			cf = cfr(.513,.064,-.238,.882,-.445,-.153,.387,.5,.775,-.269,-.742,.614);
			es = "Linear";
			ed = "In";
		};
	};
	{
		tm = .6;
		["Torso"] = {
			tm = .0500;
			cf = cfr(.077,-.115,-.81,.621,.755,-.212,-.776,.554,-.301,-.109,.351,.93);
			es = "Linear";
			ed = "In";
		};
		["Left Leg"] = {
			tm = .0500;
			cf = cfr(-.17,1.015,.718,.56,.412,.718,-.341,.905,-.254,-.755,-.103,.648);
			es = "Linear";
			ed = "In";
		};
		["Right Arm"] = {
			tm = .0500;
			cf = cfr(.373,-.259,.272,.569,-.192,-.799,.758,.498,.421,.317,-.846,.429);
			es = "Linear";
			ed = "In";
		};
		["Head"] = {
			tm = .0500;
			cf = cfr(0,0,.017,.748,-.634,.193,.66,.685,-.307,.063,.357,.932);
			es = "Linear";
			ed = "In";
		};
		["Right Leg"] = {
			tm = .0500;
			cf = cfr(.696,.972,.338,.984,-.158,.083,.142,.974,.176,-.108,-.161,.981);
			es = "Linear";
			ed = "In";
		};
		["Left Arm"] = {
			tm = .0500;
			cf = cfr(.512,.055,-.235,.953,-.295,-.066,.252,.656,.712,-.167,-.695,.699);
			es = "Linear";
			ed = "In";
		};
	};
	{
		tm = .65;
		["Torso"] = {
			tm = 0;
			cf = cfr(.077,-.147,-.737,.621,.755,-.212,-.771,.538,-.34,-.142,.375,.916);
			es = "Linear";
			ed = "In";
		};
		["Left Leg"] = {
			tm = 0;
			cf = cfr(-.152,.989,.685,.538,.441,.718,-.391,.886,-.251,-.747,-.145,.649);
			es = "Linear";
			ed = "In";
		};
		["Right Arm"] = {
			tm = 0;
			cf = cfr(.374,-.258,.273,.613,-.185,-.769,.718,.536,.444,.33,-.824,.461);
			es = "Linear";
			ed = "In";
		};
		["Head"] = {
			tm = 0;
			cf = cfr(0,0,.017,.754,-.621,.213,.654,.682,-.327,.057,.386,.921);
			es = "Linear";
			ed = "In";
		};
		["Right Leg"] = {
			tm = 0;
			cf = cfr(.59,.845,.403,.955,-.281,.09,.273,.958,.088,-.111,-.059,.992);
			es = "Linear";
			ed = "In";
		};
		["Left Arm"] = {
			tm = 0;
			cf = cfr(.514,.057,-.235,.972,-.233,-.042,.198,.702,.684,-.13,-.673,.729);
			es = "Linear";
			ed = "In";
		};
	};
}
