-- // converted using mech's animoduler
local cfr = CFrame.new

return {
	{
		tm = 0;
		["Torso"] = {
			tm = .05;
			cf = cfr(-.17,-.327,-.299,.509,.777,-.369,-.858,.489,-.154,.061,.395,.917);
			es = "Linear";
			ed = "In";
		};
		["Left Leg"] = {
			tm = .05;
			cf = cfr(-.504,.025,-.002,.994,-.108,-.006,.107,.989,-.101,.017,.1,.995);
			es = "Linear";
			ed = "In";
		};
		["Right Arm"] = {
			tm = .05;
			cf = cfr(.168,-.263,.254,-.242,-.887,-.394,.965,-.18,-.188,.096,-.426,.9);
			es = "Linear";
			ed = "In";
		};
		["Head"] = {
			tm = .05;
			cf = cfr(0,0,.017,.571,-.802,.172,.786,.595,.167,-.237,.04,.971);
			es = "Linear";
			ed = "In";
		};
		["Left Arm"] = {
			tm = .05;
			cf = cfr(-.777,-.237,.262,-.494,.761,-.421,-.767,-.154,.623,.409,.631,.659);
			es = "Linear";
			ed = "In";
		};
		["Right Leg"] = {
			tm = .05;
			cf = cfr(.608,-.041,0,.959,.283,-.005,-.283,.958,.035,.015,-.032,.999);
			es = "Linear";
			ed = "In";
		};
	};
	{
		tm = .05;
		["Torso"] = {
			tm = .033;
			cf = cfr(-.159,-.248,-.46,.287,.816,-.501,-.954,.291,-.072,.087,.499,.862);
			es = "Linear";
			ed = "In";
		};
		["Left Leg"] = {
			tm = .033;
			cf = cfr(-.574,.205,.034,.996,.087,-.023,-.089,.98,-.179,.007,.181,.984);
			es = "Linear";
			ed = "In";
		};
		["Right Arm"] = {
			tm = .033;
			cf = cfr(.168,-.263,.254,-.242,-.886,-.395,.965,-.179,-.189,.097,-.427,.899);
			es = "Linear";
			ed = "In";
		};
		["Head"] = {
			tm = .033;
			cf = cfr(0,0,.017,.447,-.861,.242,.826,.501,.258,-.343,.084,.935);
			es = "Linear";
			ed = "In";
		};
		["Left Arm"] = {
			tm = .033;
			cf = cfr(-.776,-.284,.116,-.455,.767,-.452,-.824,-.171,.54,.337,.618,.71);
			es = "Linear";
			ed = "In";
		};
		["Right Leg"] = {
			tm = .033;
			cf = cfr(.7,.057,-.01,.964,.265,-.018,-.261,.958,.12,.049,-.111,.993);
			es = "Linear";
			ed = "In";
		};
	};
	{
		tm = .083;
		["Torso"] = {
			tm = .05;
			cf = cfr(-.133,-.136,-.619,.05,.788,-.614,-.996,.083,.025,.071,.61,.789);
			es = "Linear";
			ed = "In";
		};
		["Left Leg"] = {
			tm = .05;
			cf = cfr(-.495,.46,.04,.95,.311,-.018,-.311,.944,-.108,-.017,.108,.994);
			es = "Linear";
			ed = "In";
		};
		["Right Arm"] = {
			tm = .05;
			cf = cfr(.168,-.263,.254,-.242,-.885,-.397,.965,-.179,-.19,.098,-.429,.898);
			es = "Linear";
			ed = "In";
		};
		["Head"] = {
			tm = .05;
			cf = cfr(0,0,.017,.305,-.912,.276,.84,.394,.373,-.449,.118,.886);
			es = "Linear";
			ed = "In";
		};
		["Left Arm"] = {
			tm = .05;
			cf = cfr(-.775,-.355,-.03,-.417,.778,-.47,-.861,-.172,.479,.292,.604,.742);
			es = "Linear";
			ed = "In";
		};
		["Right Leg"] = {
			tm = .05;
			cf = cfr(.73,.162,-.032,.981,.189,-.032,-.18,.965,.19,.067,-.181,.981);
			es = "Linear";
			ed = "In";
		};
	};
	{
		tm = .133;
		["Torso"] = {
			tm = .0499;
			cf = cfr(-.129,-.054,-.705,-.046,.736,-.676,-.999,-.017,.049,.024,.677,.736);
			es = "Linear";
			ed = "In";
		};
		["Left Leg"] = {
			tm = .0499;
			cf = cfr(-.398,.635,-.036,.905,.424,.023,-.424,.905,.042,-.003,-.048,.999);
			es = "Linear";
			ed = "In";
		};
		["Right Arm"] = {
			tm = .0499;
			cf = cfr(.168,-.263,.254,-.244,-.883,-.4,.965,-.178,-.194,.1,-.433,.896);
			es = "Linear";
			ed = "In";
		};
		["Head"] = {
			tm = .0499;
			cf = cfr(0,0,.017,.244,-.935,.256,.826,.339,.451,-.508,.101,.855);
			es = "Linear";
			ed = "In";
		};
		["Left Arm"] = {
			tm = .0499;
			cf = cfr(-.77,-.451,-.096,-.4,.784,-.475,-.874,-.17,.456,.276,.597,.753);
			es = "Linear";
			ed = "In";
		};
		["Right Leg"] = {
			tm = .0499;
			cf = cfr(.736,.191,-.035,.993,.114,-.028,-.108,.981,.163,.046,-.159,.986);
			es = "Linear";
			ed = "In";
		};
	};
	{
		tm = .183;
		["Torso"] = {
			tm = .034;
			cf = cfr(-.009,-.309,-.325,.653,.647,-.394,-.753,.496,-.432,-.084,.579,.811);
			es = "Linear";
			ed = "In";
		};
		["Left Leg"] = {
			tm = .034;
			cf = cfr(-.378,.285,-.065,.956,.286,.062,-.292,.935,.202,0,-.211,.977);
			es = "Linear";
			ed = "In";
		};
		["Right Arm"] = {
			tm = .034;
			cf = cfr(.184,-.253,.242,-.238,-.469,-.851,.946,.087,-.312,.22,-.879,.423);
			es = "Linear";
			ed = "In";
		};
		["Head"] = {
			tm = .034;
			cf = cfr(0,0,.017,.73,-.68,.063,.616,.695,.372,-.297,-.233,.926);
			es = "Linear";
			ed = "In";
		};
		["Left Arm"] = {
			tm = .034;
			cf = cfr(-.498,-.619,.178,-.472,.803,-.364,-.785,-.195,.588,.401,.563,.723);
			es = "Linear";
			ed = "In";
		};
		["Right Leg"] = {
			tm = .034;
			cf = cfr(1.171,.452,-.008,.865,.5,-.048,-.475,.846,.244,.162,-.188,.969);
			es = "Linear";
			ed = "In";
		};
	};
	{
		tm = .217;
		["Torso"] = {
			tm = .0500;
			cf = cfr(.352,.164,.018,.547,-.783,.296,.779,.606,.162,-.306,.142,.941);
			es = "Linear";
			ed = "In";
		};
		["Left Leg"] = {
			tm = .0500;
			cf = cfr(-.753,.21,-.03,.942,-.329,.068,.306,.924,.229,-.138,-.195,.971);
			es = "Linear";
			ed = "In";
		};
		["Right Arm"] = {
			tm = .0500;
			cf = cfr(.145,.11,.359,-.036,-.08,-.996,.82,.568,-.076,.572,-.819,.045);
			es = "Linear";
			ed = "In";
		};
		["Head"] = {
			tm = .0500;
			cf = cfr(0,0,.017,.504,.764,-.403,-.86,.485,-.157,.075,.426,.902);
			es = "Linear";
			ed = "In";
		};
		["Left Arm"] = {
			tm = .0500;
			cf = cfr(-.5,-.629,.171,-.625,.778,-.06,-.688,-.513,.513,.368,.362,.856);
			es = "Linear";
			ed = "In";
		};
		["Right Leg"] = {
			tm = .0500;
			cf = cfr(.496,.539,.744,.536,.343,-.772,-.43,.897,.101,.727,.277,.628);
			es = "Linear";
			ed = "In";
		};
	};
	{
		tm = .267;
		["Torso"] = {
			tm = .0159;
			cf = cfr(.257,.173,.002,.389,-.864,.319,.868,.46,.187,-.308,.204,.929);
			es = "Linear";
			ed = "In";
		};
		["Left Leg"] = {
			tm = .0159;
			cf = cfr(-.731,.119,-.005,.915,-.395,.08,.369,.901,.23,-.163,-.181,.97);
			es = "Linear";
			ed = "In";
		};
		["Right Arm"] = {
			tm = .0159;
			cf = cfr(.151,.111,.361,-.022,.086,-.996,.787,.616,.036,.617,-.783,-.082);
			es = "Linear";
			ed = "In";
		};
		["Head"] = {
			tm = .0159;
			cf = cfr(0,0,.017,.417,.823,-.386,-.909,.374,-.185,-.008,.428,.904);
			es = "Linear";
			ed = "In";
		};
		["Left Arm"] = {
			tm = .0159;
			cf = cfr(-.5,-.63,.169,-.614,.789,.004,-.683,-.535,.498,.396,.303,.867);
			es = "Linear";
			ed = "In";
		};
		["Right Leg"] = {
			tm = .0159;
			cf = cfr(.603,.376,.977,.538,.371,-.757,-.56,.828,.008,.63,.419,.654);
			es = "Linear";
			ed = "In";
		};
	};
	{
		tm = .283;
		["Torso"] = {
			tm = .0500;
			cf = cfr(.207,.152,-.051,.316,-.881,.352,.905,.392,.168,-.286,.265,.921);
			es = "Linear";
			ed = "In";
		};
		["Left Leg"] = {
			tm = .0500;
			cf = cfr(-.781,.201,-.032,.936,-.344,.069,.32,.918,.232,-.143,-.196,.97);
			es = "Linear";
			ed = "In";
		};
		["Right Arm"] = {
			tm = .0500;
			cf = cfr(.153,.109,.361,-.03,.167,-.985,.816,.573,.072,.577,-.802,-.154);
			es = "Linear";
			ed = "In";
		};
		["Head"] = {
			tm = .0500;
			cf = cfr(0,0,.017,.41,.832,-.373,-.912,.387,-.137,.03,.396,.918);
			es = "Linear";
			ed = "In";
		};
		["Left Arm"] = {
			tm = .0500;
			cf = cfr(-.5,-.63,.168,-.613,.79,.014,-.682,-.538,.495,.399,.294,.869);
			es = "Linear";
			ed = "In";
		};
		["Right Leg"] = {
			tm = .0500;
			cf = cfr(.583,.345,1.1,.549,.299,-.781,-.576,.812,-.094,.606,.502,.617);
			es = "Linear";
			ed = "In";
		};
	};
	{
		tm = .333;
		["Torso"] = {
			tm = .0499;
			cf = cfr(.102,.122,-.26,.24,-.892,.383,.939,.314,.143,-.248,.325,.913);
			es = "Linear";
			ed = "In";
		};
		["Left Leg"] = {
			tm = .0499;
			cf = cfr(-.908,.501,-.101,.951,-.303,.067,.28,.931,.234,-.133,-.204,.97);
			es = "Linear";
			ed = "In";
		};
		["Right Arm"] = {
			tm = .0499;
			cf = cfr(.154,.107,.36,-.06,.2,-.978,.859,.51,.051,.509,-.837,-.202);
			es = "Linear";
			ed = "In";
		};
		["Head"] = {
			tm = .0499;
			cf = cfr(0,0,.017,.366,.859,-.358,-.928,.365,-.072,.069,.359,.931);
			es = "Linear";
			ed = "In";
		};
		["Left Arm"] = {
			tm = .0499;
			cf = cfr(-.433,-.457,.118,-.61,.792,.013,-.688,-.538,.488,.393,.289,.873);
			es = "Linear";
			ed = "In";
		};
		["Right Leg"] = {
			tm = .0499;
			cf = cfr(.553,.476,1.059,.568,.22,-.793,-.493,.863,-.113,.659,.455,.599);
			es = "Linear";
			ed = "In";
		};
	};
	{
		tm = .383;
		["Torso"] = {
			tm = .0170;
			cf = cfr(.044,.097,-.57,.186,-.895,.406,.96,.254,.119,-.21,.368,.906);
			es = "Linear";
			ed = "In";
		};
		["Left Leg"] = {
			tm = .0170;
			cf = cfr(-.845,.887,-.212,.969,-.238,.064,.217,.946,.242,-.118,-.221,.968);
			es = "Linear";
			ed = "In";
		};
		["Right Arm"] = {
			tm = .0170;
			cf = cfr(.154,.106,.359,-.083,.201,-.976,.881,.473,.023,.467,-.858,-.216);
			es = "Linear";
			ed = "In";
		};
		["Head"] = {
			tm = .0170;
			cf = cfr(0,0,.017,.338,.882,-.329,-.936,.35,-.025,.093,.316,.944);
			es = "Linear";
			ed = "In";
		};
		["Left Arm"] = {
			tm = .0170;
			cf = cfr(-.305,-.14,.038,-.593,.805,.004,-.705,-.522,.48,.389,.281,.877);
			es = "Linear";
			ed = "In";
		};
		["Right Leg"] = {
			tm = .0170;
			cf = cfr(.581,.505,1.01,.581,.184,-.793,-.43,.897,-.106,.691,.403,.6);
			es = "Linear";
			ed = "In";
		};
	};
	{
		tm = .4;
		["Torso"] = {
			tm = .0499;
			cf = cfr(.056,.093,-.743,.184,-.888,.421,.97,.234,.069,-.16,.396,.904);
			es = "Linear";
			ed = "In";
		};
		["Left Leg"] = {
			tm = .0499;
			cf = cfr(-.833,.904,-.222,.973,-.222,.067,.199,.948,.249,-.119,-.228,.966);
			es = "Linear";
			ed = "In";
		};
		["Right Arm"] = {
			tm = .0499;
			cf = cfr(.154,.108,.36,-.054,.181,-.982,.847,.529,.051,.528,-.829,-.182);
			es = "Linear";
			ed = "In";
		};
		["Head"] = {
			tm = .0499;
			cf = cfr(0,0,.017,.376,.889,-.262,-.921,.39,.001,.104,.241,.965);
			es = "Linear";
			ed = "In";
		};
		["Left Arm"] = {
			tm = .0499;
			cf = cfr(-.231,.026,.008,-.485,.873,-.051,-.793,-.414,.447,.369,.257,.893);
			es = "Linear";
			ed = "In";
		};
		["Right Leg"] = {
			tm = .0499;
			cf = cfr(.619,.455,.978,.582,.178,-.793,-.419,.902,-.105,.696,.394,.6);
			es = "Linear";
			ed = "In";
		};
	};
	{
		tm = .45;
		["Torso"] = {
			tm = 0;
			cf = cfr(.1,-.094,-.758,.496,-.744,.447,.858,.499,-.122,-.132,.444,.886);
			es = "Linear";
			ed = "In";
		};
		["Left Leg"] = {
			tm = 0;
			cf = cfr(-.601,.894,.112,.912,-.168,.373,.137,.985,.108,-.385,-.047,.921);
			es = "Linear";
			ed = "In";
		};
		["Right Arm"] = {
			tm = 0;
			cf = cfr(.143,.116,.365,-.167,-.142,-.976,.638,.739,-.217,.752,-.658,-.033);
			es = "Linear";
			ed = "In";
		};
		["Head"] = {
			tm = 0;
			cf = cfr(0,0,.017,.697,.661,-.276,-.704,.705,-.089,.136,.257,.957);
			es = "Linear";
			ed = "In";
		};
		["Left Arm"] = {
			tm = 0;
			cf = cfr(-.227,.037,.007,-.189,.959,-.213,-.967,-.143,.212,.172,.246,.954);
			es = "Linear";
			ed = "In";
		};
		["Right Leg"] = {
			tm = 0;
			cf = cfr(.578,.571,.906,.692,.052,-.72,-.304,.926,-.225,.655,.374,.657);
			es = "Linear";
			ed = "In";
		};
	};
}
