-- // converted using mech's animoduler
local cfr = CFrame.new

return {
	{
		tm = 0;
		["d"] = "1";
		["Torso"] = {
			cf = cfr(0,0,0,1,0,0,0,1,0,0,0,1);
			es = "Linear";
			ed = "In";
		};
		["Left Leg"] = {
			cf = cfr(-.032,-.129,-.015,.509,-.861,-.001,.861,.509,-.001,.001,0,1);
			es = "Linear";
			ed = "In";
		};
		["Right Arm"] = {
			cf = cfr(-.199,.073,.005,.707,.706,-.053,-.704,.709,.043,.068,.007,.998);
			es = "Linear";
			ed = "In";
		};
		["Head"] = {
			cf = cfr(0,0,0,.999,-.035,.001,.035,.999,-.03,0,.03,1);
			es = "Linear";
			ed = "In";
		};
		["Right Leg"] = {
			cf = cfr(.005,-.201,-.011,.703,-.71,.04,.71,.704,.003,-.03,.026,.999);
			es = "Linear";
			ed = "In";
		};
		["Left Arm"] = {
			cf = cfr(-.29,-.043,.021,.563,.824,.06,-.826,.562,.034,-.006,-.069,.998);
			es = "Linear";
			ed = "In";
		};
	};
	{
		tm = .032;
		["Torso"] = {
			cf = cfr(0,0,0,1,.001,0,-.001,1,0,0,0,1);
			es = "Linear";
			ed = "In";
		};
		["Left Leg"] = {
			cf = cfr(-.032,-.141,-.015,.411,-.911,-.001,.911,.411,-.001,.001,0,1);
			es = "Linear";
			ed = "In";
		};
		["Right Arm"] = {
			cf = cfr(-.19,.068,.006,.761,.647,-.051,-.645,.762,.047,.069,-.003,.998);
			es = "Linear";
			ed = "In";
		};
		["Head"] = {
			cf = cfr(0,0,0,.999,-.034,.001,.034,.999,-.03,0,.03,1);
			es = "Linear";
			ed = "In";
		};
		["Right Leg"] = {
			cf = cfr(.005,-.201,-.011,.733,-.679,.04,.68,.733,.003,-.031,.025,.999);
			es = "Linear";
			ed = "In";
		};
		["Left Arm"] = {
			cf = cfr(-.274,-.048,.02,.595,.801,.057,-.803,.594,.035,-.006,-.067,.998);
			es = "Linear";
			ed = "In";
		};
	};
	{
		tm = .063;
		["Torso"] = {
			cf = cfr(0,0,0,1,.004,0,-.004,1,0,0,0,1);
			es = "Linear";
			ed = "In";
		};
		["Left Leg"] = {
			cf = cfr(-.032,-.165,-.015,.411,-.912,-.001,.912,.411,-.001,.001,0,1);
			es = "Linear";
			ed = "In";
		};
		["Right Arm"] = {
			cf = cfr(-.168,.055,.008,.875,.482,-.046,-.479,.876,.056,.067,-.027,.997);
			es = "Linear";
			ed = "In";
		};
		["Head"] = {
			cf = cfr(0,0,0,.999,-.033,.001,.033,.999,-.03,0,.03,1);
			es = "Linear";
			ed = "In";
		};
		["Right Leg"] = {
			cf = cfr(.005,-.201,-.011,.807,-.589,.04,.59,.808,.003,-.034,.021,.999);
			es = "Linear";
			ed = "In";
		};
		["Left Arm"] = {
			cf = cfr(-.236,-.061,.018,.675,.736,.05,-.738,.674,.037,-.007,-.062,.998);
			es = "Linear";
			ed = "In";
		};
	};
	{
		tm = .095;
		["Torso"] = {
			cf = cfr(0,0,.001,1,.008,0,-.008,1,0,0,0,1);
			es = "Linear";
			ed = "In";
		};
		["Left Leg"] = {
			cf = cfr(-.032,-.189,-.015,.49,-.872,-.001,.872,.49,-.001,.001,0,1);
			es = "Linear";
			ed = "In";
		};
		["Right Arm"] = {
			cf = cfr(-.135,.037,.011,.972,.234,-.038,-.231,.971,.066,.053,-.056,.997);
			es = "Linear";
			ed = "In";
		};
		["Head"] = {
			cf = cfr(0,0,0,1,-.031,.001,.032,.999,-.03,0,.03,1);
			es = "Linear";
			ed = "In";
		};
		["Right Leg"] = {
			cf = cfr(.005,-.201,-.011,.898,-.439,.04,.439,.898,.003,-.037,.015,.999);
			es = "Linear";
			ed = "In";
		};
		["Left Arm"] = {
			cf = cfr(-.183,-.076,.016,.775,.631,.041,-.632,.774,.039,-.007,-.056,.998);
			es = "Linear";
			ed = "In";
		};
	};
	{
		tm = .127;
		["Torso"] = {
			cf = cfr(0,0,.002,1,.013,0,-.013,1,0,0,0,1);
			es = "Linear";
			ed = "In";
		};
		["Left Leg"] = {
			cf = cfr(-.032,-.199,-.015,.621,-.784,-.001,.784,.621,-.001,.001,0,1);
			es = "Linear";
			ed = "In";
		};
		["Right Arm"] = {
			cf = cfr(-.097,.017,.014,.999,-.041,-.031,.043,.996,.075,.027,-.077,.997);
			es = "Linear";
			ed = "In";
		};
		["Head"] = {
			cf = cfr(0,0,0,1,-.029,.001,.029,.999,-.03,0,.03,1);
			es = "Linear";
			ed = "In";
		};
		["Right Leg"] = {
			cf = cfr(.005,-.201,-.011,.972,-.233,.04,.233,.973,.003,-.039,.006,.999);
			es = "Linear";
			ed = "In";
		};
		["Left Arm"] = {
			cf = cfr(-.127,-.09,.013,.867,.497,.031,-.498,.866,.04,-.007,-.051,.999);
			es = "Linear";
			ed = "In";
		};
	};
	{
		tm = .159;
		["walkfootstep"] = "1";
		["Torso"] = {
			cf = cfr(0,0,.002,1,.019,0,-.019,1,0,0,0,1);
			es = "Linear";
			ed = "In";
		};
		["Left Leg"] = {
			cf = cfr(-.032,-.157,-.015,.769,-.639,-.001,.639,.769,-.001,.001,0,1);
			es = "Linear";
			ed = "In";
		};
		["Right Arm"] = {
			cf = cfr(-.059,-.001,.017,.963,-.267,-.024,.268,.96,.079,.002,-.082,.997);
			es = "Linear";
			ed = "In";
		};
		["Head"] = {
			cf = cfr(0,0,0,1,-.027,.001,.027,.999,-.03,0,.03,1);
			es = "Linear";
			ed = "In";
		};
		["Right Leg"] = {
			cf = cfr(.005,-.201,-.011,.999,.014,.04,-.014,1,.003,-.039,-.003,.999);
			es = "Linear";
			ed = "In";
		};
		["Left Arm"] = {
			cf = cfr(-.077,-.098,.011,.935,.354,.024,-.355,.934,.041,-.008,-.047,.999);
			es = "Linear";
			ed = "In";
		};
	};
	{
		tm = .19;
		["Torso"] = {
			cf = cfr(0,0,.002,1,.025,0,-.025,1,0,0,0,1);
			es = "Linear";
			ed = "In";
		};
		["Left Leg"] = {
			cf = cfr(-.032,-.072,-.015,.897,-.441,-.001,.441,.897,-.001,.001,0,1);
			es = "Linear";
			ed = "In";
		};
		["Right Arm"] = {
			cf = cfr(-.023,-.018,.018,.906,-.423,-.018,.423,.903,.076,-.016,-.076,.997);
			es = "Linear";
			ed = "In";
		};
		["Head"] = {
			cf = cfr(0,0,0,1,-.025,.001,.025,.999,-.03,0,.03,1);
			es = "Linear";
			ed = "In";
		};
		["Right Leg"] = {
			cf = cfr(.005,-.201,-.011,.961,.273,.04,-.273,.962,.003,-.037,-.014,.999);
			es = "Linear";
			ed = "In";
		};
		["Left Arm"] = {
			cf = cfr(-.036,-.087,.009,.978,.207,.02,-.208,.977,.04,-.011,-.044,.999);
			es = "Linear";
			ed = "In";
		};
	};
	{
		tm = .222;
		["Torso"] = {
			cf = cfr(0,0,.002,1,.03,0,-.03,1,0,0,0,1);
			es = "Linear";
			ed = "In";
		};
		["Left Leg"] = {
			cf = cfr(-.032,.008,-.015,.978,-.208,-.001,.208,.978,-.001,.001,.001,1);
			es = "Linear";
			ed = "In";
		};
		["Right Arm"] = {
			cf = cfr(.009,-.037,.02,.824,-.566,-.011,.566,.822,.071,-.031,-.064,.997);
			es = "Linear";
			ed = "In";
		};
		["Head"] = {
			cf = cfr(0,0,0,1,-.022,.001,.022,.999,-.03,0,.03,1);
			es = "Linear";
			ed = "In";
		};
		["Right Leg"] = {
			cf = cfr(.005,-.201,-.011,.858,.512,.04,-.513,.859,.003,-.032,-.023,.999);
			es = "Linear";
			ed = "In";
		};
		["Left Arm"] = {
			cf = cfr(.005,-.046,.007,.999,.032,.017,-.032,.999,.037,-.016,-.038,.999);
			es = "Linear";
			ed = "In";
		};
	};
	{
		tm = .254;
		["Torso"] = {
			cf = cfr(0,0,.001,.999,.035,0,-.035,.999,0,0,0,1);
			es = "Linear";
			ed = "In";
		};
		["Left Leg"] = {
			cf = cfr(-.032,.037,-.015,1,.028,-.001,-.028,1,-.001,.001,.001,1);
			es = "Linear";
			ed = "In";
		};
		["Right Arm"] = {
			cf = cfr(.037,-.057,.022,.724,-.689,-.004,.688,.723,.063,-.041,-.048,.998);
			es = "Linear";
			ed = "In";
		};
		["Head"] = {
			cf = cfr(0,0,0,1,-.02,.001,.02,.999,-.03,0,.03,1);
			es = "Linear";
			ed = "In";
		};
		["Right Leg"] = {
			cf = cfr(.005,-.201,-.011,.708,.705,.04,-.705,.709,.003,-.026,-.03,.999);
			es = "Linear";
			ed = "In";
		};
		["Left Arm"] = {
			cf = cfr(.041,.007,.005,.989,-.147,.016,.146,.989,.033,-.021,-.031,.999);
			es = "Linear";
			ed = "In";
		};
	};
	{
		tm = .286;
		["Torso"] = {
			cf = cfr(0,0,0,.999,.039,0,-.039,.999,0,0,0,1);
			es = "Linear";
			ed = "In";
		};
		["Left Leg"] = {
			cf = cfr(-.032,-.018,-.015,.96,.281,-.001,-.281,.96,-.001,.001,.001,1);
			es = "Linear";
			ed = "In";
		};
		["Right Arm"] = {
			cf = cfr(.059,-.076,.023,.621,-.784,.003,.782,.62,.055,-.045,-.032,.998);
			es = "Linear";
			ed = "In";
		};
		["Head"] = {
			cf = cfr(0,0,0,1,-.019,.001,.019,.999,-.03,0,.03,1);
			es = "Linear";
			ed = "In";
		};
		["Right Leg"] = {
			cf = cfr(.005,-.201,-.011,.543,.839,.04,-.839,.544,.003,-.019,-.035,.999);
			es = "Linear";
			ed = "In";
		};
		["Left Arm"] = {
			cf = cfr(.066,.054,.003,.954,-.3,.016,.299,.954,.031,-.025,-.025,.999);
			es = "Linear";
			ed = "In";
		};
	};
	{
		tm = .317;
		["Torso"] = {
			cf = cfr(0,0,0,.999,.041,0,-.041,.999,0,0,0,1);
			es = "Linear";
			ed = "In";
		};
		["Left Leg"] = {
			cf = cfr(-.032,-.104,-.015,.858,.514,-.001,-.514,.858,-.001,0,.001,1);
			es = "Linear";
			ed = "In";
		};
		["Right Arm"] = {
			cf = cfr(.076,-.091,.025,.531,-.847,.008,.846,.531,.046,-.043,-.017,.999);
			es = "Linear";
			ed = "In";
		};
		["Head"] = {
			cf = cfr(0,0,0,1,-.018,.001,.018,.999,-.03,0,.03,1);
			es = "Linear";
			ed = "In";
		};
		["Right Leg"] = {
			cf = cfr(.005,-.201,-.011,.397,.917,.04,-.918,.398,.003,-.013,-.037,.999);
			es = "Linear";
			ed = "In";
		};
		["Left Arm"] = {
			cf = cfr(.076,.089,.002,.912,-.41,.024,.409,.912,.034,-.036,-.021,.999);
			es = "Linear";
			ed = "In";
		};
	};
	{
		tm = .349;
		["Torso"] = {
			cf = cfr(0,0,0,.999,.041,0,-.041,.999,0,0,0,1);
			es = "Linear";
			ed = "In";
		};
		["Left Leg"] = {
			cf = cfr(-.032,-.198,-.015,.748,.664,-.001,-.664,.748,-.001,0,.001,1);
			es = "Linear";
			ed = "In";
		};
		["Right Arm"] = {
			cf = cfr(.085,-.101,.025,.471,-.882,.012,.881,.471,.037,-.038,-.007,.999);
			es = "Linear";
			ed = "In";
		};
		["Head"] = {
			cf = cfr(0,0,0,1,-.018,.001,.018,.999,-.03,0,.03,1);
			es = "Linear";
			ed = "In";
		};
		["Right Leg"] = {
			cf = cfr(.005,-.201,-.011,.3,.953,.04,-.954,.3,.003,-.009,-.039,.999);
			es = "Linear";
			ed = "In";
		};
		["Left Arm"] = {
			cf = cfr(.079,.117,.002,.878,-.477,.045,.476,.879,.043,-.06,-.017,.998);
			es = "Linear";
			ed = "In";
		};
	};
	{
		tm = .381;
		["Torso"] = {
			cf = cfr(0,0,0,.999,.039,0,-.039,.999,0,0,0,1);
			es = "Linear";
			ed = "In";
		};
		["Left Leg"] = {
			cf = cfr(-.032,-.231,-.015,.711,.703,-.001,-.703,.711,-.001,0,.001,1);
			es = "Linear";
			ed = "In";
		};
		["Right Arm"] = {
			cf = cfr(.088,-.104,.025,.456,-.89,.013,.889,.456,.028,-.031,-.002,1);
			es = "Linear";
			ed = "In";
		};
		["Head"] = {
			cf = cfr(0,0,0,1,-.019,.001,.019,.999,-.03,0,.03,1);
			es = "Linear";
			ed = "In";
		};
		["Right Leg"] = {
			cf = cfr(.005,-.201,-.011,.277,.96,.04,-.961,.277,.003,-.008,-.039,.999);
			es = "Linear";
			ed = "In";
		};
		["Left Arm"] = {
			cf = cfr(.079,.125,.001,.868,-.494,.053,.491,.869,.056,-.074,-.023,.997);
			es = "Linear";
			ed = "In";
		};
	};
	{
		tm = .412;
		["Torso"] = {
			cf = cfr(0,0,.001,.999,.035,0,-.035,.999,0,0,0,1);
			es = "Linear";
			ed = "In";
		};
		["Left Leg"] = {
			cf = cfr(-.032,-.199,-.015,.756,.654,-.001,-.654,.756,-.001,0,.001,1);
			es = "Linear";
			ed = "In";
		};
		["Right Arm"] = {
			cf = cfr(.075,-.096,.025,.529,-.849,.01,.848,.529,.02,-.023,-.003,1);
			es = "Linear";
			ed = "In";
		};
		["Head"] = {
			cf = cfr(0,0,0,1,-.02,.001,.02,.999,-.03,0,.03,1);
			es = "Linear";
			ed = "In";
		};
		["Right Leg"] = {
			cf = cfr(.005,-.201,-.011,.42,.907,.04,-.907,.421,.003,-.014,-.037,.999);
			es = "Linear";
			ed = "In";
		};
		["Left Arm"] = {
			cf = cfr(.063,.112,.002,.9,-.433,.053,.428,.901,.073,-.079,-.044,.996);
			es = "Linear";
			ed = "In";
		};
	};
	{
		tm = .445;
		["Torso"] = {
			cf = cfr(0,0,.002,1,.03,0,-.03,1,0,0,0,1);
			es = "Linear";
			ed = "In";
		};
		["Left Leg"] = {
			cf = cfr(-.032,-.139,-.015,.844,.537,-.001,-.537,.844,-.001,0,.001,1);
			es = "Linear";
			ed = "In";
		};
		["Right Arm"] = {
			cf = cfr(.047,-.079,.023,.675,-.738,.003,.738,.675,.015,-.013,-.007,1);
			es = "Linear";
			ed = "In";
		};
		["Head"] = {
			cf = cfr(0,0,0,1,-.022,.001,.022,.999,-.03,0,.03,1);
			es = "Linear";
			ed = "In";
		};
		["Right Leg"] = {
			cf = cfr(.005,-.201,-.011,.682,.731,.04,-.731,.682,.003,-.025,-.031,.999);
			es = "Linear";
			ed = "In";
		};
		["Left Arm"] = {
			cf = cfr(.03,.085,.003,.954,-.296,.052,.291,.952,.094,-.077,-.074,.994);
			es = "Linear";
			ed = "In";
		};
	};
	{
		tm = .476;
		["Torso"] = {
			cf = cfr(0,0,.003,1,.025,0,-.025,1,0,0,0,1);
			es = "Linear";
			ed = "In";
		};
		["Left Leg"] = {
			cf = cfr(-.032,-.059,-.015,.942,.336,-.001,-.336,.942,-.001,.001,.001,1);
			es = "Linear";
			ed = "In";
		};
		["Right Arm"] = {
			cf = cfr(.008,-.055,.02,.838,-.545,-.006,.545,.838,.011,-.001,-.012,1);
			es = "Linear";
			ed = "In";
		};
		["Head"] = {
			cf = cfr(0,0,0,1,-.025,.001,.025,.999,-.03,0,.03,1);
			es = "Linear";
			ed = "In";
		};
		["Right Leg"] = {
			cf = cfr(.005,-.201,-.011,.914,.403,.04,-.404,.915,.003,-.035,-.019,.999);
			es = "Linear";
			ed = "In";
		};
		["Left Arm"] = {
			cf = cfr(-.014,.052,.005,.993,-.109,.051,.102,.988,.113,-.062,-.107,.992);
			es = "Linear";
			ed = "In";
		};
	};
	{
		tm = .508;
		["walkfootstep"] = "1";
		["Torso"] = {
			cf = cfr(0,0,.003,1,.019,0,-.019,1,0,0,0,1);
			es = "Linear";
			ed = "In";
		};
		["Left Leg"] = {
			cf = cfr(-.032,.055,-.015,1,.024,-.001,-.024,1,-.001,.001,.001,1);
			es = "Linear";
			ed = "In";
		};
		["Right Arm"] = {
			cf = cfr(-.037,-.027,.017,.96,-.279,-.016,.279,.96,.01,.012,-.014,1);
			es = "Linear";
			ed = "In";
		};
		["Head"] = {
			cf = cfr(0,0,0,1,-.027,.001,.027,.999,-.03,0,.03,1);
			es = "Linear";
			ed = "In";
		};
		["Right Leg"] = {
			cf = cfr(.005,-.201,-.011,.999,-.002,.04,.002,1,.003,-.04,-.003,.999);
			es = "Linear";
			ed = "In";
		};
		["Left Arm"] = {
			cf = cfr(-.062,.019,.007,.994,.096,.05,-.101,.987,.128,-.037,-.132,.99);
			es = "Linear";
			ed = "In";
		};
	};
	{
		tm = .54;
		["Torso"] = {
			cf = cfr(0,0,.004,1,.013,0,-.013,1,0,0,0,1);
			es = "Linear";
			ed = "In";
		};
		["Left Leg"] = {
			cf = cfr(-.032,.12,-.015,.963,-.27,-.001,.27,.963,-.001,.001,0,1);
			es = "Linear";
			ed = "In";
		};
		["Right Arm"] = {
			cf = cfr(-.083,.002,.013,.999,.023,-.027,-.023,1,.015,.027,-.014,1);
			es = "Linear";
			ed = "In";
		};
		["Head"] = {
			cf = cfr(0,0,0,1,-.029,.001,.029,.999,-.03,0,.03,1);
			es = "Linear";
			ed = "In";
		};
		["Right Leg"] = {
			cf = cfr(.005,-.201,-.011,.936,-.35,.04,.351,.937,.003,-.038,.011,.999);
			es = "Linear";
			ed = "In";
		};
		["Left Arm"] = {
			cf = cfr(-.107,-.007,.009,.959,.278,.049,-.282,.95,.134,-.01,-.143,.99);
			es = "Linear";
			ed = "In";
		};
	};
	{
		tm = .571;
		["Torso"] = {
			cf = cfr(0,0,.003,1,.008,0,-.008,1,0,0,0,1);
			es = "Linear";
			ed = "In";
		};
		["Left Leg"] = {
			cf = cfr(-.032,.085,-.015,.881,-.473,-.001,.473,.881,-.001,.001,0,1);
			es = "Linear";
			ed = "In";
		};
		["Right Arm"] = {
			cf = cfr(-.127,.029,.01,.951,.307,-.037,-.306,.952,.023,.042,-.011,.999);
			es = "Linear";
			ed = "In";
		};
		["Head"] = {
			cf = cfr(0,0,0,1,-.031,.001,.032,.999,-.03,0,.03,1);
			es = "Linear";
			ed = "In";
		};
		["Right Leg"] = {
			cf = cfr(.005,-.201,-.011,.841,-.54,.04,.54,.841,.003,-.035,.019,.999);
			es = "Linear";
			ed = "In";
		};
		["Left Arm"] = {
			cf = cfr(-.157,-.023,.012,.887,.459,.051,-.461,.879,.12,.01,-.13,.991);
			es = "Linear";
			ed = "In";
		};
	};
	{
		tm = .603;
		["Torso"] = {
			cf = cfr(0,0,.002,1,.004,0,-.004,1,0,0,0,1);
			es = "Linear";
			ed = "In";
		};
		["Left Leg"] = {
			cf = cfr(-.032,-.001,-.015,.772,-.636,-.001,.636,.772,-.001,.001,0,1);
			es = "Linear";
			ed = "In";
		};
		["Right Arm"] = {
			cf = cfr(-.164,.052,.008,.849,.526,-.045,-.525,.85,.032,.055,-.004,.998);
			es = "Linear";
			ed = "In";
		};
		["Head"] = {
			cf = cfr(0,0,0,.999,-.033,.001,.033,.999,-.03,0,.03,1);
			es = "Linear";
			ed = "In";
		};
		["Right Leg"] = {
			cf = cfr(.005,-.201,-.011,.778,-.628,.04,.628,.778,.003,-.033,.023,.999);
			es = "Linear";
			ed = "In";
		};
		["Left Arm"] = {
			cf = cfr(-.217,-.034,.016,.761,.647,.055,-.649,.756,.086,.014,-.101,.995);
			es = "Linear";
			ed = "In";
		};
	};
	{
		tm = .635;
		["Torso"] = {
			cf = cfr(0,0,0,1,.001,0,-.001,1,0,0,0,1);
			es = "Linear";
			ed = "In";
		};
		["Left Leg"] = {
			cf = cfr(-.032,-.089,-.015,.646,-.763,-.001,.763,.646,-.001,.001,0,1);
			es = "Linear";
			ed = "In";
		};
		["Right Arm"] = {
			cf = cfr(-.19,.067,.006,.749,.66,-.051,-.659,.751,.04,.065,.004,.998);
			es = "Linear";
			ed = "In";
		};
		["Head"] = {
			cf = cfr(0,0,0,.999,-.034,.001,.034,.999,-.03,0,.03,1);
			es = "Linear";
			ed = "In";
		};
		["Right Leg"] = {
			cf = cfr(.005,-.201,-.011,.726,-.687,.04,.688,.726,.003,-.031,.025,.999);
			es = "Linear";
			ed = "In";
		};
		["Left Arm"] = {
			cf = cfr(-.268,-.041,.019,.626,.777,.059,-.78,.624,.05,.003,-.077,.997);
			es = "Linear";
			ed = "In";
		};
	};
	{
		tm = .667;
		["Torso"] = {
			cf = cfr(0,0,0,1,0,0,0,1,0,0,0,1);
			es = "Linear";
			ed = "In";
		};
		["Left Leg"] = {
			cf = cfr(-.032,-.129,-.015,.509,-.861,-.001,.861,.509,-.001,.001,0,1);
			es = "Linear";
			ed = "In";
		};
		["Right Arm"] = {
			cf = cfr(-.199,.073,.005,.707,.706,-.053,-.704,.709,.043,.068,.007,.998);
			es = "Linear";
			ed = "In";
		};
		["Head"] = {
			cf = cfr(0,0,0,.999,-.035,.001,.035,.999,-.03,0,.03,1);
			es = "Linear";
			ed = "In";
		};
		["Right Leg"] = {
			cf = cfr(.005,-.201,-.011,.703,-.71,.04,.71,.704,.003,-.03,.026,.999);
			es = "Linear";
			ed = "In";
		};
		["Left Arm"] = {
			cf = cfr(-.29,-.043,.021,.563,.824,.06,-.826,.562,.034,-.006,-.069,.998);
			es = "Linear";
			ed = "In";
		};
	};
}
