-- // converted using mech's animoduler
local cfr = CFrame.new

return {
	{
		tm = 0;
		["Torso"] = {
			cf = cfr(0,.012,.032,1,0,0,0,.854,-.52,0,.52,.854);
			es = "Linear";
			ed = "In";
		};
		["Left Leg"] = {
			cf = cfr(-.335,.162,0,.087,.996,0,-.996,.087,0,0,0,1);
			es = "Linear";
			ed = "In";
		};
		["Right Leg"] = {
			cf = cfr(-.065,.041,.009,.591,.793,.147,-.803,.595,.019,-.072,-.129,.989);
			es = "Linear";
			ed = "In";
		};
		["Left Arm"] = {
			cf = cfr(0,0,0,.316,-.941,-.119,.939,.292,.182,-.137,-.169,.976);
			es = "Linear";
			ed = "In";
		};
		["Right Arm"] = {
			cf = cfr(0,0,0,-.155,-.977,.145,.984,-.14,.112,-.089,.16,.983);
			es = "Linear";
			ed = "In";
		};
		["Head"] = {
			cf = cfr(0,0,0,1,0,0,0,.871,.492,0,-.492,.871);
			es = "Linear";
			ed = "In";
		};
	};
	{
		tm = .05;
		["Torso"] = {
			cf = cfr(0,.014,-.209,1,0,0,0,.873,-.487,0,.487,.873);
			es = "Linear";
			ed = "In";
		};
		["Left Leg"] = {
			cf = cfr(-.336,.162,0,.544,.839,0,-.839,.544,0,0,0,1);
			es = "Linear";
			ed = "In";
		};
		["Right Leg"] = {
			cf = cfr(-.171,.001,.025,.307,.94,.147,-.951,.308,.019,-.027,-.145,.989);
			es = "Linear";
			ed = "In";
		};
		["Left Arm"] = {
			cf = cfr(0,0,0,.367,-.924,-.105,.892,.317,.322,-.264,-.212,.941);
			es = "Linear";
			ed = "In";
		};
		["Right Arm"] = {
			cf = cfr(0,0,0,-.209,-.921,.33,.975,-.168,.149,-.082,.352,.932);
			es = "Linear";
			ed = "In";
		};
		["Head"] = {
			cf = cfr(0,0,0,1,0,0,0,.922,.386,0,-.386,.922);
			es = "Linear";
			ed = "In";
		};
	};
	{
		tm = .15;
		["step1"] = "1";
		["Torso"] = {
			cf = cfr(0,-.034,-.335,1,0,0,0,.896,-.444,0,.444,.896);
			es = "Linear";
			ed = "In";
		};
		["Left Leg"] = {
			cf = cfr(-.13,.216,0,.905,.425,0,-.425,.905,0,0,0,1);
			es = "Linear";
			ed = "In";
		};
		["Right Leg"] = {
			cf = cfr(.99,.521,.014,.539,.842,.006,-.842,.539,.012,.007,-.011,1);
			es = "Linear";
			ed = "In";
		};
		["Left Arm"] = {
			cf = cfr(0,0,0,.999,-.033,.02,.028,.979,.2,-.026,-.199,.98);
			es = "Linear";
			ed = "In";
		};
		["Right Arm"] = {
			cf = cfr(0,0,0,.539,-.837,.095,.818,.547,.175,-.198,-.016,.98);
			es = "Linear";
			ed = "In";
		};
		["Head"] = {
			cf = cfr(0,0,0,1,0,0,0,.93,.367,0,-.367,.93);
			es = "Linear";
			ed = "In";
		};
	};
	{
		tm = .2;
		["Torso"] = {
			cf = cfr(0,-.046,-.135,1,0,0,0,.918,-.398,0,.398,.918);
			es = "Linear";
			ed = "In";
		};
		["Left Leg"] = {
			cf = cfr(.024,-.042,0,.993,-.116,0,.116,.993,0,0,0,1);
			es = "Linear";
			ed = "In";
		};
		["Right Leg"] = {
			cf = cfr(.801,1.007,.009,.987,-.161,.006,.161,.987,.012,-.007,-.011,1);
			es = "Linear";
			ed = "In";
		};
		["Left Arm"] = {
			cf = cfr(0,0,0,.673,.736,.071,-.74,.667,.093,.021,-.115,.993);
			es = "Linear";
			ed = "In";
		};
		["Right Arm"] = {
			cf = cfr(0,0,0,.969,.226,.095,-.24,.955,.175,-.051,-.192,.98);
			es = "Linear";
			ed = "In";
		};
		["Head"] = {
			cf = cfr(0,0,0,1,0,0,0,.949,.315,0,-.315,.949);
			es = "Linear";
			ed = "In";
		};
	};
	{
		tm = .3;
		["Torso"] = {
			cf = cfr(0,-.035,.06,1,0,0,0,.869,-.495,0,.495,.869);
			es = "Linear";
			ed = "In";
		};
		["Left Leg"] = {
			cf = cfr(.023,-.016,-.001,.575,-.808,-.127,.817,.577,.025,.053,-.118,.992);
			es = "Linear";
			ed = "In";
		};
		["Right Leg"] = {
			cf = cfr(.35,.106,.022,.166,-.986,.006,.986,.166,.012,-.013,.003,1);
			es = "Linear";
			ed = "In";
		};
		["Left Arm"] = {
			cf = cfr(0,0,0,-.176,.968,-.176,-.983,-.163,.086,.055,.188,.981);
			es = "Linear";
			ed = "In";
		};
		["Right Arm"] = {
			cf = cfr(0,0,0,.453,.892,-.008,-.865,.442,.239,.216,-.101,.971);
			es = "Linear";
			ed = "In";
		};
		["Head"] = {
			cf = cfr(0,0,0,1,0,0,0,.878,.48,0,-.48,.878);
			es = "Linear";
			ed = "In";
		};
	};
	{
		tm = .35;
		["Torso"] = {
			cf = cfr(0,.009,-.194,1,0,0,0,.88,-.475,0,.475,.88);
			es = "Linear";
			ed = "In";
		};
		["Left Leg"] = {
			cf = cfr(.063,-.108,.007,.3,-.946,-.127,.954,.299,.025,.015,-.128,.992);
			es = "Linear";
			ed = "In";
		};
		["Right Leg"] = {
			cf = cfr(.37,.127,.022,.575,-.818,.006,.818,.575,.012,-.013,-.002,1);
			es = "Linear";
			ed = "In";
		};
		["Left Arm"] = {
			cf = cfr(-.02,-.001,-.002,-.245,.907,-.341,-.966,-.198,.166,.083,.37,.925);
			es = "Linear";
			ed = "In";
		};
		["Right Arm"] = {
			cf = cfr(0,0,0,.324,.941,.099,-.933,.301,.196,.154,-.156,.976);
			es = "Linear";
			ed = "In";
		};
		["Head"] = {
			cf = cfr(0,0,0,1,0,0,0,.895,.447,0,-.447,.895);
			es = "Linear";
			ed = "In";
		};
	};
	{
		tm = .4;
		["step2"] = "1";
		["Torso"] = {
			cf = cfr(0,.009,-.312,1,0,0,0,.899,-.439,0,.439,.899);
			es = "Linear";
			ed = "In";
		};
		["Left Leg"] = {
			cf = cfr(-1.036,.541,.002,.558,-.83,-.012,.83,.558,.003,.004,-.011,1);
			es = "Linear";
			ed = "In";
		};
		["Right Leg"] = {
			cf = cfr(.173,.205,.022,.908,-.42,.006,.42,.907,.012,-.01,-.008,1);
			es = "Linear";
			ed = "In";
		};
		["Left Arm"] = {
			cf = cfr(0,0,0,.608,.794,.003,-.788,.602,.127,.099,-.079,.992);
			es = "Linear";
			ed = "In";
		};
		["Right Arm"] = {
			cf = cfr(0,0,0,.958,.277,.077,-.287,.9,.329,.022,-.337,.941);
			es = "Linear";
			ed = "In";
		};
		["Head"] = {
			cf = cfr(0,0,0,1,0,0,0,.941,.34,0,-.34,.941);
			es = "Linear";
			ed = "In";
		};
	};
	{
		tm = .5;
		["Torso"] = {
			cf = cfr(0,-.079,-.152,1,0,0,0,.922,-.388,0,.388,.922);
			es = "Linear";
			ed = "In";
		};
		["Left Leg"] = {
			cf = cfr(-.8,.974,.004,.987,.158,-.012,-.158,.987,.003,.012,-.001,1);
			es = "Linear";
			ed = "In";
		};
		["Right Leg"] = {
			cf = cfr(-.016,-.015,.025,.993,.12,.01,-.12,.992,.026,-.006,-.027,1);
			es = "Linear";
			ed = "In";
		};
		["Left Arm"] = {
			cf = cfr(0,0,0,.955,-.295,.035,.28,.933,.225,-.099,-.205,.974);
			es = "Linear";
			ed = "In";
		};
		["Right Arm"] = {
			cf = cfr(0,0,0,.629,-.777,.006,.766,.622,.16,-.128,-.096,.987);
			es = "Linear";
			ed = "In";
		};
		["Head"] = {
			cf = cfr(0,0,0,1,0,0,0,.942,.336,0,-.336,.942);
			es = "Linear";
			ed = "In";
		};
	};
	{
		tm = .55;
		["Torso"] = {
			cf = cfr(0,.008,.03,1,0,0,0,.852,-.523,0,.523,.852);
			es = "Linear";
			ed = "In";
		};
		["Left Leg"] = {
			cf = cfr(-.335,.162,0,.079,.997,0,-.997,.079,0,0,0,1);
			es = "Linear";
			ed = "In";
		};
		["Right Leg"] = {
			cf = cfr(-.076,.042,.01,.595,.79,.147,-.8,.599,.019,-.073,-.129,.989);
			es = "Linear";
			ed = "In";
		};
		["Left Arm"] = {
			cf = cfr(0,0,0,.316,-.941,-.119,.939,.292,.182,-.137,-.169,.976);
			es = "Linear";
			ed = "In";
		};
		["Right Arm"] = {
			cf = cfr(0,0,0,-.158,-.974,.162,.983,-.14,.114,-.089,.178,.98);
			es = "Linear";
			ed = "In";
		};
		["Head"] = {
			cf = cfr(0,0,0,1,0,0,0,.867,.498,0,-.498,.867);
			es = "Linear";
			ed = "In";
		};
	};
}
