-- // converted using mech's animoduler
local cfr = CFrame.new

return {{tm=0;["Torso"]={cf=cfr(0,-.01,.009,1,0,0,0,.922,-.387,0,.387,.922);es="Linear";ed="In";};["Left Leg"]={cf=cfr(-.336,.162,0,.098,.995,0,-.995,.098,0,0,0,1);es="Linear";ed="In";};["Right Leg"]={cf=cfr(-.126,.032,.018,.579,.812,.074,-.813,.582,-.034,-.07,-.04,.997);es="Linear";ed="In";};["Head"]={cf=cfr(0,0,0,1,0,0,0,.922,.386,0,-.386,.922);es="Linear";ed="In";};["Left Arm"]={cf=cfr(0,0,0,.367,-.924,-.105,.892,.317,.322,-.264,-.212,.941);es="Linear";ed="In";};["Right Arm"]={cf=cfr(0,0,0,-.209,-.921,.33,.975,-.168,.149,-.082,.352,.932);es="Linear";ed="In";};};{tm=.017;["Torso"]={cf=cfr(0,-.009,.001,1,0,0,0,.922,-.387,0,.387,.922);es="Linear";ed="In";};["Left Leg"]={cf=cfr(-.331,.163,0,.117,.993,0,-.993,.117,0,0,0,1);es="Linear";ed="In";};["Right Leg"]={cf=cfr(-.127,.032,.018,.569,.819,.076,-.82,.572,-.031,-.069,-.045,.997);es="Linear";ed="In";};["Head"]={cf=cfr(0,0,0,1,0,0,0,.922,.386,0,-.386,.922);es="Linear";ed="In";};["Left Arm"]={cf=cfr(-.001,0,0,.38,-.919,-.105,.887,.33,.322,-.261,-.216,.941);es="Linear";ed="In";};["Right Arm"]={cf=cfr(-.001,0,0,-.195,-.924,.33,.977,-.153,.149,-.087,.351,.932);es="Linear";ed="In";};};{tm=.033;["Torso"]={cf=cfr(0,-.006,-.026,1,0,0,0,.922,-.387,0,.387,.922);es="Linear";ed="In";};["Left Leg"]={cf=cfr(-.321,.166,0,.174,.985,0,-.985,.174,0,0,0,1);es="Linear";ed="In";};["Right Leg"]={cf=cfr(-.128,.031,.019,.538,.839,.084,-.84,.542,-.024,-.066,-.058,.996);es="Linear";ed="In";};["Head"]={cf=cfr(0,0,0,1,0,0,0,.922,.386,0,-.386,.922);es="Linear";ed="In";};["Left Arm"]={cf=cfr(-.004,.002,-.001,.419,-.902,-.105,.872,.368,.322,-.252,-.227,.941);es="Linear";ed="In";};["Right Arm"]={cf=cfr(-.005,0,.002,-.152,-.932,.33,.983,-.108,.149,-.103,.347,.932);es="Linear";ed="In";};};{tm=.05;["Torso"]={cf=cfr(0,-.001,-.069,1,0,0,0,.922,-.387,0,.387,.922);es="Linear";ed="In";};["Left Leg"]={cf=cfr(-.311,.17,0,.267,.964,0,-.964,.267,0,0,0,1);es="Linear";ed="In";};["Right Leg"]={cf=cfr(-.133,.028,.02,.486,.869,.098,-.872,.489,-.012,-.059,-.08,.995);es="Linear";ed="In";};["Head"]={cf=cfr(0,0,0,1,0,0,0,.922,.386,0,-.386,.922);es="Linear";ed="In";};["Left Arm"]={cf=cfr(-.006,.003,-.002,.482,-.87,-.105,.844,.429,.322,-.235,-.244,.941);es="Linear";ed="In";};["Right Arm"]={cf=cfr(-.008,0,.003,-.081,-.941,.33,.988,-.033,.149,-.129,.338,.932);es="Linear";ed="In";};};{tm=.067;["Torso"]={cf=cfr(0,.006,-.13,1,0,0,0,.922,-.387,0,.387,.922);es="Linear";ed="In";};["Left Leg"]={cf=cfr(-.311,.171,0,.393,.92,0,-.92,.393,0,0,0,1);es="Linear";ed="In";};["Right Leg"]={cf=cfr(-.145,.019,.022,.409,.905,.119,-.911,.412,.003,-.047,-.109,.993);es="Linear";ed="In";};["Head"]={cf=cfr(0,0,0,1,0,0,0,.922,.386,0,-.386,.922);es="Linear";ed="In";};["Left Arm"]={cf=cfr(-.006,.003,-.002,.566,-.818,-.105,.797,.51,.322,-.21,-.266,.941);es="Linear";ed="In";};["Right Arm"]={cf=cfr(-.008,0,.003,.02,-.944,.33,.986,.073,.149,-.165,.322,.932);es="Linear";ed="In";};};{tm=.083;["Torso"]={cf=cfr(0,.014,-.209,1,0,0,0,.922,-.387,0,.387,.922);es="Linear";ed="In";};["Left Leg"]={cf=cfr(-.336,.162,0,.544,.839,0,-.839,.544,0,0,0,1);es="Linear";ed="In";};["Right Leg"]={cf=cfr(-.171,.001,.025,.307,.94,.147,-.951,.308,.019,-.027,-.145,.989);es="Linear";ed="In";};["Head"]={cf=cfr(0,0,0,1,0,0,0,.922,.386,0,-.386,.922);es="Linear";ed="In";};["Left Arm"]={cf=cfr(0,0,0,.666,-.739,-.105,.726,.608,.322,-.174,-.291,.941);es="Linear";ed="In";};["Right Arm"]={cf=cfr(0,0,0,.149,-.932,.33,.967,.207,.149,-.207,.297,.932);es="Linear";ed="In";};};{tm=.1;["Torso"]={cf=cfr(0,.012,-.214,1,0,0,0,.922,-.386,0,.386,.922);es="Linear";ed="In";};["Left Leg"]={cf=cfr(-.322,.169,0,.564,.826,0,-.826,.564,0,0,0,1);es="Linear";ed="In";};["Right Leg"]={cf=cfr(-.123,.022,.025,.317,.938,.141,-.948,.318,.019,-.027,-.14,.99);es="Linear";ed="In";};["Head"]={cf=cfr(0,0,0,1,0,0,0,.923,.384,0,-.384,.923);es="Linear";ed="In";};["Left Arm"]={cf=cfr(-.004,.004,-.001,.689,-.718,-.098,.705,.633,.32,-.167,-.29,.942);es="Linear";ed="In";};["Right Arm"]={cf=cfr(-.002,.001,-.001,.165,-.933,.321,.964,.222,.148,-.209,.284,.936);es="Linear";ed="In";};};{tm=.117;["Torso"]={cf=cfr(0,.007,-.229,1,0,0,0,.924,-.382,0,.382,.924);es="Linear";ed="In";};["Left Leg"]={cf=cfr(-.285,.189,0,.623,.782,0,-.782,.623,0,0,0,1);es="Linear";ed="In";};["Right Leg"]={cf=cfr(.02,.087,.025,.346,.93,.124,-.938,.347,.02,-.024,-.123,.992);es="Linear";ed="In";};["Head"]={cf=cfr(0,0,0,1,0,0,0,.926,.377,0,-.377,.926);es="Linear";ed="In";};["Left Arm"]={cf=cfr(-.015,.015,-.005,.756,-.649,-.079,.638,.705,.31,-.146,-.285,.947);es="Linear";ed="In";};["Right Arm"]={cf=cfr(-.008,.005,-.002,.215,-.932,.293,.953,.266,.147,-.215,.248,.945);es="Linear";ed="In";};};{tm=.133;["Torso"]={cf=cfr(0,-.003,-.254,1,0,0,0,.927,-.375,0,.375,.927);es="Linear";ed="In";};["Left Leg"]={cf=cfr(-.233,.213,0,.714,.7,0,-.7,.714,0,0,0,1);es="Linear";ed="In";};["Right Leg"]={cf=cfr(.256,.193,.023,.394,.914,.096,-.919,.394,.021,-.019,-.096,.995);es="Linear";ed="In";};["Head"]={cf=cfr(0,0,0,1,0,0,0,.931,.365,0,-.365,.931);es="Linear";ed="In";};["Left Arm"]={cf=cfr(-.024,.027,-.008,.852,-.521,-.049,.511,.809,.291,-.112,-.273,.955);es="Linear";ed="In";};["Right Arm"]={cf=cfr(-.013,.009,-.004,.295,-.923,.246,.93,.337,.148,-.22,.185,.958);es="Linear";ed="In";};};{tm=.15;["runfootstep"]="1";["Torso"]={cf=cfr(0,-.016,-.29,1,0,0,0,.931,-.366,0,.366,.931);es="Linear";ed="In";};["Left Leg"]={cf=cfr(-.178,.23,0,.823,.568,0,-.568,.823,0,0,0,1);es="Linear";ed="In";};["Right Leg"]={cf=cfr(.581,.339,.02,.459,.887,.056,-.888,.459,.019,-.009,-.059,.998);es="Linear";ed="In";};["Head"]={cf=cfr(0,0,0,1,0,0,0,.938,.348,0,-.348,.938);es="Linear";ed="In";};["Left Arm"]={cf=cfr(-.022,.029,-.008,.948,-.318,-.013,.311,.915,.256,-.07,-.246,.967);es="Linear";ed="In";};["Right Arm"]={cf=cfr(-.013,.009,-.004,.406,-.896,.18,.888,.433,.155,-.217,.097,.971);es="Linear";ed="In";};};{tm=.167;["Torso"]={cf=cfr(0,-.034,-.335,1,0,0,0,.935,-.354,0,.354,.935);es="Linear";ed="In";};["Left Leg"]={cf=cfr(-.13,.216,0,.928,.374,0,-.374,.928,0,0,0,1);es="Linear";ed="In";};["Right Leg"]={cf=cfr(.99,.521,.014,.539,.842,.006,-.842,.539,.012,.007,-.011,1);es="Linear";ed="In";};["Head"]={cf=cfr(0,0,0,1,0,0,0,.945,.326,0,-.326,.945);es="Linear";ed="In";};["Left Arm"]={cf=cfr(0,0,0,.999,-.033,.02,.028,.979,.2,-.026,-.199,.98);es="Linear";ed="In";};["Right Arm"]={cf=cfr(0,0,0,.539,-.837,.095,.818,.547,.175,-.198,-.016,.98);es="Linear";ed="In";};};{tm=.183;["Torso"]={cf=cfr(0,-.034,-.322,1,0,0,0,.936,-.352,0,.352,.936);es="Linear";ed="In";};["Left Leg"]={cf=cfr(-.119,.207,0,.939,.345,0,-.345,.939,0,0,0,1);es="Linear";ed="In";};["Right Leg"]={cf=cfr(1,.583,.013,.598,.801,.006,-.801,.598,.012,.006,-.012,1);es="Linear";ed="In";};["Head"]={cf=cfr(0,0,0,1,0,0,0,.946,.325,0,-.325,.946);es="Linear";ed="In";};["Left Arm"]={cf=cfr(.002,.009,-.001,.999,.021,.026,-.025,.981,.195,-.021,-.195,.981);es="Linear";ed="In";};["Right Arm"]={cf=cfr(-.011,.018,-.002,.602,-.793,.095,.774,.608,.175,-.197,-.032,.98);es="Linear";ed="In";};};{tm=.2;["Torso"]={cf=cfr(0,-.037,-.285,1,0,0,0,.938,-.347,0,.347,.938);es="Linear";ed="In";};["Left Leg"]={cf=cfr(-.087,.174,0,.967,.255,0,-.255,.967,0,0,0,1);es="Linear";ed="In";};["Right Leg"]={cf=cfr(1.004,.749,.011,.758,.653,.006,-.653,.758,.012,.004,-.013,1);es="Linear";ed="In";};["Head"]={cf=cfr(0,0,0,1,0,0,0,.946,.323,0,-.323,.946);es="Linear";ed="In";};["Left Arm"]={cf=cfr(.007,.03,-.002,.983,.181,.041,-.185,.966,.178,-.008,-.182,.983);es="Linear";ed="In";};["Right Arm"]={cf=cfr(-.032,.06,-.008,.767,-.635,.095,.615,.769,.175,-.184,-.076,.98);es="Linear";ed="In";};};{tm=.217;["Torso"]={cf=cfr(0,-.041,-.222,1,0,0,0,.941,-.339,0,.339,.941);es="Linear";ed="In";};["Left Leg"]={cf=cfr(-.039,.101,0,.995,.102,0,-.102,.995,0,0,0,1);es="Linear";ed="In";};["Right Leg"]={cf=cfr(.946,.944,.009,.94,.34,.006,-.34,.94,.012,-.001,-.013,1);es="Linear";ed="In";};["Head"]={cf=cfr(0,0,0,1,0,0,0,.948,.32,0,-.32,.948);es="Linear";ed="In";};["Left Arm"]={cf=cfr(.012,.039,-.003,.898,.436,.06,-.44,.886,.145,.01,-.157,.988);es="Linear";ed="In";};["Right Arm"]={cf=cfr(-.031,.083,-.012,.949,-.302,.095,.282,.943,.175,-.143,-.139,.98);es="Linear";ed="In";};};{tm=.233;["Torso"]={cf=cfr(0,-.046,-.135,1,0,0,0,.945,-.327,0,.327,.945);es="Linear";ed="In";};["Left Leg"]={cf=cfr(.024,-.042,0,.993,-.116,0,.116,.993,0,0,0,1);es="Linear";ed="In";};["Right Leg"]={cf=cfr(.801,1.007,.009,.987,-.161,.006,.161,.987,.012,-.007,-.011,1);es="Linear";ed="In";};["Head"]={cf=cfr(0,0,0,1,0,0,0,.949,.315,0,-.315,.949);es="Linear";ed="In";};["Left Arm"]={cf=cfr(0,0,0,.673,.736,.071,-.74,.667,.093,.021,-.115,.993);es="Linear";ed="In";};["Right Arm"]={cf=cfr(0,0,0,.969,.226,.095,-.24,.955,.175,-.051,-.192,.98);es="Linear";ed="In";};};{tm=.25;["Torso"]={cf=cfr(0,-.042,-.128,1,0,0,0,.944,-.329,0,.329,.944);es="Linear";ed="In";};["Left Leg"]={cf=cfr(.019,-.03,.001,.988,-.153,-.003,.153,.988,.001,.002,-.001,1);es="Linear";ed="In";};["Right Leg"]={cf=cfr(.767,.996,.009,.978,-.211,.006,.211,.977,.012,-.008,-.01,1);es="Linear";ed="In";};["Head"]={cf=cfr(0,0,0,1,0,0,0,.948,.317,0,-.317,.948);es="Linear";ed="In";};["Left Arm"]={cf=cfr(.009,.007,-.003,.644,.763,.054,-.764,.639,.088,.033,-.098,.995);es="Linear";ed="In";};["Right Arm"]={cf=cfr(.005,.008,-.002,.96,.265,.095,-.278,.944,.176,-.043,-.195,.98);es="Linear";ed="In";};};{tm=.267;["Torso"]={cf=cfr(0,-.029,-.109,1,0,0,0,.942,-.336,0,.336,.942);es="Linear";ed="In";};["Left Leg"]={cf=cfr(.004,0,.004,.965,-.262,-.011,.262,.965,.002,.01,-.005,1);es="Linear";ed="In";};["Right Leg"]={cf=cfr(.669,.949,.01,.934,-.356,.006,.356,.934,.012,-.009,-.009,1);es="Linear";ed="In";};["Head"]={cf=cfr(0,0,0,1,0,0,0,.946,.325,0,-.325,.946);es="Linear";ed="In";};["Left Arm"]={cf=cfr(.034,.024,-.011,.551,.835,.001,-.832,.549,.077,.063,-.044,.997);es="Linear";ed="In";};["Right Arm"]={cf=cfr(.02,.026,-.007,.921,.379,.094,-.39,.903,.178,-.018,-.201,.979);es="Linear";ed="In";};};{tm=.283;["Torso"]={cf=cfr(0,-.007,-.077,1,0,0,0,.938,-.347,0,.347,.938);es="Linear";ed="In";};["Left Leg"]={cf=cfr(-.013,.022,.007,.9,-.436,-.024,.436,.9,.003,.02,-.013,1);es="Linear";ed="In";};["Right Leg"]={cf=cfr(.526,.823,.013,.815,-.579,.006,.579,.815,.012,-.011,-.006,1);es="Linear";ed="In";};["Head"]={cf=cfr(0,0,0,1,0,0,0,.941,.337,0,-.337,.941);es="Linear";ed="In";};["Left Arm"]={cf=cfr(.059,.037,-.017,.377,.922,-.087,-.921,.383,.072,.1,.053,.994);es="Linear";ed="In";};["Right Arm"]={cf=cfr(.038,.043,-.012,.826,.556,.094,-.563,.806,.183,.026,-.204,.979);es="Linear";ed="In";};};{tm=.3;["Torso"]={cf=cfr(0,.023,-.031,1,0,0,0,.932,-.362,0,.362,.932);es="Linear";ed="In";};["Left Leg"]={cf=cfr(-.009,-.002,.009,.756,-.653,-.042,.653,.757,-.001,.033,-.027,.999);es="Linear";ed="In";};["Right Leg"]={cf=cfr(.39,.561,.016,.563,-.826,.006,.826,.563,.012,-.013,-.002,1);es="Linear";ed="In";};["Head"]={cf=cfr(0,0,0,1,0,0,0,.935,.355,0,-.355,.935);es="Linear";ed="In";};["Left Arm"]={cf=cfr(.057,.03,-.014,.108,.972,-.208,-.987,.13,.094,.118,.195,.974);es="Linear";ed="In";};["Right Arm"]={cf=cfr(.042,.039,-.012,.638,.764,.095,-.765,.615,.189,.086,-.193,.977);es="Linear";ed="In";};};{tm=.317;["Torso"]={cf=cfr(0,.062,.027,1,0,0,0,.925,-.381,0,.381,.925);es="Linear";ed="In";};["Left Leg"]={cf=cfr(.063,-.108,.007,.499,-.864,-.064,.866,.5,-.012,.042,-.049,.998);es="Linear";ed="In";};["Right Leg"]={cf=cfr(.37,.127,.022,.141,-.99,.006,.99,.141,.012,-.012,.004,1);es="Linear";ed="In";};["Head"]={cf=cfr(0,0,0,1,0,0,0,.926,.377,0,-.377,.926);es="Linear";ed="In";};["Left Arm"]={cf=cfr(-.02,-.001,-.002,-.245,.907,-.341,-.966,-.198,.166,.083,.37,.925);es="Linear";ed="In";};["Right Arm"]={cf=cfr(0,0,0,.324,.941,.099,-.933,.301,.196,.154,-.156,.976);es="Linear";ed="In";};};{tm=.333;["Torso"]={cf=cfr(0,.06,.018,1,0,0,0,.925,-.381,0,.381,.925);es="Linear";ed="In";};["Left Leg"]={cf=cfr(.062,-.107,.007,.491,-.869,-.066,.87,.493,-.01,.041,-.052,.998);es="Linear";ed="In";};["Right Leg"]={cf=cfr(.366,.128,.022,.16,-.987,.006,.987,.16,.012,-.013,.004,1);es="Linear";ed="In";};["Head"]={cf=cfr(0,0,0,1,0,0,0,.926,.377,0,-.377,.926);es="Linear";ed="In";};["Left Arm"]={cf=cfr(-.019,-.001,-.002,-.233,.911,-.341,-.969,-.185,.166,.088,.369,.925);es="Linear";ed="In";};["Right Arm"]={cf=cfr(.002,.001,0,.342,.934,.099,-.927,.319,.196,.151,-.159,.976);es="Linear";ed="In";};};{tm=.35;["Torso"]={cf=cfr(0,.053,-.009,1,0,0,0,.925,-.381,0,.381,.925);es="Linear";ed="In";};["Left Leg"]={cf=cfr(.06,-.106,.006,.468,-.881,-.073,.883,.47,-.005,.039,-.062,.997);es="Linear";ed="In";};["Right Leg"]={cf=cfr(.356,.132,.022,.216,-.976,.006,.976,.216,.012,-.013,.003,1);es="Linear";ed="In";};["Head"]={cf=cfr(0,0,0,1,0,0,0,.926,.377,0,-.377,.926);es="Linear";ed="In";};["Left Arm"]={cf=cfr(-.017,-.002,-.001,-.196,.919,-.341,-.975,-.146,.166,.103,.365,.925);es="Linear";ed="In";};["Right Arm"]={cf=cfr(.006,.003,-.001,.395,.913,.099,-.908,.371,.196,.142,-.167,.976);es="Linear";ed="In";};};{tm=.367;["Torso"]={cf=cfr(0,.043,-.053,1,0,0,0,.925,-.381,0,.381,.925);es="Linear";ed="In";};["Left Leg"]={cf=cfr(.058,-.105,.006,.429,-.899,-.085,.903,.43,.003,.034,-.078,.996);es="Linear";ed="In";};["Right Leg"]={cf=cfr(.346,.136,.022,.306,-.952,.006,.952,.306,.012,-.013,.002,1);es="Linear";ed="In";};["Head"]={cf=cfr(0,0,0,1,0,0,0,.926,.377,0,-.377,.926);es="Linear";ed="In";};["Left Arm"]={cf=cfr(-.014,-.002,0,-.134,.93,-.341,-.983,-.081,.166,.127,.358,.925);es="Linear";ed="In";};["Right Arm"]={cf=cfr(.011,.006,-.002,.479,.872,.099,-.869,.455,.196,.125,-.18,.976);es="Linear";ed="In";};};{tm=.383;["Torso"]={cf=cfr(0,.028,-.115,1,0,0,0,.925,-.381,0,.381,.925);es="Linear";ed="In";};["Left Leg"]={cf=cfr(.058,-.105,.006,.373,-.922,-.103,.927,.374,.013,.027,-.1,.995);es="Linear";ed="In";};["Right Leg"]={cf=cfr(.347,.137,.022,.429,-.903,.006,.903,.429,.012,-.013,0,1);es="Linear";ed="In";};["Head"]={cf=cfr(0,0,0,1,0,0,0,.926,.377,0,-.377,.926);es="Linear";ed="In";};["Left Arm"]={cf=cfr(-.014,-.001,0,-.047,.939,-.341,-.986,.011,.166,.16,.344,.925);es="Linear";ed="In";};["Right Arm"]={cf=cfr(.011,.007,-.002,.591,.801,.099,-.801,.566,.196,.101,-.195,.976);es="Linear";ed="In";};};{tm=.4;["Torso"]={cf=cfr(0,.009,-.194,1,0,0,0,.925,-.381,0,.381,.925);es="Linear";ed="In";};["Left Leg"]={cf=cfr(.063,-.108,.007,.3,-.946,-.127,.954,.299,.025,.015,-.128,.992);es="Linear";ed="In";};["Right Leg"]={cf=cfr(.37,.127,.022,.575,-.818,.006,.818,.575,.012,-.013,-.002,1);es="Linear";ed="In";};["Head"]={cf=cfr(0,0,0,1,0,0,0,.926,.377,0,-.377,.926);es="Linear";ed="In";};["Left Arm"]={cf=cfr(-.02,-.001,-.002,.067,.938,-.341,-.978,.13,.166,.2,.323,.925);es="Linear";ed="In";};["Right Arm"]={cf=cfr(0,0,0,.718,.689,.099,-.693,.694,.196,.066,-.209,.976);es="Linear";ed="In";};};{tm=.417;["Torso"]={cf=cfr(0,.007,-.2,1,0,0,0,.925,-.38,0,.38,.925);es="Linear";ed="In";};["Left Leg"]={cf=cfr(.017,-.081,.007,.311,-.943,-.122,.95,.31,.024,.015,-.124,.992);es="Linear";ed="In";};["Right Leg"]={cf=cfr(.358,.135,.022,.594,-.805,.006,.804,.594,.012,-.013,-.003,1);es="Linear";ed="In";};["Head"]={cf=cfr(0,0,0,1,0,0,0,.927,.376,0,-.376,.927);es="Linear";ed="In";};["Left Arm"]={cf=cfr(-.015,.001,-.003,.09,.94,-.329,-.975,.15,.161,.201,.306,.931);es="Linear";ed="In";};["Right Arm"]={cf=cfr(.001,.002,0,.731,.675,.1,-.679,.706,.201,.065,-.215,.974);es="Linear";ed="In";};};{tm=.433;["Torso"]={cf=cfr(0,.002,-.216,1,0,0,0,.926,-.377,0,.377,.926);es="Linear";ed="In";};["Left Leg"]={cf=cfr(-.118,-.001,.006,.343,-.933,-.108,.939,.343,.023,.015,-.109,.994);es="Linear";ed="In";};["Right Leg"]={cf=cfr(.324,.156,.022,.648,-.762,.006,.761,.648,.012,-.013,-.003,1);es="Linear";ed="In";};["Head"]={cf=cfr(0,0,0,1,0,0,0,.929,.371,0,-.371,.929);es="Linear";ed="In";};["Left Arm"]={cf=cfr(-.001,.007,-.007,.161,.943,-.291,-.966,.21,.148,.2,.257,.945);es="Linear";ed="In";};["Right Arm"]={cf=cfr(.002,.006,-.001,.769,.631,.1,-.636,.74,.218,.063,-.231,.971);es="Linear";ed="In";};};{tm=.45;["Torso"]={cf=cfr(0,-.006,-.242,1,0,0,0,.928,-.373,0,.373,.928);es="Linear";ed="In";};["Left Leg"]={cf=cfr(-.342,.132,.006,.397,-.914,-.085,.918,.396,.021,.015,-.086,.996);es="Linear";ed="In";};["Right Leg"]={cf=cfr(.275,.184,.021,.731,-.682,.006,.682,.732,.012,-.012,-.005,1);es="Linear";ed="In";};["Head"]={cf=cfr(0,0,0,1,0,0,0,.932,.364,0,-.364,.932);es="Linear";ed="In";};["Left Arm"]={cf=cfr(.014,.015,-.011,.276,.935,-.224,-.942,.31,.131,.192,.175,.966);es="Linear";ed="In";};["Right Arm"]={cf=cfr(.003,.011,-.002,.827,.554,.099,-.56,.792,.245,.057,-.258,.964);es="Linear";ed="In";};};{tm=.467;["runfootstep"]="1";["Torso"]={cf=cfr(0,-.017,-.28,1,0,0,0,.93,-.367,0,.367,.93);es="Linear";ed="In";};["Left Leg"]={cf=cfr(-.65,.313,.005,.469,-.882,-.052,.883,.469,.015,.012,-.053,.999);es="Linear";ed="In";};["Right Leg"]={cf=cfr(.221,.207,.022,.832,-.555,.006,.555,.832,.012,-.011,-.007,1);es="Linear";ed="In";};["Head"]={cf=cfr(0,0,0,1,0,0,0,.936,.353,0,-.353,.936);es="Linear";ed="In";};["Left Arm"]={cf=cfr(.019,.016,-.012,.43,.894,-.126,-.888,.444,.12,.163,.06,.985);es="Linear";ed="In";};["Right Arm"]={cf=cfr(.002,.011,-.002,.894,.438,.093,-.445,.85,.283,.045,-.294,.955);es="Linear";ed="In";};};{tm=.483;["Torso"]={cf=cfr(0,-.032,-.328,1,0,0,0,.934,-.358,0,.358,.934);es="Linear";ed="In";};["Left Leg"]={cf=cfr(-1.036,.54,.002,.558,-.83,-.012,.83,.558,.003,.004,-.011,1);es="Linear";ed="In";};["Right Leg"]={cf=cfr(.173,.205,.022,.928,-.372,.006,.372,.928,.012,-.01,-.009,1);es="Linear";ed="In";};["Head"]={cf=cfr(0,0,0,1,0,0,0,.941,.34,0,-.34,.941);es="Linear";ed="In";};["Left Arm"]={cf=cfr(0,0,0,.608,.794,.003,-.788,.602,.127,.099,-.079,.992);es="Linear";ed="In";};["Right Arm"]={cf=cfr(0,0,0,.958,.277,.077,-.287,.9,.329,.022,-.337,.941);es="Linear";ed="In";};};{tm=.5;["Torso"]={cf=cfr(0,-.035,-.317,1,0,0,0,.935,-.356,0,.356,.935);es="Linear";ed="In";};["Left Leg"]={cf=cfr(-1.041,.598,.002,.615,-.788,-.012,.788,.615,.003,.005,-.011,1);es="Linear";ed="In";};["Right Leg"]={cf=cfr(.16,.198,.022,.94,-.342,.006,.342,.939,.013,-.01,-.01,1);es="Linear";ed="In";};["Head"]={cf=cfr(0,0,0,1,0,0,0,.941,.337,0,-.337,.941);es="Linear";ed="In";};["Left Arm"]={cf=cfr(.008,.019,-.003,.666,.746,.008,-.74,.659,.131,.092,-.094,.991);es="Linear";ed="In";};["Right Arm"]={cf=cfr(.001,.018,-.004,.976,.207,.067,-.217,.922,.322,.005,-.329,.944);es="Linear";ed="In";};};{tm=.517;["Torso"]={cf=cfr(0,-.044,-.284,1,0,0,0,.937,-.348,0,.348,.937);es="Linear";ed="In";};["Left Leg"]={cf=cfr(-1.034,.752,.002,.768,-.64,-.012,.64,.768,.003,.007,-.01,1);es="Linear";ed="In";};["Right Leg"]={cf=cfr(.122,.173,.022,.967,-.253,.006,.253,.967,.016,-.01,-.014,1);es="Linear";ed="In";};["Head"]={cf=cfr(0,0,0,1,0,0,0,.944,.331,0,-.331,.944);es="Linear";ed="In";};["Left Arm"]={cf=cfr(.021,.063,-.012,.817,.576,.022,-.573,.807,.146,.066,-.133,.989);es="Linear";ed="In";};["Right Arm"]={cf=cfr(-.003,.057,-.011,.999,-.01,.041,-.002,.955,.297,-.042,-.297,.954);es="Linear";ed="In";};};{tm=.533;["Torso"]={cf=cfr(0,-.058,-.229,1,0,0,0,.942,-.336,0,.336,.942);es="Linear";ed="In";};["Left Leg"]={cf=cfr(-.961,.928,.002,.943,-.333,-.012,.333,.943,.003,.01,-.007,1);es="Linear";ed="In";};["Right Leg"]={cf=cfr(.063,.112,.023,.995,-.099,.007,.099,.995,.02,-.009,-.019,1);es="Linear";ed="In";};["Head"]={cf=cfr(0,0,0,1,0,0,0,.948,.319,0,-.319,.948);es="Linear";ed="In";};["Left Arm"]={cf=cfr(.017,.086,-.017,.972,.231,.037,-.234,.956,.178,.006,-.181,.983);es="Linear";ed="In";};["Right Arm"]={cf=cfr(-.013,.074,-.012,.93,-.368,.011,.354,.903,.245,-.1,-.224,.97);es="Linear";ed="In";};};{tm=.55;["Torso"]={cf=cfr(0,-.079,-.152,1,0,0,0,.948,-.318,0,.318,.948);es="Linear";ed="In";};["Left Leg"]={cf=cfr(-.8,.974,.004,.987,.158,-.012,-.158,.987,.003,.012,-.001,1);es="Linear";ed="In";};["Right Leg"]={cf=cfr(-.016,-.015,.025,.993,.12,.01,-.12,.992,.026,-.006,-.027,1);es="Linear";ed="In";};["Head"]={cf=cfr(0,0,0,1,0,0,0,.953,.304,0,-.304,.953);es="Linear";ed="In";};["Left Arm"]={cf=cfr(0,0,0,.955,-.295,.035,.28,.933,.225,-.099,-.205,.974);es="Linear";ed="In";};["Right Arm"]={cf=cfr(0,0,0,.629,-.777,.006,.766,.622,.16,-.128,-.096,.987);es="Linear";ed="In";};};{tm=.567;["Torso"]={cf=cfr(0,-.073,-.141,1,0,0,0,.946,-.324,0,.324,.946);es="Linear";ed="In";};["Left Leg"]={cf=cfr(-.742,.963,.004,.971,.239,-.011,-.239,.971,.003,.011,-.001,1);es="Linear";ed="In";};["Right Leg"]={cf=cfr(-.011,.008,.026,.985,.17,.018,-.17,.985,.029,-.013,-.031,.999);es="Linear";ed="In";};["Head"]={cf=cfr(0,0,0,1,0,0,0,.952,.307,0,-.307,.952);es="Linear";ed="In";};["Left Arm"]={cf=cfr(-.007,.008,0,.936,-.351,.025,.337,.914,.227,-.102,-.204,.974);es="Linear";ed="In";};["Right Arm"]={cf=cfr(-.009,.006,0,.588,-.809,.014,.798,.582,.154,-.132,-.08,.988);es="Linear";ed="In";};};{tm=.583;["Torso"]={cf=cfr(0,-.056,-.106,1,0,0,0,.941,-.339,0,.339,.941);es="Linear";ed="In";};["Left Leg"]={cf=cfr(-.581,.892,.004,.882,.471,-.008,-.471,.882,.004,.009,.001,1);es="Linear";ed="In";};["Right Leg"]={cf=cfr(0,.059,.027,.948,.316,.044,-.318,.948,.035,-.031,-.047,.998);es="Linear";ed="In";};["Head"]={cf=cfr(0,0,0,1,0,0,0,.948,.318,0,-.318,.948);es="Linear";ed="In";};["Left Arm"]={cf=cfr(-.025,.025,-.001,.86,-.511,-.006,.498,.836,.229,-.112,-.2,.974);es="Linear";ed="In";};["Right Arm"]={cf=cfr(-.029,.016,-.001,.453,-.891,.037,.88,.454,.138,-.139,-.03,.99);es="Linear";ed="In";};};{tm=.6;["Torso"]={cf=cfr(0,-.028,-.048,1,0,0,0,.931,-.365,0,.365,.931);es="Linear";ed="In";};["Left Leg"]={cf=cfr(-.382,.656,.004,.618,.786,-.005,-.786,.618,.003,.005,.001,1);es="Linear";ed="In";};["Right Leg"]={cf=cfr(0,.092,.023,.836,.541,.088,-.546,.837,.036,-.054,-.078,.995);es="Linear";ed="In";};["Head"]={cf=cfr(0,0,0,1,0,0,0,.942,.336,0,-.336,.942);es="Linear";ed="In";};["Left Arm"]={cf=cfr(-.037,.029,-.002,.673,-.737,-.057,.729,.648,.219,-.125,-.189,.974);es="Linear";ed="In";};["Right Arm"]={cf=cfr(-.04,.018,0,.207,-.975,.08,.969,.216,.119,-.133,.053,.99);es="Linear";ed="In";};};{tm=.617;["Torso"]={cf=cfr(0,.012,.032,1,0,0,0,.916,-.4,0,.4,.916);es="Linear";ed="In";};["Left Leg"]={cf=cfr(-.335,.162,0,.087,.996,0,-.996,.087,0,0,0,1);es="Linear";ed="In";};["Right Leg"]={cf=cfr(-.065,.041,.009,.591,.793,.147,-.803,.595,.019,-.072,-.129,.989);es="Linear";ed="In";};["Head"]={cf=cfr(0,0,0,1,0,0,0,.932,.362,0,-.362,.932);es="Linear";ed="In";};["Left Arm"]={cf=cfr(0,0,0,.316,-.941,-.119,.939,.292,.182,-.137,-.169,.976);es="Linear";ed="In";};["Right Arm"]={cf=cfr(0,0,0,-.155,-.977,.145,.984,-.14,.112,-.089,.16,.983);es="Linear";ed="In";};};}
