-- // converted using mech's animoduler
local cfr = CFrame.new

return {{tm=0;["jump"]="0";["Torso"]={cf=cfr(0,0,0,.818,-.551,.164,.568,.734,-.372,.085,.398,.913);es="Linear";ed="In";};["Head"]={cf=cfr(0,0,0,.87,.477,-.125,-.482,.876,-.017,.102,.075,.992);es="Linear";ed="In";};["Left Leg"]={cf=cfr(-.288,-.039,.037,.841,-.167,-.514,.295,.939,.178,.453,-.301,.839);es="Linear";ed="In";};["Left Arm"]={cf=cfr(-.007,-.009,.003,.789,.58,.205,-.612,.774,.165,-.063,-.255,.965);es="Linear";ed="In";};["Right Arm"]={cf=cfr(.046,-.47,.562,.994,-.045,.096,-.09,.121,.989,-.056,-.992,.116);es="Linear";ed="In";};["WeaponHold"]={cf=cfr(0,0,0,-.998,-.065,0,.065,-.998,0,0,0,1);es="Linear";ed="In";};["Right Leg"]={cf=cfr(.816,.336,.365,.701,.601,-.385,-.669,.74,-.063,.247,.302,.921);es="Linear";ed="In";};};{tm=.053;["Torso"]={cf=cfr(0,0,.067,.725,-.659,.2,.658,.577,-.484,.204,.482,.852);es="Linear";ed="In";};["Head"]={cf=cfr(0,0,0,.779,.626,.02,-.62,.767,.165,.088,-.141,.986);es="Linear";ed="In";};["Left Leg"]={cf=cfr(-.288,-.039,.037,.796,-.257,-.548,.463,.841,.279,.39,-.476,.788);es="Linear";ed="In";};["Left Arm"]={cf=cfr(-.007,-.009,.003,.609,.68,.408,-.793,.518,.32,.006,-.519,.855);es="Linear";ed="In";};["Right Arm"]={cf=cfr(.738,-.128,.5,.803,-.404,-.437,.23,-.467,.854,-.55,-.786,-.282);es="Linear";ed="In";};["WeaponHold"]={cf=cfr(-.001,-.021,.075,-.998,-.062,-.018,.065,-.96,-.272,0,-.273,.962);es="Linear";ed="In";};["Right Leg"]={cf=cfr(.795,.302,.549,.62,.643,-.451,-.757,.641,-.127,.207,.42,.884);es="Linear";ed="In";};};{tm=.102;["Torso"]={cf=cfr(0,0,.112,.637,-.733,.241,.725,.461,-.512,.264,.501,.824);es="Linear";ed="In";};["Head"]={cf=cfr(0,0,0,.779,.626,.02,-.62,.767,.165,.088,-.141,.986);es="Linear";ed="In";};["Left Leg"]={cf=cfr(-.339,-.079,.015,.75,-.37,-.548,.582,.764,.279,.316,-.528,.788);es="Linear";ed="In";};["Left Arm"]={cf=cfr(-.007,-.009,.003,.682,.451,.576,-.732,.434,.526,-.013,-.78,.626);es="Linear";ed="In";};["Right Arm"]={cf=cfr(.715,-.106,.602,.232,-.873,-.43,-.232,-.479,.847,-.945,-.097,-.313);es="Linear";ed="In";};["WeaponHold"]={cf=cfr(-.009,-.133,.04,-.999,.034,-.03,-.016,-.885,-.466,-.042,-.465,.884);es="Linear";ed="In";};["Right Leg"]={cf=cfr(.825,.259,.558,.562,.694,-.451,-.81,.573,-.127,.17,.436,.884);es="Linear";ed="In";};};{tm=.201;["Torso"]={cf=cfr(0,0,-.033,.326,-.919,.223,.83,.166,-.532,.452,.359,.817);es="Linear";ed="In";};["Head"]={cf=cfr(0,0,0,.48,.869,.124,-.867,.447,.22,.135,-.213,.968);es="Linear";ed="In";};["Left Leg"]={cf=cfr(-.42,-.093,-.037,.596,-.316,-.738,.694,.666,.275,.405,-.676,.616);es="Linear";ed="In";};["Left Arm"]={cf=cfr(-.007,-.009,.003,.4,.452,.798,-.915,.249,.317,-.056,-.857,.513);es="Linear";ed="In";};["Right Arm"]={cf=cfr(.656,-.106,.682,0,-.903,-.43,-.347,-.403,.847,-.938,.15,-.313);es="Linear";ed="In";};["Right Leg"]={cf=cfr(.869,.238,.578,.507,.711,-.487,-.834,.547,-.069,.217,.441,.871);es="Linear";ed="In";};};{tm=.303;["freeze"]="0";};{tm=.336;["Torso"]={cf=cfr(0,0,-.13,.19,-.967,.167,.815,.06,-.576,.548,.246,.8);es="Linear";ed="In";};["Head"]={cf=cfr(0,0,0,.229,.922,.313,-.97,.188,.156,.085,-.34,.937);es="Linear";ed="In";};["Left Leg"]={cf=cfr(-.493,.104,-.157,.78,-.302,-.548,.511,.813,.279,.362,-.498,.788);es="Linear";ed="In";};["Left Arm"]={cf=cfr(-.04,-.081,.117,.693,.091,.716,-.581,.659,.478,-.428,-.747,.509);es="Linear";ed="In";};["Right Arm"]={cf=cfr(.67,-.082,.734,-.249,-.914,-.32,-.414,-.199,.888,-.876,.354,-.329);es="Linear";ed="In";};["WeaponHold"]={cf=cfr(-.009,-.133,.04,-.866,.025,-.5,.095,-.972,-.214,-.491,-.233,.839);es="Linear";ed="In";};["Right Leg"]={cf=cfr(.869,.238,.578,.661,.571,-.487,-.681,.729,-.069,.315,.377,.871);es="Linear";ed="In";};};{tm=.34;["swing"]="0";};{tm=.393;["Torso"]={cf=cfr(0,0,0,-.516,-.856,-.027,.805,-.475,-.357,.293,-.206,.934);es="Linear";ed="In";};["Head"]={cf=cfr(0,0,0,.878,-.479,-.006,.477,.875,-.085,.046,.072,.996);es="Linear";ed="In";};["Left Leg"]={cf=cfr(-.232,.508,-.14,.988,-.063,.144,.046,.991,.123,-.15,-.115,.982);es="Linear";ed="In";};["Left Arm"]={cf=cfr(-.888,-.197,-.674,-.277,.961,.009,-.689,-.205,.695,.669,.186,.719);es="Linear";ed="In";};["Right Arm"]={cf=cfr(.877,.056,-.461,-.053,-.772,.634,.946,-.242,-.216,.32,.588,.743);es="Linear";ed="In";};["WeaponHold"]={cf=cfr(0,0,0,1,0,0,0,1,0,0,0,1);es="Linear";ed="In";};["Right Leg"]={cf=cfr(.531,.029,.135,.945,.31,.104,-.321,.939,.122,-.06,-.149,.987);es="Linear";ed="In";};};{tm=.467;["Torso"]={cf=cfr(0,0,0,-.034,.999,-.027,-.933,-.041,-.357,-.357,.013,.934);es="Linear";ed="In";};["Head"]={cf=cfr(0,0,0,.289,-.936,.201,.954,.263,-.145,.083,.233,.969);es="Linear";ed="In";};["Left Leg"]={cf=cfr(-.62,.977,.34,.894,-.166,.416,-.005,.924,.381,-.448,-.343,.826);es="Linear";ed="In";};["Left Arm"]={cf=cfr(-1.214,.177,-.462,-.438,.852,.288,-.152,-.386,.91,.886,.355,.298);es="Linear";ed="In";};["Right Arm"]={cf=cfr(1.103,.338,-1.065,-.32,-.863,.392,.476,-.504,-.721,.819,-.044,.572);es="Linear";ed="In";};["Right Leg"]={cf=cfr(.258,.097,.155,.945,.31,.104,-.321,.939,.122,-.06,-.149,.987);es="Linear";ed="In";};};{tm=.492;["hit"]="0";["Head"]={cf=cfr(0,0,0,.851,-.523,-.051,.525,.851,.033,.026,-.055,.998);es="Linear";ed="In";};["Left Arm"]={cf=cfr(-1.162,-.074,-.731,-.66,.743,.112,-.103,-.237,.966,.744,.626,.233);es="Linear";ed="In";};["Right Arm"]={cf=cfr(.632,.58,-.174,-.035,-.924,.38,-.033,-.379,-.925,.999,-.045,-.017);es="Linear";ed="In";};};{tm=.516;["Torso"]={cf=cfr(-.029,-.126,-.317,.895,-.369,.251,.446,.73,-.517,.008,.575,.818);es="Linear";ed="In";};["Head"]={cf=cfr(0,0,0,.936,.344,-.077,-.304,.899,.315,.177,-.272,.946);es="Linear";ed="In";};["Left Leg"]={cf=cfr(-.708,.829,.38,.826,.498,.263,-.538,.836,.106,-.168,-.229,.959);es="Linear";ed="In";};["Left Arm"]={cf=cfr(-.689,-.836,-.531,-.026,.954,-.299,-.827,.147,.542,.561,.261,.785);es="Linear";ed="In";};["Right Arm"]={cf=cfr(.718,-.015,-.765,.583,-.736,.344,.734,.295,-.611,.349,.609,.712);es="Linear";ed="In";};["Right Leg"]={cf=cfr(.258,.097,.155,.971,-.231,.061,.202,.93,.306,-.128,-.285,.95);es="Linear";ed="In";};};{tm=.582;["Torso"]={cf=cfr(-.054,-.075,-.397,.732,-.633,.251,.654,.552,-.517,.189,.543,.818);es="Linear";ed="In";};["Head"]={cf=cfr(0,0,0,.707,.707,-.032,-.667,.681,.304,.237,-.193,.952);es="Linear";ed="In";};["Left Leg"]={cf=cfr(-.912,.523,.36,.795,.597,.109,-.583,.801,-.139,-.17,.047,.984);es="Linear";ed="In";};["Left Arm"]={cf=cfr(-.689,-.836,-.531,.025,.955,-.294,-.747,.213,.629,.664,.204,.719);es="Linear";ed="In";};["Right Arm"]={cf=cfr(.718,-.015,-.765,.678,-.68,.279,.635,.351,-.688,.37,.644,.67);es="Linear";ed="In";};["Right Leg"]={cf=cfr(.116,.267,.231,.998,-.013,.061,-.006,.952,.306,-.062,-.306,.95);es="Linear";ed="In";};};{tm=.668;["Torso"]={cf=cfr(-.064,-.057,-.429,.66,-.699,.277,.728,.503,-.465,.185,.509,.841);es="Linear";ed="In";};["Left Leg"]={cf=cfr(-.912,.523,.36,.795,.601,.085,-.583,.795,-.171,-.17,.086,.982);es="Linear";ed="In";};["Left Arm"]={cf=cfr(-.689,-.836,-.531,.082,.963,-.255,-.684,.24,.688,.724,.118,.679);es="Linear";ed="In";};["Right Arm"]={cf=cfr(.718,-.015,-.765,.748,-.612,.259,.558,.367,-.745,.361,.701,.615);es="Linear";ed="In";};["Right Leg"]={cf=cfr(.113,.255,.181,.997,.051,.062,-.065,.971,.231,-.048,-.234,.971);es="Linear";ed="In";};};{tm=.82;["Torso"]={cf=cfr(-.076,-.037,-.468,.672,-.679,.296,.731,.541,-.416,.122,.496,.86);es="Linear";ed="In";};["Head"]={cf=cfr(0,0,0,.707,.707,-.034,-.666,.681,.305,.239,-.193,.952);es="Linear";ed="In";};["Left Leg"]={cf=cfr(-.851,.595,.392,.792,.609,.049,-.607,.793,-.051,-.07,.011,.997);es="Linear";ed="In";};["Left Arm"]={cf=cfr(-.689,-.836,-.531,.119,.972,-.203,-.65,.23,.724,.751,.046,.659);es="Linear";ed="In";};["Right Arm"]={cf=cfr(.718,-.015,-.765,.784,-.561,.267,.515,.348,-.783,.347,.751,.562);es="Linear";ed="In";};["Right Leg"]={cf=cfr(.113,.255,.181,.997,.057,-.041,-.051,.989,.139,.049,-.136,.989);es="Linear";ed="In";};};}
