-- // converted using mech's animoduler
local cfr = CFrame.new

return {
	{
		tm = 0;
		["Right Arm"] = {
			cf = cfr(0,0,0,.377,.926,-.021,-.917,.376,.13,.128,-.03,.991);
			es = "Linear";
			ed = "In";
		};
		["WeaponHold"] = {
			cf = cfr(0,0,0,.627,-.772,.109,.779,.621,-.088,0,.14,.99);
			es = "Linear";
			ed = "In";
		};
	};
	{
		tm = .152;
		["Right Arm"] = {
			cf = cfr(0,0,0,.377,.925,.039,-.917,.367,.154,.128,-.094,.987);
			es = "Linear";
			ed = "In";
		};
	};
	{
		tm = .234;
		["Right Arm"] = {
			cf = cfr(0,0,0,.377,.926,-.029,-.917,.378,.127,.128,-.022,.991);
			es = "Linear";
			ed = "In";
		};
	};
	{
		tm = .299;
		["Right Arm"] = {
			cf = cfr(0,0,0,.377,.926,.008,-.917,.372,.142,.128,-.061,.99);
			es = "Linear";
			ed = "In";
		};
	};
	{
		tm = .385;
		["Right Arm"] = {
			cf = cfr(0,0,0,.377,.926,.028,-.917,.369,.15,.128,-.082,.988);
			es = "Linear";
			ed = "In";
		};
	};
	{
		tm = .516;
		["Right Arm"] = {
			cf = cfr(0,0,0,.377,.926,.018,-.917,.371,.146,.128,-.071,.989);
			es = "Linear";
			ed = "In";
		};
	};
	{
		tm = .598;
		["Right Arm"] = {
			cf = cfr(0,0,0,.377,.926,-.012,-.917,.375,.134,.128,-.04,.991);
			es = "Linear";
			ed = "In";
		};
	};
	{
		tm = .615;
		["Right Arm"] = {
			cf = cfr(0,0,0,.377,.926,-.012,-.917,.375,.134,.128,-.04,.991);
			es = "Linear";
			ed = "In";
		};
	};
}
