-- // converted using mech's animoduler
local cfr = CFrame.new

return {
	{
		tm = 0;
		["Torso"] = {
			cf = cfr(-9.269,0,.523,.519,.736,-.434,-.855,.447,-.264,0,.508,.861);
			es = "Linear";
			ed = "In";
		};
		["Head"] = {
			cf = cfr(0,0,0,.899,-.437,0,.409,.842,-.352,.154,.317,.936);
			es = "Linear";
			ed = "In";
		};
		["Left Leg"] = {
			cf = cfr(-.939,.573,.044,.883,-.465,.055,.468,.882,-.058,-.021,.077,.997);
			es = "Linear";
			ed = "In";
		};
		["Left Arm"] = {
			cf = cfr(.707,-.458,-.256,.288,-.902,.322,.484,.427,.764,-.827,-.064,.559);
			es = "Linear";
			ed = "In";
		};
		["Right Arm"] = {
			cf = cfr(-.55,-.584,.087,.155,.768,-.622,0,.629,.777,.988,-.121,.098);
			es = "Linear";
			ed = "In";
		};
		["Right Leg"] = {
			cf = cfr(.889,.969,.158,.926,.275,-.258,-.265,.961,.074,.269,0,.963);
			es = "Linear";
			ed = "In";
		};
	};
	{
		tm = .033;
		["Torso"] = {
			cf = cfr(7.053,0,.523,.519,.736,-.434,-.855,.447,-.264,0,.508,.861);
			es = "Linear";
			ed = "In";
		};
	};
	{
		tm = .067;
		["Torso"] = {
			cf = cfr(-8.171,0,.523,.519,.736,-.434,-.855,.447,-.264,0,.508,.861);
			es = "Linear";
			ed = "In";
		};
	};
	{
		tm = .1;
		["Torso"] = {
			cf = cfr(5.869,0,.523,.519,.736,-.434,-.855,.447,-.264,0,.508,.861);
			es = "Linear";
			ed = "In";
		};
	};
	{
		tm = .133;
		["Torso"] = {
			cf = cfr(-4.859,0,.523,.519,.736,-.434,-.855,.447,-.264,0,.508,.861);
			es = "Linear";
			ed = "In";
		};
	};
	{
		tm = .167;
		["Torso"] = {
			cf = cfr(5.345,0,.523,.519,.736,-.434,-.855,.447,-.264,0,.508,.861);
			es = "Linear";
			ed = "In";
		};
	};
	{
		tm = .2;
		["Torso"] = {
			cf = cfr(-4.994,0,.523,.519,.736,-.434,-.855,.447,-.264,0,.508,.861);
			es = "Linear";
			ed = "In";
		};
	};
	{
		tm = .233;
		["Torso"] = {
			cf = cfr(3.817,0,.523,.519,.736,-.434,-.855,.447,-.264,0,.508,.861);
			es = "Linear";
			ed = "In";
		};
	};
	{
		tm = .267;
		["Torso"] = {
			cf = cfr(-4.284,0,.523,.519,.736,-.434,-.855,.447,-.264,0,.508,.861);
			es = "Linear";
			ed = "In";
		};
	};
	{
		tm = .3;
		["Torso"] = {
			cf = cfr(2.857,0,.523,.519,.736,-.434,-.855,.447,-.264,0,.508,.861);
			es = "Linear";
			ed = "In";
		};
	};
	{
		tm = .333;
		["Torso"] = {
			cf = cfr(-2.154,.001,.523,.519,.736,-.434,-.855,.447,-.264,0,.508,.861);
			es = "Linear";
			ed = "In";
		};
	};
	{
		tm = .367;
		["Torso"] = {
			cf = cfr(.743,.001,.523,.519,.736,-.434,-.855,.447,-.264,0,.508,.861);
			es = "Linear";
			ed = "In";
		};
	};
	{
		tm = .4;
		["Torso"] = {
			cf = cfr(-1.141,.001,.523,.519,.736,-.434,-.855,.447,-.264,0,.508,.861);
			es = "Linear";
			ed = "In";
		};
	};
	{
		tm = .433;
		["Torso"] = {
			cf = cfr(-.286,.001,.523,.519,.736,-.434,-.855,.447,-.264,0,.508,.861);
			es = "Linear";
			ed = "In";
		};
		["Head"] = {
			cf = cfr(0,0,0,.899,-.437,0,.409,.842,-.352,.154,.317,.936);
			es = "Linear";
			ed = "In";
		};
		["Left Leg"] = {
			cf = cfr(-.939,.573,.044,.883,-.465,.055,.468,.882,-.058,-.021,.077,.997);
			es = "Linear";
			ed = "In";
		};
		["Left Arm"] = {
			cf = cfr(.707,-.458,-.256,.288,-.902,.322,.484,.427,.764,-.827,-.064,.559);
			es = "Linear";
			ed = "In";
		};
		["Right Arm"] = {
			cf = cfr(-.55,-.584,.087,.155,.768,-.622,0,.629,.777,.988,-.121,.098);
			es = "Linear";
			ed = "In";
		};
		["Right Leg"] = {
			cf = cfr(.889,.969,.158,.926,.275,-.258,-.265,.961,.074,.269,0,.963);
			es = "Linear";
			ed = "In";
		};
	};
	{
		tm = .483;
		["Torso"] = {
			cf = cfr(-.286,.001,.781,.458,.831,-.316,-.887,.449,-.105,.054,.329,.943);
			es = "Linear";
			ed = "In";
		};
		["Head"] = {
			cf = cfr(0,0,0,.83,-.554,.064,.542,.774,-.329,.133,.307,.942);
			es = "Linear";
			ed = "In";
		};
		["Left Leg"] = {
			cf = cfr(-.791,.395,.111,.972,-.23,.055,.233,.971,-.058,-.04,.069,.997);
			es = "Linear";
			ed = "In";
		};
		["Left Arm"] = {
			cf = cfr(.614,-.285,-.235,.852,-.492,.18,.061,.433,.899,-.52,-.755,.399);
			es = "Linear";
			ed = "In";
		};
		["Right Arm"] = {
			cf = cfr(-.397,-.403,.157,.391,.592,-.705,.273,.656,.703,.879,-.468,.095);
			es = "Linear";
			ed = "In";
		};
		["Right Leg"] = {
			cf = cfr(.906,.877,.168,.899,.354,-.258,-.346,.935,.074,.268,.023,.963);
			es = "Linear";
			ed = "In";
		};
	};
	{
		tm = .583;
		["Torso"] = {
			cf = cfr(-.216,.001,.629,.422,.89,-.175,-.904,.427,-.008,.068,.162,.984);
			es = "Linear";
			ed = "In";
		};
		["Head"] = {
			cf = cfr(0,0,0,.763,-.642,.084,.631,.709,-.316,.143,.294,.945);
			es = "Linear";
			ed = "In";
		};
		["Left Leg"] = {
			cf = cfr(-.48,.206,.15,.998,-.044,.054,.046,.999,-.028,-.052,.031,.998);
			es = "Linear";
			ed = "In";
		};
		["Left Arm"] = {
			cf = cfr(.42,-.136,-.219,.847,.281,.452,-.49,.083,.868,.206,-.956,.208);
			es = "Linear";
			ed = "In";
		};
		["Right Arm"] = {
			cf = cfr(-.176,-.226,.262,.585,.291,-.757,.585,.495,.643,.562,-.819,.119);
			es = "Linear";
			ed = "In";
		};
		["Right Leg"] = {
			cf = cfr(.66,.605,.072,.923,.285,-.258,-.275,.958,.074,.269,.003,.963);
			es = "Linear";
			ed = "In";
		};
	};
	{
		tm = .683;
		["Torso"] = {
			cf = cfr(-.077,.001,-.061,.429,.898,-.098,-.903,.426,-.051,-.004,.11,.994);
			es = "Linear";
			ed = "In";
		};
		["Left Leg"] = {
			cf = cfr(-.079,.094,.126,.998,-.047,.051,.046,.998,.031,-.052,-.029,.998);
			es = "Linear";
			ed = "In";
		};
		["Left Arm"] = {
			cf = cfr(.173,-.099,-.217,.229,.549,.804,-.807,-.355,.473,.545,-.757,.362);
			es = "Linear";
			ed = "In";
		};
		["Right Arm"] = {
			cf = cfr(.035,-.143,.366,.653,.033,-.757,.734,.22,.643,.188,-.975,.119);
			es = "Linear";
			ed = "In";
		};
		["Right Leg"] = {
			cf = cfr(.142,.199,-.135,.966,.02,-.258,-.001,.997,.074,.259,-.071,.963);
			es = "Linear";
			ed = "In";
		};
	};
	{
		tm = .75;
		["Torso"] = {
			cf = cfr(-.185,.001,-.353,.435,.888,-.151,-.897,.413,-.154,-.074,.203,.976);
			es = "Sine";
			ed = "Out";
		};
		["Head"] = {
			cf = cfr(0,0,0,.749,-.663,0,.62,.701,-.352,.233,.264,.936);
			es = "Sine";
			ed = "Out";
		};
		["Left Leg"] = {
			cf = cfr(-.13,.484,.099,.997,-.05,.051,.049,.998,.031,-.053,-.029,.998);
			es = "Sine";
			ed = "Out";
		};
		["Left Arm"] = {
			cf = cfr(.158,-.17,-.212,.574,-.495,.652,.199,.857,.475,-.794,-.143,.59);
			es = "Sine";
			ed = "Out";
		};
		["Right Arm"] = {
			cf = cfr(.042,-.122,.112,.413,.06,-.909,.329,.921,.21,.85,-.386,.36);
			es = "Sine";
			ed = "Out";
		};
		["Right Leg"] = {
			cf = cfr(.043,.297,-.091,.914,.052,-.403,-.077,.996,-.046,.399,.073,.914);
			es = "Sine";
			ed = "Out";
		};
		};
	{
		tm = .767;
		["Torso"] = {
			cf = cfr(-.158,.008,-.329,.435,.891,-.134,-.898,.417,-.14,-.069,.181,.981);
			es = "Linear";
			ed = "In";
		};
		["Head"] = {
			cf = cfr(0,0,0,.749,-.663,.003,.62,.699,-.355,.233,.268,.935);
			es = "Linear";
			ed = "In";
		};
		["Left Leg"] = {
			cf = cfr(-.123,.448,.104,.997,-.062,.052,.061,.998,.019,-.053,-.016,.998);
			es = "Linear";
			ed = "In";
		};
		["Left Arm"] = {
			cf = cfr(.158,-.16,-.212,.587,-.46,.666,.181,.876,.446,-.789,-.141,.598);
			es = "Linear";
			ed = "In";
		};
		["Right Arm"] = {
			cf = cfr(.005,-.122,.084,.448,.073,-.891,.3,.927,.227,.842,-.369,.393);
			es = "Linear";
			ed = "In";
		};
		["Right Leg"] = {
			cf = cfr(.03,.28,-.1,.915,.058,-.4,-.078,.996,-.033,.396,.061,.916);
			es = "Linear";
			ed = "In";
		};
		};
	{
		tm = .783;
		["Torso"] = {
			cf = cfr(-.131,.015,-.306,.434,.893,-.117,-.899,.42,-.127,-.064,.16,.985);
			es = "Linear";
			ed = "In";
		};
		["Head"] = {
			cf = cfr(0,0,0,.749,-.663,.006,.62,.698,-.358,.233,.272,.934);
			es = "Linear";
			ed = "In";
		};
		["Left Leg"] = {
			cf = cfr(-.116,.413,.108,.996,-.074,.053,.074,.997,.007,-.053,-.003,.999);
			es = "Linear";
			ed = "In";
		};
		["Left Arm"] = {
			cf = cfr(.158,-.15,-.212,.599,-.425,.678,.163,.894,.417,-.784,-.14,.605);
			es = "Linear";
			ed = "In";
		};
		["Right Arm"] = {
			cf = cfr(-.032,-.121,.057,.482,.087,-.872,.27,.932,.242,.833,-.353,.426);
			es = "Linear";
			ed = "In";
		};
		["Right Leg"] = {
			cf = cfr(.018,.264,-.108,.916,.064,-.397,-.079,.997,-.019,.394,.049,.918);
			es = "Linear";
			ed = "In";
		};
		};
	{
		tm = .8;
		["Torso"] = {
			cf = cfr(-.105,.022,-.283,.434,.895,-.1,-.899,.423,-.114,-.059,.139,.988);
			es = "Linear";
			ed = "In";
		};
		["Head"] = {
			cf = cfr(0,0,0,.749,-.663,.008,.62,.696,-.361,.233,.276,.933);
			es = "Linear";
			ed = "In";
		};
		["Left Leg"] = {
			cf = cfr(-.11,.379,.112,.995,-.086,.054,.086,.996,-.005,-.053,.01,.999);
			es = "Linear";
			ed = "In";
		};
		["Left Arm"] = {
			cf = cfr(.158,-.141,-.213,.61,-.391,.689,.144,.91,.388,-.779,-.138,.612);
			es = "Linear";
			ed = "In";
		};
		["Right Arm"] = {
			cf = cfr(-.067,-.121,.03,.514,.1,-.852,.241,.936,.256,.823,-.337,.457);
			es = "Linear";
			ed = "In";
		};
		["Right Leg"] = {
			cf = cfr(.006,.249,-.116,.916,.071,-.394,-.079,.997,-.007,.392,.037,.919);
			es = "Linear";
			ed = "In";
		};
		};
	{
		tm = .817;
		["Torso"] = {
			cf = cfr(-.08,.029,-.261,.434,.897,-.084,-.899,.425,-.101,-.055,.119,.991);
			es = "Linear";
			ed = "In";
		};
		["Head"] = {
			cf = cfr(0,0,0,.749,-.663,.011,.62,.695,-.364,.233,.279,.931);
			es = "Linear";
			ed = "In";
		};
		["Left Leg"] = {
			cf = cfr(-.103,.347,.117,.994,-.097,.055,.098,.995,-.016,-.053,.022,.998);
			es = "Linear";
			ed = "In";
		};
		["Left Arm"] = {
			cf = cfr(.158,-.131,-.213,.62,-.357,.699,.126,.924,.36,-.774,-.135,.618);
			es = "Linear";
			ed = "In";
		};
		["Right Arm"] = {
			cf = cfr(-.102,-.12,.004,.544,.114,-.832,.213,.94,.268,.812,-.322,.487);
			es = "Linear";
			ed = "In";
		};
		["Right Leg"] = {
			cf = cfr(-.006,.233,-.124,.917,.076,-.391,-.08,.997,.006,.391,.026,.92);
			es = "Linear";
			ed = "In";
		};
		};
	{
		tm = .833;
		["Torso"] = {
			cf = cfr(-.057,.035,-.24,.434,.898,-.069,-.9,.428,-.089,-.05,.1,.994);
			es = "Linear";
			ed = "In";
		};
		["Head"] = {
			cf = cfr(0,0,0,.749,-.663,.014,.62,.694,-.366,.233,.283,.93);
			es = "Linear";
			ed = "In";
		};
		["Left Leg"] = {
			cf = cfr(-.097,.316,.121,.993,-.107,.056,.109,.994,-.027,-.053,.033,.998);
			es = "Linear";
			ed = "In";
		};
		["Left Arm"] = {
			cf = cfr(.158,-.123,-.213,.629,-.324,.706,.109,.937,.333,-.77,-.133,.624);
			es = "Linear";
			ed = "In";
		};
		["Right Arm"] = {
			cf = cfr(-.134,-.12,-.02,.571,.127,-.811,.185,.942,.278,.8,-.309,.514);
			es = "Linear";
			ed = "In";
		};
		["Right Leg"] = {
			cf = cfr(-.017,.219,-.131,.918,.082,-.389,-.081,.997,.018,.389,.015,.921);
			es = "Linear";
			ed = "In";
		};
		};
	{
		tm = .85;
		["Torso"] = {
			cf = cfr(-.035,.041,-.221,.434,.899,-.054,-.9,.429,-.077,-.046,.082,.996);
			es = "Linear";
			ed = "In";
		};
		["Head"] = {
			cf = cfr(0,0,0,.749,-.663,.016,.62,.692,-.369,.233,.286,.929);
			es = "Linear";
			ed = "In";
		};
		["Left Leg"] = {
			cf = cfr(-.092,.287,.124,.991,-.117,.057,.119,.992,-.037,-.053,.043,.998);
			es = "Linear";
			ed = "In";
		};
		["Left Arm"] = {
			cf = cfr(.158,-.114,-.213,.637,-.294,.713,.092,.947,.308,-.766,-.13,.63);
			es = "Linear";
			ed = "In";
		};
		["Right Arm"] = {
			cf = cfr(-.164,-.119,-.043,.595,.14,-.791,.159,.945,.287,.788,-.297,.54);
			es = "Linear";
			ed = "In";
		};
		["Right Leg"] = {
			cf = cfr(-.027,.206,-.138,.918,.087,-.386,-.082,.996,.029,.387,.005,.922);
			es = "Linear";
			ed = "In";
		};
		};
	{
		tm = .867;
		["Torso"] = {
			cf = cfr(-.015,.046,-.203,.434,.9,-.041,-.9,.431,-.067,-.043,.066,.997);
			es = "Linear";
			ed = "In";
		};
		["Head"] = {
			cf = cfr(0,0,0,.749,-.662,.018,.62,.691,-.371,.233,.289,.928);
			es = "Linear";
			ed = "In";
		};
		["Left Leg"] = {
			cf = cfr(-.086,.26,.128,.99,-.126,.059,.128,.991,-.046,-.052,.053,.997);
			es = "Linear";
			ed = "In";
		};
		["Left Arm"] = {
			cf = cfr(.159,-.107,-.214,.643,-.265,.718,.077,.956,.285,-.762,-.128,.635);
			es = "Linear";
			ed = "In";
		};
		["Right Arm"] = {
			cf = cfr(-.192,-.119,-.064,.617,.152,-.772,.135,.946,.295,.775,-.286,.563);
			es = "Linear";
			ed = "In";
		};
		["Right Leg"] = {
			cf = cfr(-.036,.194,-.144,.919,.091,-.384,-.083,.996,.039,.386,-.004,.923);
			es = "Linear";
			ed = "In";
		};
		};
	{
		tm = .883;
		["Torso"] = {
			cf = cfr(.003,.051,-.188,.434,.901,-.029,-.9,.432,-.058,-.039,.052,.998);
			es = "Linear";
			ed = "In";
		};
		["Head"] = {
			cf = cfr(0,0,0,.749,-.662,.02,.62,.69,-.373,.233,.292,.928);
			es = "Linear";
			ed = "In";
		};
		["Left Leg"] = {
			cf = cfr(-.082,.237,.131,.989,-.134,.06,.137,.989,-.054,-.052,.062,.997);
			es = "Linear";
			ed = "In";
		};
		["Left Arm"] = {
			cf = cfr(.159,-.1,-.214,.649,-.24,.722,.063,.963,.263,-.758,-.126,.639);
			es = "Linear";
			ed = "In";
		};
		["Right Arm"] = {
			cf = cfr(-.216,-.119,-.083,.635,.163,-.755,.113,.947,.3,.764,-.276,.583);
			es = "Linear";
			ed = "In";
		};
		["Right Leg"] = {
			cf = cfr(-.044,.183,-.15,.919,.095,-.381,-.083,.995,.048,.384,-.012,.923);
			es = "Linear";
			ed = "In";
		};
		};
	{
		tm = .9;
		["Torso"] = {
			cf = cfr(.019,.055,-.174,.434,.901,-.019,-.9,.433,-.05,-.036,.039,.999);
			es = "Linear";
			ed = "In";
		};
		["Head"] = {
			cf = cfr(0,0,0,.749,-.662,.022,.62,.689,-.375,.233,.294,.927);
			es = "Linear";
			ed = "In";
		};
		["Left Leg"] = {
			cf = cfr(-.078,.216,.133,.988,-.14,.061,.144,.988,-.061,-.052,.069,.996);
			es = "Linear";
			ed = "In";
		};
		["Left Arm"] = {
			cf = cfr(.159,-.094,-.214,.653,-.218,.725,.05,.968,.245,-.756,-.123,.643);
			es = "Linear";
			ed = "In";
		};
		["Right Arm"] = {
			cf = cfr(-.238,-.118,-.099,.651,.173,-.739,.094,.948,.305,.753,-.268,.601);
			es = "Linear";
			ed = "In";
		};
		["Right Leg"] = {
			cf = cfr(-.052,.173,-.155,.92,.099,-.379,-.084,.995,.056,.383,-.019,.924);
			es = "Linear";
			ed = "In";
		};
		};
	{
		tm = .917;
		["Torso"] = {
			cf = cfr(.032,.059,-.162,.434,.901,-.011,-.9,.433,-.043,-.034,.028,.999);
			es = "Linear";
			ed = "In";
		};
		["Head"] = {
			cf = cfr(0,0,0,.749,-.662,.023,.62,.688,-.376,.233,.296,.926);
			es = "Linear";
			ed = "In";
		};
		["Left Leg"] = {
			cf = cfr(-.074,.199,.135,.987,-.146,.062,.15,.986,-.067,-.051,.075,.996);
			es = "Linear";
			ed = "In";
		};
		["Left Arm"] = {
			cf = cfr(.159,-.089,-.214,.657,-.199,.728,.04,.972,.23,-.753,-.122,.646);
			es = "Linear";
			ed = "In";
		};
		["Right Arm"] = {
			cf = cfr(-.256,-.118,-.112,.664,.182,-.726,.078,.948,.309,.744,-.261,.615);
			es = "Linear";
			ed = "In";
		};
		["Right Leg"] = {
			cf = cfr(-.058,.165,-.159,.92,.102,-.378,-.084,.994,.062,.382,-.025,.924);
			es = "Linear";
			ed = "In";
		};
		};
	{
		tm = .933;
		["Torso"] = {
			cf = cfr(.042,.061,-.153,.434,.901,-.004,-.9,.434,-.038,-.032,.02,.999);
			es = "Linear";
			ed = "In";
		};
		["Head"] = {
			cf = cfr(0,0,0,.749,-.662,.024,.62,.688,-.377,.233,.298,.926);
			es = "Linear";
			ed = "In";
		};
		["Left Leg"] = {
			cf = cfr(-.072,.186,.137,.987,-.151,.063,.155,.985,-.072,-.051,.08,.995);
			es = "Linear";
			ed = "In";
		};
		["Left Arm"] = {
			cf = cfr(.159,-.086,-.214,.659,-.184,.729,.032,.976,.217,-.751,-.12,.649);
			es = "Linear";
			ed = "In";
		};
		["Right Arm"] = {
			cf = cfr(-.27,-.118,-.123,.673,.188,-.715,.065,.948,.311,.736,-.256,.626);
			es = "Linear";
			ed = "In";
		};
		["Right Leg"] = {
			cf = cfr(-.063,.159,-.162,.921,.104,-.376,-.085,.994,.067,.381,-.03,.924);
			es = "Linear";
			ed = "In";
		};
		};
	{
		tm = .95;
		["Torso"] = {
			cf = cfr(.05,.063,-.147,.434,.901,.001,-.9,.434,-.034,-.031,.014,.999);
			es = "Linear";
			ed = "In";
		};
		["Head"] = {
			cf = cfr(0,0,0,.749,-.662,.025,.62,.687,-.378,.233,.299,.925);
			es = "Linear";
			ed = "In";
		};
		["Left Leg"] = {
			cf = cfr(-.07,.176,.138,.986,-.154,.063,.158,.985,-.075,-.051,.084,.995);
			es = "Linear";
			ed = "In";
		};
		["Left Arm"] = {
			cf = cfr(.159,-.083,-.214,.661,-.173,.73,.026,.978,.209,-.75,-.119,.651);
			es = "Linear";
			ed = "In";
		};
		["Right Arm"] = {
			cf = cfr(-.28,-.118,-.131,.68,.193,-.707,.056,.948,.313,.731,-.253,.634);
			es = "Linear";
			ed = "In";
		};
		["Right Leg"] = {
			cf = cfr(-.066,.155,-.164,.921,.106,-.376,-.085,.994,.071,.381,-.033,.924);
			es = "Linear";
			ed = "In";
		};
		};
	{
		tm = .967;
		["Torso"] = {
			cf = cfr(.054,.064,-.143,.434,.901,.004,-.9,.434,-.031,-.03,.01,1);
			es = "Linear";
			ed = "In";
		};
		["Head"] = {
			cf = cfr(0,0,0,.749,-.662,.025,.62,.687,-.379,.233,.299,.925);
			es = "Linear";
			ed = "In";
		};
		["Left Leg"] = {
			cf = cfr(-.069,.17,.139,.986,-.156,.063,.16,.984,-.077,-.05,.086,.995);
			es = "Linear";
			ed = "In";
		};
		["Left Arm"] = {
			cf = cfr(.159,-.081,-.214,.662,-.167,.731,.022,.979,.203,-.749,-.118,.652);
			es = "Linear";
			ed = "In";
		};
		["Right Arm"] = {
			cf = cfr(-.286,-.118,-.136,.684,.196,-.702,.051,.948,.314,.727,-.25,.639);
			es = "Linear";
			ed = "In";
		};
		["Right Leg"] = {
			cf = cfr(-.068,.152,-.166,.921,.107,-.375,-.085,.994,.073,.38,-.035,.924);
			es = "Linear";
			ed = "In";
		};
		};
	{
		tm = .983;
		["Torso"] = {
			cf = cfr(.056,.065,-.142,.434,.901,.005,-.9,.434,-.031,-.03,.009,1);
			es = "Sine";
			ed = "In";
		};
		["Head"] = {
			cf = cfr(0,0,0,.749,-.662,.026,.62,.687,-.379,.233,.3,.925);
			es = "Sine";
			ed = "In";
		};
		["Left Leg"] = {
			cf = cfr(-.068,.168,.139,.986,-.156,.064,.161,.984,-.078,-.05,.087,.995);
			es = "Sine";
			ed = "In";
		};
		["Left Arm"] = {
			cf = cfr(.159,-.081,-.214,.662,-.165,.731,.021,.979,.201,-.749,-.118,.652);
			es = "Sine";
			ed = "In";
		};
		["Right Arm"] = {
			cf = cfr(-.288,-.118,-.137,.686,.197,-.701,.049,.948,.314,.726,-.25,.641);
			es = "Sine";
			ed = "In";
		};
		["Right Leg"] = {
			cf = cfr(-.069,.151,-.166,.921,.107,-.375,-.085,.994,.074,.38,-.036,.924);
			es = "Sine";
			ed = "In";
		};
		};
	{
		tm = 1;
		["Torso"] = {
			cf = cfr(.056,.065,-.141,.436,.9,.005,-.9,.436,-.031,-.03,.009,1);
			es = "Linear";
			ed = "In";
		};
		["Head"] = {
			cf = cfr(0,0,0,.749,-.662,.026,.62,.687,-.378,.233,.299,.925);
			es = "Linear";
			ed = "In";
		};
		["Left Leg"] = {
			cf = cfr(-.068,.168,.139,.986,-.157,.063,.161,.984,-.077,-.05,.086,.995);
			es = "Linear";
			ed = "In";
		};
		["Left Arm"] = {
			cf = cfr(.159,-.081,-.214,.662,-.165,.731,.021,.979,.201,-.749,-.118,.652);
			es = "Linear";
			ed = "In";
		};
		["Right Arm"] = {
			cf = cfr(-.288,-.118,-.137,.686,.197,-.701,.049,.948,.314,.726,-.25,.641);
			es = "Linear";
			ed = "In";
		};
		["Right Leg"] = {
			cf = cfr(-.069,.151,-.166,.921,.107,-.375,-.086,.994,.074,.38,-.036,.924);
			es = "Linear";
			ed = "In";
		};
		};
	{
		tm = 1.017;
		["Torso"] = {
			cf = cfr(.056,.064,-.141,.439,.898,.006,-.898,.439,-.032,-.031,.009,.999);
			es = "Linear";
			ed = "In";
		};
		["Head"] = {
			cf = cfr(0,0,0,.749,-.662,.026,.621,.688,-.377,.232,.298,.926);
			es = "Linear";
			ed = "In";
		};
		["Left Leg"] = {
			cf = cfr(-.068,.168,.139,.986,-.157,.063,.161,.984,-.076,-.05,.085,.995);
			es = "Linear";
			ed = "In";
		};
		["Left Arm"] = {
			cf = cfr(.159,-.081,-.214,.662,-.165,.731,.021,.979,.201,-.749,-.118,.652);
			es = "Linear";
			ed = "In";
		};
		["Right Arm"] = {
			cf = cfr(-.288,-.118,-.137,.686,.197,-.701,.049,.948,.314,.726,-.25,.641);
			es = "Linear";
			ed = "In";
		};
		["Right Leg"] = {
			cf = cfr(-.069,.151,-.166,.921,.108,-.375,-.086,.994,.074,.38,-.036,.924);
			es = "Linear";
			ed = "In";
		};
		};
	{
		tm = 1.033;
		["Torso"] = {
			cf = cfr(.056,.062,-.139,.446,.895,.007,-.895,.446,-.033,-.033,.009,.999);
			es = "Linear";
			ed = "In";
		};
		["Head"] = {
			cf = cfr(0,0,0,.749,-.662,.026,.622,.688,-.374,.23,.296,.927);
			es = "Linear";
			ed = "In";
		};
		["Left Leg"] = {
			cf = cfr(-.068,.168,.139,.986,-.157,.063,.161,.984,-.073,-.05,.083,.995);
			es = "Linear";
			ed = "In";
		};
		["Left Arm"] = {
			cf = cfr(.159,-.081,-.214,.662,-.165,.731,.021,.979,.201,-.749,-.118,.652);
			es = "Linear";
			ed = "In";
		};
		["Right Arm"] = {
			cf = cfr(-.288,-.118,-.137,.686,.197,-.701,.049,.948,.314,.726,-.25,.641);
			es = "Linear";
			ed = "In";
		};
		["Right Leg"] = {
			cf = cfr(-.069,.151,-.166,.921,.109,-.375,-.088,.993,.073,.38,-.035,.924);
			es = "Linear";
			ed = "In";
		};
		};
	{
		tm = 1.05;
		["Torso"] = {
			cf = cfr(.056,.06,-.138,.454,.891,.008,-.89,.454,-.035,-.035,.009,.999);
			es = "Linear";
			ed = "In";
		};
		["Head"] = {
			cf = cfr(0,0,0,.749,-.662,.026,.623,.69,-.37,.227,.293,.929);
			es = "Linear";
			ed = "In";
		};
		["Left Leg"] = {
			cf = cfr(-.068,.168,.139,.986,-.157,.062,.161,.984,-.07,-.05,.079,.996);
			es = "Linear";
			ed = "In";
		};
		["Left Arm"] = {
			cf = cfr(.159,-.081,-.214,.662,-.165,.731,.021,.979,.201,-.749,-.118,.652);
			es = "Linear";
			ed = "In";
		};
		["Right Arm"] = {
			cf = cfr(-.288,-.118,-.137,.686,.197,-.701,.049,.948,.314,.726,-.25,.641);
			es = "Linear";
			ed = "In";
		};
		["Right Leg"] = {
			cf = cfr(-.069,.15,-.166,.921,.11,-.375,-.089,.993,.073,.38,-.034,.924);
			es = "Linear";
			ed = "In";
		};
		};
	{
		tm = 1.067;
		["Torso"] = {
			cf = cfr(.056,.057,-.136,.465,.885,.01,-.884,.465,-.037,-.038,.009,.999);
			es = "Linear";
			ed = "In";
		};
		["Head"] = {
			cf = cfr(0,0,0,.749,-.662,.026,.624,.691,-.365,.224,.289,.931);
			es = "Linear";
			ed = "In";
		};
		["Left Leg"] = {
			cf = cfr(-.068,.168,.139,.986,-.157,.062,.161,.985,-.066,-.05,.075,.996);
			es = "Linear";
			ed = "In";
		};
		["Left Arm"] = {
			cf = cfr(.159,-.081,-.214,.662,-.165,.731,.021,.979,.201,-.749,-.118,.652);
			es = "Linear";
			ed = "In";
		};
		["Right Arm"] = {
			cf = cfr(-.288,-.118,-.137,.686,.197,-.701,.049,.948,.314,.726,-.25,.641);
			es = "Linear";
			ed = "In";
		};
		["Right Leg"] = {
			cf = cfr(-.069,.15,-.166,.92,.112,-.375,-.092,.993,.073,.38,-.032,.924);
			es = "Linear";
			ed = "In";
		};
		};
	{
		tm = 1.083;
		["Torso"] = {
			cf = cfr(.056,.053,-.133,.478,.878,.012,-.877,.478,-.04,-.041,.009,.999);
			es = "Linear";
			ed = "In";
		};
		["Head"] = {
			cf = cfr(0,0,0,.749,-.662,.026,.625,.693,-.359,.22,.285,.933);
			es = "Linear";
			ed = "In";
		};
		["Left Leg"] = {
			cf = cfr(-.068,.168,.139,.986,-.158,.061,.161,.985,-.061,-.05,.07,.996);
			es = "Linear";
			ed = "In";
		};
		["Left Arm"] = {
			cf = cfr(.159,-.081,-.214,.662,-.165,.731,.021,.979,.201,-.749,-.118,.652);
			es = "Linear";
			ed = "In";
		};
		["Right Arm"] = {
			cf = cfr(-.288,-.118,-.137,.686,.197,-.701,.049,.948,.314,.726,-.25,.641);
			es = "Linear";
			ed = "In";
		};
		["Right Leg"] = {
			cf = cfr(-.069,.15,-.166,.92,.115,-.375,-.094,.993,.072,.381,-.031,.924);
			es = "Linear";
			ed = "In";
		};
		};
	{
		tm = 1.1;
		["Torso"] = {
			cf = cfr(.056,.049,-.131,.493,.87,.014,-.869,.493,-.043,-.045,.009,.999);
			es = "Linear";
			ed = "In";
		};
		["Head"] = {
			cf = cfr(0,0,0,.749,-.662,.026,.627,.695,-.352,.215,.28,.936);
			es = "Linear";
			ed = "In";
		};
		["Left Leg"] = {
			cf = cfr(-.068,.168,.139,.986,-.158,.06,.161,.985,-.055,-.05,.064,.997);
			es = "Linear";
			ed = "In";
		};
		["Left Arm"] = {
			cf = cfr(.159,-.081,-.214,.662,-.165,.731,.021,.979,.201,-.749,-.118,.652);
			es = "Linear";
			ed = "In";
		};
		["Right Arm"] = {
			cf = cfr(-.288,-.118,-.137,.686,.197,-.701,.049,.948,.314,.726,-.25,.641);
			es = "Linear";
			ed = "In";
		};
		["Right Leg"] = {
			cf = cfr(-.069,.149,-.166,.92,.117,-.375,-.097,.993,.071,.381,-.029,.924);
			es = "Linear";
			ed = "In";
		};
		};
	{
		tm = 1.117;
		["Torso"] = {
			cf = cfr(.056,.045,-.128,.51,.86,.017,-.859,.51,-.047,-.049,.009,.999);
			es = "Linear";
			ed = "In";
		};
		["Head"] = {
			cf = cfr(0,0,0,.749,-.662,.026,.629,.697,-.344,.209,.274,.939);
			es = "Linear";
			ed = "In";
		};
		["Left Leg"] = {
			cf = cfr(-.068,.168,.139,.986,-.158,.059,.161,.986,-.049,-.05,.058,.997);
			es = "Linear";
			ed = "In";
		};
		["Left Arm"] = {
			cf = cfr(.159,-.081,-.214,.662,-.165,.731,.021,.979,.201,-.749,-.118,.652);
			es = "Linear";
			ed = "In";
		};
		["Right Arm"] = {
			cf = cfr(-.288,-.118,-.137,.686,.197,-.701,.049,.948,.314,.726,-.25,.641);
			es = "Linear";
			ed = "In";
		};
		["Right Leg"] = {
			cf = cfr(-.069,.149,-.166,.919,.12,-.375,-.101,.992,.07,.381,-.027,.924);
			es = "Linear";
			ed = "In";
		};
		};
	{
		tm = 1.133;
		["Torso"] = {
			cf = cfr(.056,.04,-.124,.528,.849,.02,-.847,.528,-.051,-.054,.01,.998);
			es = "Linear";
			ed = "In";
		};
		["Head"] = {
			cf = cfr(0,0,0,.749,-.662,.027,.631,.7,-.335,.203,.268,.942);
			es = "Linear";
			ed = "In";
		};
		["Left Leg"] = {
			cf = cfr(-.068,.168,.139,.986,-.159,.058,.161,.986,-.042,-.05,.051,.997);
			es = "Linear";
			ed = "In";
		};
		["Left Arm"] = {
			cf = cfr(.159,-.081,-.214,.662,-.165,.731,.021,.979,.201,-.749,-.118,.652);
			es = "Linear";
			ed = "In";
		};
		["Right Arm"] = {
			cf = cfr(-.288,-.118,-.137,.686,.197,-.701,.049,.948,.314,.726,-.25,.641);
			es = "Linear";
			ed = "In";
		};
		["Right Leg"] = {
			cf = cfr(-.069,.149,-.166,.919,.123,-.375,-.105,.992,.069,.381,-.024,.924);
			es = "Linear";
			ed = "In";
		};
		};
	{
		tm = 1.15;
		["Torso"] = {
			cf = cfr(.056,.034,-.12,.548,.836,.024,-.835,.548,-.055,-.059,.01,.998);
			es = "Linear";
			ed = "In";
		};
		["Head"] = {
			cf = cfr(0,0,0,.749,-.662,.027,.633,.703,-.326,.197,.261,.945);
			es = "Linear";
			ed = "In";
		};
		["Left Leg"] = {
			cf = cfr(-.068,.168,.139,.986,-.159,.057,.161,.986,-.034,-.05,.043,.998);
			es = "Linear";
			ed = "In";
		};
		["Left Arm"] = {
			cf = cfr(.159,-.081,-.214,.662,-.165,.731,.021,.979,.201,-.749,-.118,.652);
			es = "Linear";
			ed = "In";
		};
		["Right Arm"] = {
			cf = cfr(-.288,-.118,-.137,.686,.197,-.701,.049,.948,.314,.726,-.25,.641);
			es = "Linear";
			ed = "In";
		};
		["Right Leg"] = {
			cf = cfr(-.069,.148,-.166,.918,.127,-.375,-.109,.992,.068,.381,-.022,.924);
			es = "Linear";
			ed = "In";
		};
		};
	{
		tm = 1.167;
		["Torso"] = {
			cf = cfr(.056,.028,-.116,.568,.823,.028,-.821,.569,-.06,-.065,.011,.998);
			es = "Linear";
			ed = "In";
		};
		["Head"] = {
			cf = cfr(0,0,0,.749,-.662,.027,.635,.705,-.316,.19,.254,.949);
			es = "Linear";
			ed = "In";
		};
		["Left Leg"] = {
			cf = cfr(-.068,.168,.139,.986,-.16,.055,.161,.987,-.026,-.05,.035,.998);
			es = "Linear";
			ed = "In";
		};
		["Left Arm"] = {
			cf = cfr(.159,-.081,-.214,.662,-.165,.731,.021,.979,.201,-.749,-.118,.652);
			es = "Linear";
			ed = "In";
		};
		["Right Arm"] = {
			cf = cfr(-.288,-.118,-.137,.686,.197,-.701,.049,.948,.314,.726,-.25,.641);
			es = "Linear";
			ed = "In";
		};
		["Right Leg"] = {
			cf = cfr(-.069,.148,-.166,.918,.131,-.375,-.113,.991,.067,.381,-.019,.924);
			es = "Linear";
			ed = "In";
		};
		};
	{
		tm = 1.183;
		["Torso"] = {
			cf = cfr(.056,.022,-.112,.589,.807,.032,-.805,.59,-.064,-.071,.012,.997);
			es = "Linear";
			ed = "In";
		};
		["Head"] = {
			cf = cfr(0,0,0,.749,-.662,.027,.637,.708,-.305,.182,.246,.952);
			es = "Linear";
			ed = "In";
		};
		["Left Leg"] = {
			cf = cfr(-.068,.168,.139,.986,-.16,.054,.161,.987,-.017,-.05,.026,.998);
			es = "Linear";
			ed = "In";
		};
		["Left Arm"] = {
			cf = cfr(.159,-.081,-.214,.662,-.165,.731,.021,.979,.201,-.749,-.118,.652);
			es = "Linear";
			ed = "In";
		};
		["Right Arm"] = {
			cf = cfr(-.288,-.118,-.137,.686,.197,-.701,.049,.948,.314,.726,-.25,.641);
			es = "Linear";
			ed = "In";
		};
		["Right Leg"] = {
			cf = cfr(-.069,.147,-.166,.917,.135,-.375,-.118,.991,.066,.381,-.016,.924);
			es = "Linear";
			ed = "In";
		};
		};
	{
		tm = 1.2;
		["Torso"] = {
			cf = cfr(.056,.016,-.108,.611,.791,.037,-.788,.612,-.069,-.077,.013,.997);
			es = "Linear";
			ed = "In";
		};
		["Head"] = {
			cf = cfr(0,0,0,.749,-.662,.028,.639,.711,-.294,.175,.237,.956);
			es = "Linear";
			ed = "In";
		};
		["Left Leg"] = {
			cf = cfr(-.068,.168,.139,.986,-.161,.052,.161,.987,-.008,-.05,.017,.999);
			es = "Linear";
			ed = "In";
		};
		["Left Arm"] = {
			cf = cfr(.159,-.081,-.214,.662,-.165,.731,.021,.979,.201,-.749,-.118,.652);
			es = "Linear";
			ed = "In";
		};
		["Right Arm"] = {
			cf = cfr(-.288,-.118,-.137,.686,.197,-.701,.049,.948,.314,.726,-.25,.641);
			es = "Linear";
			ed = "In";
		};
		["Right Leg"] = {
			cf = cfr(-.069,.146,-.166,.916,.139,-.376,-.123,.99,.065,.381,-.014,.924);
			es = "Linear";
			ed = "In";
		};
		};
	{
		tm = 1.217;
		["Torso"] = {
			cf = cfr(.056,.009,-.103,.632,.774,.042,-.77,.633,-.073,-.083,.014,.996);
			es = "Linear";
			ed = "In";
		};
		["Head"] = {
			cf = cfr(0,0,0,.749,-.662,.028,.641,.714,-.282,.167,.229,.959);
			es = "Linear";
			ed = "In";
		};
		["Left Leg"] = {
			cf = cfr(-.068,.168,.139,.986,-.161,.051,.161,.987,.001,-.05,.007,.999);
			es = "Linear";
			ed = "In";
		};
		["Left Arm"] = {
			cf = cfr(.159,-.081,-.214,.662,-.165,.731,.021,.979,.201,-.749,-.118,.652);
			es = "Linear";
			ed = "In";
		};
		["Right Arm"] = {
			cf = cfr(-.288,-.118,-.137,.686,.197,-.701,.049,.948,.314,.726,-.25,.641);
			es = "Linear";
			ed = "In";
		};
		["Right Leg"] = {
			cf = cfr(-.069,.146,-.166,.916,.143,-.376,-.128,.99,.064,.381,-.01,.925);
			es = "Linear";
			ed = "In";
		};
		};
	{
		tm = 1.233;
		["Torso"] = {
			cf = cfr(.056,.003,-.098,.654,.755,.047,-.751,.655,-.078,-.089,.015,.996);
			es = "Linear";
			ed = "In";
		};
		["Head"] = {
			cf = cfr(0,0,0,.749,-.662,.028,.643,.717,-.27,.158,.22,.962);
			es = "Linear";
			ed = "In";
		};
		["Left Leg"] = {
			cf = cfr(-.068,.168,.139,.986,-.162,.049,.161,.987,.01,-.05,-.002,.999);
			es = "Linear";
			ed = "In";
		};
		["Left Arm"] = {
			cf = cfr(.159,-.081,-.214,.662,-.165,.731,.021,.979,.201,-.749,-.118,.652);
			es = "Linear";
			ed = "In";
		};
		["Right Arm"] = {
			cf = cfr(-.288,-.118,-.137,.686,.197,-.701,.049,.948,.314,.726,-.25,.641);
			es = "Linear";
			ed = "In";
		};
		["Right Leg"] = {
			cf = cfr(-.069,.145,-.166,.915,.147,-.376,-.133,.989,.063,.381,-.007,.925);
			es = "Linear";
			ed = "In";
		};
		};
	{
		tm = 1.25;
		["Torso"] = {
			cf = cfr(.056,-.004,-.094,.675,.736,.052,-.732,.677,-.082,-.096,.017,.995);
			es = "Sine";
			ed = "Out";
		};
		["Head"] = {
			cf = cfr(0,0,0,.749,-.662,.028,.645,.719,-.258,.15,.211,.966);
			es = "Cubic";
			ed = "Out";
		};
		["Left Leg"] = {
			cf = cfr(-.068,.168,.139,.986,-.162,.048,.161,.987,.02,-.05,-.012,.999);
			es = "Sine";
			ed = "Out";
		};
		["Left Arm"] = {
			cf = cfr(.159,-.081,-.214,.662,-.165,.731,.021,.979,.201,-.749,-.118,.652);
			es = "Linear";
			ed = "In";
		};
		["Right Arm"] = {
			cf = cfr(-.288,-.118,-.137,.686,.197,-.701,.049,.948,.314,.726,-.25,.641);
			es = "Linear";
			ed = "In";
		};
		["Right Leg"] = {
			cf = cfr(-.07,.145,-.166,.914,.152,-.376,-.139,.988,.062,.381,-.004,.925);
			es = "Sine";
			ed = "Out";
		};
		};
	{
		tm = 1.267;
		["Torso"] = {
			cf = cfr(.053,-.004,-.089,.705,.707,.051,-.703,.707,-.077,-.091,.018,.996);
			es = "Linear";
			ed = "In";
		};
		["Head"] = {
			cf = cfr(0,0,0,.794,-.608,.025,.596,.769,-.23,.121,.197,.973);
			es = "Linear";
			ed = "In";
		};
		["Left Leg"] = {
			cf = cfr(-.065,.161,.133,.987,-.155,.051,.154,.988,.017,-.053,-.009,.999);
			es = "Linear";
			ed = "In";
		};
		["Right Leg"] = {
			cf = cfr(-.082,.139,-.159,.914,.158,-.374,-.144,.987,.066,.38,-.006,.925);
			es = "Linear";
			ed = "In";
		};
		};
	{
		tm = 1.283;
		["Torso"] = {
			cf = cfr(.05,-.004,-.084,.734,.677,.05,-.673,.736,-.072,-.086,.019,.996);
			es = "Linear";
			ed = "In";
		};
		["Head"] = {
			cf = cfr(0,0,0,.831,-.556,.024,.548,.811,-.204,.094,.183,.979);
			es = "Linear";
			ed = "In";
		};
		["Left Leg"] = {
			cf = cfr(-.062,.153,.127,.988,-.148,.054,.147,.989,.015,-.056,-.007,.998);
			es = "Linear";
			ed = "In";
		};
		["Right Leg"] = {
			cf = cfr(-.093,.134,-.151,.914,.165,-.372,-.149,.986,.07,.378,-.008,.926);
			es = "Linear";
			ed = "In";
		};
		};
	{
		tm = 1.3;
		["Torso"] = {
			cf = cfr(.047,-.004,-.079,.762,.646,.049,-.642,.763,-.067,-.081,.02,.997);
			es = "Linear";
			ed = "In";
		};
		["Head"] = {
			cf = cfr(0,0,0,.862,-.506,.024,.501,.846,-.181,.071,.168,.983);
			es = "Linear";
			ed = "In";
		};
		["Left Leg"] = {
			cf = cfr(-.059,.146,.121,.988,-.141,.058,.14,.99,.012,-.059,-.004,.998);
			es = "Linear";
			ed = "In";
		};
		["Right Leg"] = {
			cf = cfr(-.105,.129,-.144,.913,.171,-.369,-.155,.985,.074,.377,-.01,.926);
			es = "Linear";
			ed = "In";
		};
		};
	{
		tm = 1.317;
		["Torso"] = {
			cf = cfr(.045,-.003,-.075,.788,.614,.048,-.611,.789,-.062,-.076,.02,.997);
			es = "Linear";
			ed = "In";
		};
		["Head"] = {
			cf = cfr(0,0,0,.888,-.459,.025,.457,.875,-.159,.051,.152,.987);
			es = "Linear";
			ed = "In";
		};
		["Left Leg"] = {
			cf = cfr(-.056,.138,.115,.989,-.134,.061,.133,.991,.01,-.062,-.001,.998);
			es = "Linear";
			ed = "In";
		};
		["Right Leg"] = {
			cf = cfr(-.117,.123,-.137,.913,.178,-.367,-.16,.984,.078,.375,-.012,.927);
			es = "Linear";
			ed = "In";
		};
		};
	{
		tm = 1.333;
		["Torso"] = {
			cf = cfr(.042,-.003,-.07,.812,.581,.046,-.579,.813,-.058,-.071,.02,.997);
			es = "Linear";
			ed = "In";
		};
		["Head"] = {
			cf = cfr(0,0,0,.909,-.415,.028,.414,.899,-.139,.033,.138,.99);
			es = "Linear";
			ed = "In";
		};
		["Left Leg"] = {
			cf = cfr(-.053,.131,.109,.99,-.127,.064,.127,.992,.007,-.064,.001,.998);
			es = "Linear";
			ed = "In";
		};
		["Right Leg"] = {
			cf = cfr(-.128,.118,-.13,.913,.184,-.365,-.166,.983,.081,.374,-.014,.927);
			es = "Linear";
			ed = "In";
		};
		};
	{
		tm = 1.35;
		["Torso"] = {
			cf = cfr(.039,-.003,-.066,.835,.549,.044,-.546,.836,-.053,-.066,.02,.998);
			es = "Linear";
			ed = "In";
		};
		["Head"] = {
			cf = cfr(0,0,0,.927,-.374,.03,.375,.919,-.121,.017,.124,.992);
			es = "Linear";
			ed = "In";
		};
		["Left Leg"] = {
			cf = cfr(-.05,.124,.103,.991,-.12,.067,.12,.993,.005,-.067,.004,.998);
			es = "Linear";
			ed = "In";
		};
		["Right Leg"] = {
			cf = cfr(-.14,.113,-.123,.912,.19,-.363,-.171,.982,.085,.372,-.016,.928);
			es = "Linear";
			ed = "In";
		};
		};
	{
		tm = 1.367;
		["Torso"] = {
			cf = cfr(.037,-.003,-.061,.856,.516,.042,-.514,.856,-.049,-.062,.02,.998);
			es = "Linear";
			ed = "In";
		};
		["Head"] = {
			cf = cfr(0,0,0,.941,-.337,.034,.339,.935,-.105,.004,.11,.994);
			es = "Linear";
			ed = "In";
		};
		["Left Leg"] = {
			cf = cfr(-.048,.117,.097,.991,-.113,.07,.114,.994,.002,-.07,.006,.998);
			es = "Linear";
			ed = "In";
		};
		["Right Leg"] = {
			cf = cfr(-.151,.108,-.117,.912,.196,-.361,-.176,.98,.089,.371,-.018,.928);
			es = "Linear";
			ed = "In";
		};
		};
	{
		tm = 1.383;
		["Torso"] = {
			cf = cfr(.034,-.003,-.057,.874,.484,.04,-.482,.875,-.045,-.057,.02,.998);
			es = "Linear";
			ed = "In";
		};
		["Head"] = {
			cf = cfr(0,0,0,.952,-.304,.037,.306,.948,-.091,-.008,.098,.995);
			es = "Linear";
			ed = "In";
		};
		["Left Leg"] = {
			cf = cfr(-.045,.11,.091,.992,-.107,.073,.107,.994,0,-.072,.008,.997);
			es = "Linear";
			ed = "In";
		};
		["Right Leg"] = {
			cf = cfr(-.161,.103,-.11,.911,.202,-.359,-.181,.979,.092,.37,-.019,.929);
			es = "Linear";
			ed = "In";
		};
		};
	{
		tm = 1.4;
		["Torso"] = {
			cf = cfr(.032,-.002,-.053,.891,.452,.038,-.45,.892,-.041,-.053,.02,.998);
			es = "Linear";
			ed = "In";
		};
		["Head"] = {
			cf = cfr(0,0,0,.961,-.273,.041,.276,.958,-.078,-.018,.087,.996);
			es = "Linear";
			ed = "In";
		};
		["Left Leg"] = {
			cf = cfr(-.042,.104,.086,.992,-.101,.075,.101,.995,-.003,-.075,.01,.997);
			es = "Linear";
			ed = "In";
		};
		["Right Leg"] = {
			cf = cfr(-.172,.099,-.104,.911,.208,-.356,-.185,.978,.096,.369,-.021,.929);
			es = "Linear";
			ed = "In";
		};
		};
	{
		tm = 1.417;
		["Torso"] = {
			cf = cfr(.029,-.002,-.049,.907,.42,.036,-.419,.907,-.038,-.049,.019,.999);
			es = "Linear";
			ed = "In";
		};
		["Head"] = {
			cf = cfr(0,0,0,.968,-.247,.044,.249,.966,-.067,-.026,.076,.997);
			es = "Linear";
			ed = "In";
		};
		["Left Leg"] = {
			cf = cfr(-.04,.098,.081,.992,-.095,.078,.095,.995,-.005,-.077,.013,.997);
			es = "Linear";
			ed = "In";
		};
		["Right Leg"] = {
			cf = cfr(-.182,.094,-.098,.91,.213,-.354,-.19,.977,.099,.367,-.023,.93);
			es = "Linear";
			ed = "In";
		};
		};
	{
		tm = 1.433;
		["Torso"] = {
			cf = cfr(.027,-.002,-.045,.92,.39,.034,-.389,.921,-.034,-.045,.018,.999);
			es = "Linear";
			ed = "In";
		};
		["Head"] = {
			cf = cfr(0,0,0,.974,-.223,.048,.226,.973,-.058,-.033,.067,.997);
			es = "Linear";
			ed = "In";
		};
		["Left Leg"] = {
			cf = cfr(-.037,.092,.076,.993,-.089,.081,.09,.996,-.007,-.08,.015,.997);
			es = "Linear";
			ed = "In";
		};
		["Right Leg"] = {
			cf = cfr(-.191,.09,-.093,.91,.218,-.353,-.194,.976,.102,.366,-.024,.93);
			es = "Linear";
			ed = "In";
		};
		};
	{
		tm = 1.45;
		["Torso"] = {
			cf = cfr(.025,-.002,-.042,.932,.361,.032,-.36,.933,-.031,-.041,.018,.999);
			es = "Linear";
			ed = "In";
		};
		["Head"] = {
			cf = cfr(0,0,0,.978,-.202,.051,.205,.978,-.05,-.039,.059,.997);
			es = "Linear";
			ed = "In";
		};
		["Left Leg"] = {
			cf = cfr(-.035,.086,.071,.993,-.084,.083,.085,.996,-.009,-.082,.016,.997);
			es = "Linear";
			ed = "In";
		};
		["Right Leg"] = {
			cf = cfr(-.2,.086,-.087,.91,.223,-.351,-.198,.974,.105,.365,-.026,.931);
			es = "Linear";
			ed = "In";
		};
		};
	{
		tm = 1.467;
		["Torso"] = {
			cf = cfr(.023,-.002,-.038,.943,.333,.03,-.332,.943,-.028,-.037,.017,.999);
			es = "Linear";
			ed = "In";
		};
		["Head"] = {
			cf = cfr(0,0,0,.981,-.185,.053,.187,.981,-.043,-.045,.052,.998);
			es = "Linear";
			ed = "In";
		};
		["Left Leg"] = {
			cf = cfr(-.033,.081,.067,.993,-.078,.085,.08,.997,-.011,-.084,.018,.996);
			es = "Linear";
			ed = "In";
		};
		["Right Leg"] = {
			cf = cfr(-.209,.082,-.082,.909,.228,-.349,-.202,.973,.108,.364,-.027,.931);
			es = "Linear";
			ed = "In";
		};
		};
	{
		tm = 1.483;
		["Torso"] = {
			cf = cfr(.021,-.002,-.035,.952,.306,.028,-.306,.952,-.025,-.034,.016,.999);
			es = "Linear";
			ed = "In";
		};
		["Head"] = {
			cf = cfr(0,0,0,.984,-.17,.056,.172,.984,-.037,-.049,.046,.998);
			es = "Linear";
			ed = "In";
		};
		["Left Leg"] = {
			cf = cfr(-.031,.076,.063,.993,-.074,.087,.075,.997,-.013,-.086,.02,.996);
			es = "Linear";
			ed = "In";
		};
		["Right Leg"] = {
			cf = cfr(-.217,.079,-.077,.909,.232,-.347,-.206,.972,.11,.363,-.029,.931);
			es = "Linear";
			ed = "In";
		};
		};
	{
		tm = 1.5;
		["Torso"] = {
			cf = cfr(.019,-.001,-.032,.959,.282,.026,-.281,.959,-.023,-.031,.015,.999);
			es = "Linear";
			ed = "In";
		};
		["Head"] = {
			cf = cfr(0,0,0,.986,-.157,.058,.159,.987,-.032,-.052,.041,.998);
			es = "Linear";
			ed = "In";
		};
		["Left Leg"] = {
			cf = cfr(-.029,.071,.059,.994,-.069,.089,.071,.997,-.015,-.088,.021,.996);
			es = "Linear";
			ed = "In";
		};
		["Right Leg"] = {
			cf = cfr(-.224,.076,-.073,.908,.236,-.346,-.209,.971,.113,.362,-.03,.932);
			es = "Linear";
			ed = "In";
		};
		};
	{
		tm = 1.517;
		["Torso"] = {
			cf = cfr(.018,-.001,-.03,.966,.259,.024,-.259,.966,-.021,-.028,.014,.999);
			es = "Linear";
			ed = "In";
		};
		["Head"] = {
			cf = cfr(0,0,0,.987,-.147,.06,.149,.988,-.028,-.055,.037,.998);
			es = "Linear";
			ed = "In";
		};
		["Left Leg"] = {
			cf = cfr(-.027,.067,.055,.994,-.065,.091,.067,.998,-.017,-.089,.023,.996);
			es = "Linear";
			ed = "In";
		};
		["Right Leg"] = {
			cf = cfr(-.231,.073,-.069,.908,.239,-.344,-.212,.97,.115,.362,-.031,.932);
			es = "Linear";
			ed = "In";
		};
		};
	{
		tm = 1.533;
		["Torso"] = {
			cf = cfr(.016,-.001,-.027,.971,.238,.022,-.238,.971,-.019,-.026,.013,1);
			es = "Linear";
			ed = "In";
		};
		["Head"] = {
			cf = cfr(0,0,0,.988,-.139,.061,.141,.99,-.025,-.057,.033,.998);
			es = "Linear";
			ed = "In";
		};
		["Left Leg"] = {
			cf = cfr(-.026,.063,.052,.994,-.061,.092,.063,.998,-.018,-.091,.024,.996);
			es = "Linear";
			ed = "In";
		};
		["Right Leg"] = {
			cf = cfr(-.237,.07,-.065,.907,.243,-.343,-.215,.97,.117,.361,-.032,.932);
			es = "Linear";
			ed = "In";
		};
		};
	{
		tm = 1.55;
		["Torso"] = {
			cf = cfr(.015,-.001,-.025,.975,.22,.02,-.219,.975,-.017,-.024,.012,1);
			es = "Linear";
			ed = "In";
		};
		["Head"] = {
			cf = cfr(0,0,0,.989,-.132,.062,.134,.991,-.022,-.059,.031,.998);
