-- // converted using mech's animoduler
local cfr = CFrame.new

return {{tm=0;["Right Arm"]={cf=cfr(0,0,0,1,0,0,0,1,0,0,0,1);es="Linear";ed="In";};["WeaponHold"]={cf=cfr(0,0,0,1,0,0,0,1,0,0,0,1);es="Linear";ed="In";};};{tm=.078;["Right Arm"]={cf=cfr(0,0,0,.432,-.803,-.41,.902,.385,.197,0,-.455,.891);es="Linear";ed="In";};};{tm=.135;["Right Arm"]={cf=cfr(.469,0,.092,-.772,-.486,-.41,.446,-.873,.197,-.454,-.031,.891);es="Linear";ed="In";};};{tm=.221;["Right Arm"]={cf=cfr(.686,.4,.269,-.624,.514,-.589,-.484,-.845,-.226,-.614,.144,.776);es="Linear";ed="In";};};{tm=.275;["WeaponHold"]={cf=cfr(-.11,-.447,-.062,.99,.127,-.054,-.105,.946,.307,.09,-.299,.95);es="Linear";ed="In";};};{tm=.287;["putback"]="0";["Right Arm"]={cf=cfr(.686,.4,.269,-.317,.672,-.669,-.644,-.671,-.368,-.696,.314,.646);es="Linear";ed="In";};};{tm=.48;["Right Arm"]={cf=cfr(.686,.4,.269,-.141,.729,-.669,-.79,-.49,-.368,-.596,.477,.646);es="Linear";ed="In";};};{tm=.594;["Right Arm"]={cf=cfr(.469,0,.092,-.772,-.486,-.41,.446,-.873,.197,-.454,-.031,.891);es="Linear";ed="In";};};{tm=.701;["Right Arm"]={cf=cfr(0,0,0,.432,-.803,-.41,.902,.385,.197,0,-.455,.891);es="Linear";ed="In";};};}
