-- // converted using mech's animoduler
local cfr = CFrame.new

return {{tm=0;["Torso"]={cf=cfr(-.003,.061,13.738,.984,.178,.006,-.176,.979,-.103,-.024,.1,.995);es="Linear";ed="In";};["Left Leg"]={cf=cfr(-1.022,.159,.148,.727,-.687,0,.687,.727,0,0,0,1);es="Linear";ed="In";};["Right Leg"]={cf=cfr(.355,.119,-.043,.951,.31,0,-.31,.951,0,0,0,1);es="Linear";ed="In";};["Left Arm"]={cf=cfr(-.19,.353,-.337,.516,.856,.028,-.68,.39,.621,.52,-.34,.783);es="Linear";ed="In";};["Right Arm"]={cf=cfr(.051,.179,-.328,.195,-.817,.542,.779,.465,.421,-.596,.34,.728);es="Linear";ed="In";};["Head"]={cf=cfr(0,0,0,1,0,0,0,.836,-.548,0,.548,.836);es="Linear";ed="In";};};{tm=.017;["Torso"]={cf=cfr(-.003,.057,13.78,.984,.178,.009,-.176,.98,-.087,-.024,.084,.996);es="Linear";ed="In";};["Left Leg"]={cf=cfr(-1.026,.197,.148,.727,-.687,0,.687,.727,0,0,0,1);es="Linear";ed="In";};["Right Leg"]={cf=cfr(.378,.138,-.047,.951,.31,0,-.31,.951,0,0,0,1);es="Linear";ed="In";};["Left Arm"]={cf=cfr(-.188,.378,-.338,.443,.896,.041,-.7,.317,.64,.561,-.312,.767);es="Linear";ed="In";};["Right Arm"]={cf=cfr(.049,.205,-.328,.125,-.844,.521,.792,.402,.46,-.598,.355,.719);es="Linear";ed="In";};["Head"]={cf=cfr(0,0,0,1,0,0,0,.836,-.548,0,.548,.836);es="Linear";ed="In";};};{tm=.033;["Torso"]={cf=cfr(-.003,.053,13.82,.984,.178,.011,-.176,.982,-.071,-.024,.068,.997);es="Linear";ed="In";};["Left Leg"]={cf=cfr(-1.03,.233,.149,.727,-.687,0,.687,.727,0,0,0,1);es="Linear";ed="In";};["Right Leg"]={cf=cfr(.399,.155,-.051,.951,.31,0,-.31,.951,0,0,0,1);es="Linear";ed="In";};["Left Arm"]={cf=cfr(-.186,.402,-.339,.371,.927,.055,-.712,.246,.658,.596,-.283,.751);es="Linear";ed="In";};["Right Arm"]={cf=cfr(.046,.23,-.327,.058,-.865,.498,.799,.34,.497,-.599,.369,.711);es="Linear";ed="In";};["Head"]={cf=cfr(0,0,0,1,0,0,0,.836,-.548,0,.548,.836);es="Linear";ed="In";};};{tm=.05;["Torso"]={cf=cfr(-.003,.049,13.855,.984,.177,.014,-.176,.983,-.057,-.024,.054,.998);es="Linear";ed="In";};["Left Leg"]={cf=cfr(-1.033,.266,.149,.727,-.687,0,.687,.727,0,0,0,1);es="Linear";ed="In";};["Right Leg"]={cf=cfr(.418,.171,-.054,.951,.31,0,-.31,.951,0,0,0,1);es="Linear";ed="In";};["Left Arm"]={cf=cfr(-.183,.423,-.339,.304,.95,.069,-.718,.181,.672,.626,-.254,.737);es="Linear";ed="In";};["Right Arm"]={cf=cfr(.044,.252,-.327,-.002,-.88,.475,.801,.283,.528,-.599,.381,.704);es="Linear";ed="In";};["Head"]={cf=cfr(0,0,0,1,0,0,0,.836,-.548,0,.548,.836);es="Linear";ed="In";};};{tm=.067;["Torso"]={cf=cfr(-.003,.046,13.885,.984,.177,.016,-.176,.983,-.046,-.024,.042,.999);es="Linear";ed="In";};["Left Leg"]={cf=cfr(-1.036,.293,.15,.727,-.687,0,.687,.727,0,0,0,1);es="Linear";ed="In";};["Right Leg"]={cf=cfr(.434,.185,-.057,.951,.31,0,-.31,.951,0,0,0,1);es="Linear";ed="In";};["Left Arm"]={cf=cfr(-.182,.441,-.34,.247,.965,.082,-.72,.126,.683,.649,-.228,.726);es="Linear";ed="In";};["Right Arm"]={cf=cfr(.042,.271,-.326,-.052,-.889,.454,.8,.235,.553,-.598,.392,.699);es="Linear";ed="In";};["Head"]={cf=cfr(0,0,0,1,0,0,0,.836,-.548,0,.548,.836);es="Linear";ed="In";};};{tm=.083;["Torso"]={cf=cfr(-.002,.044,13.907,.984,.177,.018,-.176,.984,-.037,-.024,.033,.999);es="Linear";ed="In";};["Left Leg"]={cf=cfr(-1.039,.314,.15,.727,-.687,0,.687,.727,0,0,0,1);es="Linear";ed="In";};["Right Leg"]={cf=cfr(.446,.195,-.059,.951,.31,0,-.31,.951,0,0,0,1);es="Linear";ed="In";};["Left Arm"]={cf=cfr(-.18,.454,-.34,.204,.975,.092,-.718,.085,.69,.665,-.207,.718);es="Linear";ed="In";};["Right Arm"]={cf=cfr(.041,.285,-.326,-.09,-.895,.438,.797,.199,.57,-.597,.4,.695);es="Linear";ed="In";};["Head"]={cf=cfr(0,0,0,1,0,0,0,.836,-.548,0,.548,.836);es="Linear";ed="In";};};{tm=.1;["Torso"]={cf=cfr(-.002,.042,13.921,.984,.177,.019,-.176,.984,-.032,-.024,.028,.999);es="Linear";ed="In";};["Left Leg"]={cf=cfr(-1.04,.327,.15,.727,-.687,0,.687,.727,0,0,0,1);es="Linear";ed="In";};["Right Leg"]={cf=cfr(.453,.201,-.06,.951,.31,0,-.31,.951,0,0,0,1);es="Linear";ed="In";};["Left Arm"]={cf=cfr(-.179,.462,-.34,.177,.979,.099,-.717,.059,.695,.674,-.194,.712);es="Linear";ed="In";};["Right Arm"]={cf=cfr(.04,.294,-.326,-.114,-.897,.427,.795,.176,.581,-.596,.406,.693);es="Linear";ed="In";};["Head"]={cf=cfr(0,0,0,1,0,0,0,.836,-.548,0,.548,.836);es="Linear";ed="In";};};{tm=.117;["Torso"]={cf=cfr(-.002,.042,13.926,.984,.177,.019,-.176,.984,-.03,-.024,.026,.999);es="Linear";ed="In";};["Left Leg"]={cf=cfr(-1.041,.331,.15,.727,-.687,0,.687,.727,0,0,0,1);es="Linear";ed="In";};["Right Leg"]={cf=cfr(.455,.203,-.061,.951,.31,0,-.31,.951,0,0,0,1);es="Linear";ed="In";};["Left Arm"]={cf=cfr(-.179,.465,-.34,.168,.981,.101,-.716,.051,.696,.678,-.189,.711);es="Linear";ed="In";};["Right Arm"]={cf=cfr(.039,.296,-.326,-.122,-.898,.423,.794,.168,.585,-.596,.407,.692);es="Linear";ed="In";};["Head"]={cf=cfr(0,0,0,1,0,0,0,.836,-.548,0,.548,.836);es="Linear";ed="In";};};{tm=.233;["Torso"]={cf=cfr(-.001,.024,14.094,.984,.175,.031,-.176,.984,.036,-.024,-.041,.999);es="Linear";ed="In";};["Left Leg"]={cf=cfr(-1.057,.486,.152,.727,-.687,0,.687,.727,0,0,0,1);es="Linear";ed="In";};["Right Leg"]={cf=cfr(.545,.278,-.077,.951,.31,0,-.31,.951,0,0,0,1);es="Linear";ed="In";};["Left Arm"]={cf=cfr(-.169,.566,-.343,-.087,.977,.194,-.651,-.203,.731,.754,-.063,.654);es="Linear";ed="In";};["Right Arm"]={cf=cfr(.029,.402,-.323,-.395,-.877,.274,.716,-.107,.69,-.576,.469,.67);es="Linear";ed="In";};["Head"]={cf=cfr(0,0,0,1,0,0,0,.836,-.548,0,.548,.836);es="Linear";ed="In";};};{tm=.35;["Torso"]={cf=cfr(-.001,.011,14.225,.984,.173,.04,-.176,.98,.087,-.024,-.093,.995);es="Linear";ed="In";};["Left Leg"]={cf=cfr(-1.071,.606,.154,.727,-.687,0,.687,.727,0,0,0,1);es="Linear";ed="In";};["Right Leg"]={cf=cfr(.615,.337,-.089,.951,.31,0,-.31,.951,0,0,0,1);es="Linear";ed="In";};["Left Arm"]={cf=cfr(-.161,.644,-.344,-.315,.908,.277,-.54,-.411,.734,.781,.081,.619);es="Linear";ed="In";};["Right Arm"]={cf=cfr(.02,.484,-.321,-.529,-.838,.138,.619,-.269,.738,-.581,.476,.66);es="Linear";ed="In";};["Head"]={cf=cfr(0,0,0,1,0,0,0,.836,-.548,0,.548,.836);es="Linear";ed="In";};};{tm=.433;["Torso"]={cf=cfr(0,0,14.068,.985,.168,.044,-.172,.977,.125,-.022,-.131,.991);es="Linear";ed="In";};};{tm=.467;["Left Leg"]={cf=cfr(-1.079,.681,.155,.727,-.687,0,.687,.727,0,0,0,1);es="Linear";ed="In";};["Right Leg"]={cf=cfr(.658,.373,-.097,.951,.31,0,-.31,.951,0,0,0,1);es="Linear";ed="In";};["Left Arm"]={cf=cfr(-.156,.693,-.346,-.417,.847,.33,-.463,-.51,.725,.783,.15,.604);es="Linear";ed="In";};["Right Arm"]={cf=cfr(.015,.535,-.32,-.613,-.789,.05,.543,-.374,.751,-.574,.487,.658);es="Linear";ed="In";};["Head"]={cf=cfr(0,0,0,1,0,0,0,.836,-.548,0,.548,.836);es="Linear";ed="In";};};{tm=.5;["Torso"]={cf=cfr(0,0,13.844,.985,.165,.042,-.169,.978,.123,-.021,-.128,.992);es="Linear";ed="In";};};{tm=.567;["Left Leg"]={cf=cfr(-1.081,.701,.155,.727,-.687,0,.687,.727,0,0,0,1);es="Linear";ed="In";};["Right Leg"]={cf=cfr(.67,.383,-.099,.951,.31,0,-.31,.951,0,0,0,1);es="Linear";ed="In";};["Left Arm"]={cf=cfr(-.155,.706,-.346,-.551,.76,.344,-.363,-.59,.721,.751,.273,.601);es="Linear";ed="In";};["Right Arm"]={cf=cfr(.014,.549,-.32,-.707,-.707,.025,.479,-.452,.753,-.521,.544,.658);es="Linear";ed="In";};["Head"]={cf=cfr(0,0,0,1,0,0,0,.836,-.548,0,.548,.836);es="Linear";ed="In";};};{tm=.583;["Left Leg"]={cf=cfr(-1.081,.702,.155,.727,-.687,0,.687,.727,0,0,0,1);es="Linear";ed="In";};["Right Leg"]={cf=cfr(.67,.383,-.099,.951,.31,0,-.31,.951,0,0,0,1);es="Linear";ed="In";};["Left Arm"]={cf=cfr(-.155,.706,-.346,-.551,.76,.344,-.363,-.59,.721,.751,.272,.601);es="Linear";ed="In";};["Right Arm"]={cf=cfr(.014,.549,-.32,-.707,-.707,.025,.479,-.452,.753,-.521,.544,.658);es="Linear";ed="In";};["Head"]={cf=cfr(0,0,0,1,0,0,0,.836,-.548,0,.548,.836);es="Linear";ed="In";};};{tm=.6;["Torso"]={cf=cfr(0,0,12.371,.989,.144,.028,-.146,.983,.107,-.012,-.11,.994);es="Linear";ed="In";};["Left Leg"]={cf=cfr(-1.081,.703,.155,.727,-.687,0,.687,.727,0,0,0,1);es="Linear";ed="In";};["Right Leg"]={cf=cfr(.666,.381,-.099,.952,.308,0,-.308,.952,.001,0,-.001,1);es="Linear";ed="In";};["Left Arm"]={cf=cfr(-.155,.706,-.346,-.551,.76,.344,-.363,-.59,.721,.751,.272,.601);es="Linear";ed="In";};["Right Arm"]={cf=cfr(.015,.549,-.32,-.707,-.707,.025,.478,-.452,.753,-.521,.544,.658);es="Linear";ed="In";};["Head"]={cf=cfr(0,0,0,1,0,0,0,.836,-.549,0,.549,.836);es="Linear";ed="In";};};{tm=.617;["Left Leg"]={cf=cfr(-1.081,.705,.154,.728,-.686,0,.686,.728,0,0,0,1);es="Linear";ed="In";};["Right Leg"]={cf=cfr(.657,.377,-.099,.953,.302,0,-.302,.953,.002,0,-.002,1);es="Linear";ed="In";};["Left Arm"]={cf=cfr(-.155,.706,-.346,-.55,.761,.344,-.364,-.589,.721,.752,.272,.601);es="Linear";ed="In";};["Right Arm"]={cf=cfr(.016,.548,-.32,-.706,-.708,.023,.477,-.452,.754,-.523,.543,.657);es="Linear";ed="In";};["Head"]={cf=cfr(0,0,0,1,0,0,0,.836,-.549,0,.549,.836);es="Linear";ed="In";};};{tm=.633;["Left Leg"]={cf=cfr(-1.081,.71,.152,.729,-.684,0,.684,.729,0,0,0,1);es="Linear";ed="In";};["Right Leg"]={cf=cfr(.638,.37,-.099,.957,.291,0,-.291,.957,.005,.001,-.005,1);es="Linear";ed="In";};["Left Arm"]={cf=cfr(-.155,.706,-.346,-.549,.762,.344,-.365,-.589,.721,.752,.27,.601);es="Linear";ed="In";};["Right Arm"]={cf=cfr(.019,.546,-.32,-.705,-.709,.02,.476,-.452,.755,-.526,.542,.656);es="Linear";ed="In";};["Head"]={cf=cfr(0,0,0,1,0,0,0,.835,-.55,0,.55,.835);es="Linear";ed="In";};};{tm=.65;["Left Leg"]={cf=cfr(-1.081,.719,.149,.731,-.682,0,.682,.731,0,0,0,1);es="Linear";ed="In";};["Right Leg"]={cf=cfr(.607,.357,-.099,.962,.274,.001,-.274,.962,.009,.002,-.009,1);es="Linear";ed="In";};["Left Arm"]={cf=cfr(-.155,.706,-.346,-.547,.763,.344,-.367,-.588,.721,.753,.268,.601);es="Linear";ed="In";};["Right Arm"]={cf=cfr(.023,.542,-.32,-.703,-.711,.015,.473,-.452,.757,-.531,.539,.654);es="Linear";ed="In";};["Head"]={cf=cfr(0,0,0,1,0,0,0,.834,-.551,0,.551,.834);es="Linear";ed="In";};};{tm=.667;["Left Leg"]={cf=cfr(-1.081,.732,.145,.734,-.679,0,.679,.734,0,0,0,1);es="Linear";ed="In";};["Right Leg"]={cf=cfr(.561,.339,-.099,.969,.247,.001,-.247,.969,.016,.003,-.016,1);es="Linear";ed="In";};["Left Arm"]={cf=cfr(-.155,.706,-.346,-.543,.766,.344,-.369,-.586,.721,.754,.265,.601);es="Linear";ed="In";};["Right Arm"]={cf=cfr(.03,.537,-.32,-.7,-.714,.008,.469,-.451,.759,-.539,.535,.651);es="Linear";ed="In";};["Head"]={cf=cfr(0,0,0,1,0,0,0,.833,-.553,0,.553,.833);es="Linear";ed="In";};};{tm=.683;["Torso"]={cf=cfr(0,0,10.196,.994,.112,.007,-.113,.99,.084,.002,-.085,.996);es="Linear";ed="In";};["Left Leg"]={cf=cfr(-1.081,.75,.139,.739,-.674,0,.674,.739,0,0,0,1);es="Linear";ed="In";};["Right Leg"]={cf=cfr(.497,.313,-.099,.978,.209,.002,-.209,.978,.026,.004,-.025,1);es="Linear";ed="In";};["Left Arm"]={cf=cfr(-.155,.706,-.346,-.539,.769,.344,-.373,-.584,.721,.756,.26,.601);es="Linear";ed="In";};["Right Arm"]={cf=cfr(.039,.529,-.32,-.696,-.718,-.002,.463,-.451,.763,-.549,.53,.646);es="Linear";ed="In";};["Head"]={cf=cfr(0,0,0,1,0,0,0,.831,-.556,0,.556,.831);es="Linear";ed="In";};};{tm=.7;["Left Leg"]={cf=cfr(-1.081,.774,.13,.744,-.668,0,.668,.744,0,0,0,1);es="Linear";ed="In";};["Right Leg"]={cf=cfr(.411,.278,-.099,.987,.159,.001,-.159,.987,.038,.005,-.038,.999);es="Linear";ed="In";};["Left Arm"]={cf=cfr(-.155,.706,-.346,-.532,.773,.344,-.377,-.581,.721,.758,.254,.601);es="Linear";ed="In";};["Right Arm"]={cf=cfr(.052,.52,-.32,-.69,-.723,-.016,.454,-.451,.768,-.563,.523,.64);es="Linear";ed="In";};["Head"]={cf=cfr(0,0,0,1,0,0,0,.829,-.559,0,.559,.829);es="Linear";ed="In";};};{tm=.717;["Left Leg"]={cf=cfr(-1.081,.804,.12,.752,-.659,0,.659,.752,0,0,0,1);es="Linear";ed="In";};["Right Leg"]={cf=cfr(.301,.234,-.099,.996,.093,0,-.093,.994,.054,.005,-.054,.999);es="Linear";ed="In";};["Left Arm"]={cf=cfr(-.155,.706,-.346,-.525,.779,.344,-.383,-.577,.721,.76,.246,.601);es="Linear";ed="In";};["Right Arm"]={cf=cfr(.068,.507,-.32,-.683,-.73,-.033,.444,-.45,.775,-.581,.514,.631);es="Linear";ed="In";};["Head"]={cf=cfr(0,0,0,1,0,0,0,.826,-.564,0,.564,.826);es="Linear";ed="In";};};{tm=.733;["Torso"]={cf=cfr(0,0,5.628,.998,.044,-.033,-.043,.999,.033,.035,-.032,.999);es="Linear";ed="In";};["Left Leg"]={cf=cfr(-1.081,.842,.107,.761,-.649,0,.649,.761,0,0,0,1);es="Linear";ed="In";};["Right Leg"]={cf=cfr(.164,.179,-.099,1,.011,-.003,-.011,.997,.074,.004,-.074,.997);es="Linear";ed="In";};["Left Arm"]={cf=cfr(-.155,.706,-.346,-.514,.785,.344,-.391,-.572,.721,.763,.237,.601);es="Linear";ed="In";};["Right Arm"]={cf=cfr(.088,.491,-.32,-.672,-.738,-.054,.431,-.45,.782,-.602,.503,.62);es="Linear";ed="In";};["Head"]={cf=cfr(0,0,0,1,0,0,0,.822,-.57,0,.57,.822);es="Linear";ed="In";};};{tm=.75;["Torso"]={cf=cfr(0,0,2.749,.998,0,-.057,0,1,0,.057,0,.998);es="Linear";ed="In";};["Left Leg"]={cf=cfr(-1.081,.889,.09,.772,-.636,0,.636,.772,0,0,0,1);es="Linear";ed="In";};["Right Leg"]={cf=cfr(-.004,.111,-.099,.996,-.089,-.009,.089,.991,.098,0,-.099,.995);es="Linear";ed="In";};["Left Arm"]={cf=cfr(-.155,.706,-.346,-.502,.793,.344,-.399,-.566,.721,.767,.225,.601);es="Linear";ed="In";};["Right Arm"]={cf=cfr(.113,.472,-.32,-.659,-.748,-.08,.414,-.45,.791,-.628,.488,.606);es="Linear";ed="In";};["Head"]={cf=cfr(0,0,0,1,0,0,0,.817,-.577,0,.577,.817);es="Linear";ed="In";};};{tm=.767;["Left Leg"]={cf=cfr(-1.081,.945,.071,.784,-.62,0,.62,.784,0,0,0,1);es="Linear";ed="In";};["Left Arm"]={cf=cfr(-.155,.706,-.346,-.487,.803,.344,-.41,-.558,.721,.771,.21,.601);es="Linear";ed="In";};["Right Arm"]={cf=cfr(.143,.449,-.32,-.642,-.759,-.111,.394,-.45,.801,-.658,.471,.588);es="Linear";ed="In";};["Head"]={cf=cfr(0,0,0,1,0,0,0,.811,-.585,0,.585,.811);es="Linear";ed="In";};};{tm=.783;["Torso"]={cf=cfr(0,0,-.365,.999,0,-.051,0,1,0,.051,0,.999);es="Linear";ed="In";};["Left Leg"]={cf=cfr(-1.081,1.011,.048,.799,-.601,0,.601,.799,0,0,0,1);es="Linear";ed="In";};["Right Leg"]={cf=cfr(.002,-.048,-.015,.95,.311,.007,-.31,.946,.09,.021,-.088,.996);es="Linear";ed="In";};["Left Arm"]={cf=cfr(-.155,.706,-.346,-.469,.813,.344,-.422,-.549,.721,.776,.193,.601);es="Linear";ed="In";};["Right Arm"]={cf=cfr(.177,.422,-.32,-.62,-.771,-.146,.37,-.451,.812,-.692,.45,.565);es="Linear";ed="In";};["Head"]={cf=cfr(0,0,0,1,0,0,0,.804,-.595,0,.595,.804);es="Linear";ed="In";};["Grounded"]="";};{tm=.833;["Torso"]={cf=cfr(0,-.437,-1.101,.999,-.023,-.046,0,.896,-.443,.051,.443,.895);es="Linear";ed="In";};["Left Leg"]={cf=cfr(-.548,1.45,0,.827,.563,0,-.563,.827,0,0,0,1);es="Linear";ed="In";};["Right Leg"]={cf=cfr(.371,.547,-.041,.954,.299,.007,-.299,.95,.09,.02,-.088,.996);es="Linear";ed="In";};["Left Arm"]={cf=cfr(-.44,-.046,.04,.656,.672,.344,-.643,.258,.721,.396,-.694,.601);es="Linear";ed="In";};["Right Arm"]={cf=cfr(.457,0,.312,.73,-.676,-.1,.176,.045,.983,-.66,-.735,.152);es="Linear";ed="In";};};{tm=.883;["Left Leg"]={cf=cfr(-.683,1.241,.05,.72,.694,0,-.694,.72,0,0,0,1);es="Linear";ed="In";};["Right Leg"]={cf=cfr(.355,.393,-.016,.866,.458,-.201,-.423,.885,.194,.267,-.083,.96);es="Linear";ed="In";};["Left Arm"]={cf=cfr(.117,-.074,.056,.954,-.282,.104,.024,.418,.908,-.299,-.864,.405);es="Linear";ed="In";};["Right Arm"]={cf=cfr(-.328,-.067,.291,.938,.289,.192,-.198,-.011,.98,.285,-.957,.047);es="Linear";ed="In";};};{tm=.933;["Torso"]={cf=cfr(0,-.506,-1.303,.999,-.033,-.039,0,.764,-.646,.051,.645,.763);es="Linear";ed="In";};["Left Leg"]={cf=cfr(-.69,1.421,.053,.671,.742,0,-.742,.671,0,0,0,1);es="Linear";ed="In";};["Right Leg"]={cf=cfr(.365,.415,-.022,.897,.387,-.215,-.358,.92,.161,.26,-.067,.963);es="Linear";ed="In";};["Left Arm"]={cf=cfr(.332,-.049,.063,.808,-.586,-.063,.268,.27,.925,-.525,-.764,.375);es="Linear";ed="In";};["Right Arm"]={cf=cfr(-.568,-.081,.26,.757,.59,.283,-.271,-.111,.956,.595,-.8,.076);es="Linear";ed="In";};};{tm=1.033;["Torso"]={cf=cfr(0,-.547,-1.412,.999,-.038,-.034,0,.669,-.743,.051,.742,.669);es="Linear";ed="In";};["Left Leg"]={cf=cfr(-.614,1.661,.057,.629,.778,0,-.778,.629,0,0,0,1);es="Linear";ed="In";};["Right Leg"]={cf=cfr(.402,.503,-.028,.931,.293,-.219,-.268,.953,.139,.249,-.071,.966);es="Linear";ed="In";};["Left Arm"]={cf=cfr(.586,.002,.073,.52,-.809,-.273,.467,.002,.884,-.715,-.588,.379);es="Linear";ed="In";};["Right Arm"]={cf=cfr(-.812,-.091,.21,.447,.821,.355,-.294,-.24,.925,.845,-.518,.134);es="Linear";ed="In";};["Head"]={cf=cfr(0,0,0,1,0,0,0,.646,-.763,0,.763,.646);es="Linear";ed="In";};};{tm=1.083;["Left Arm"]={cf=cfr(.649,.046,.077,.469,-.814,-.343,.496,-.079,.865,-.731,-.575,.367);es="Linear";ed="In";};["Right Arm"]={cf=cfr(-.818,-.083,.179,.4,.845,.355,-.28,-.256,.925,.872,-.47,.134);es="Linear";ed="In";};};{tm=1.117;["Torso"]={cf=cfr(0,-.557,-1.427,.999,-.039,-.034,0,.652,-.758,.051,.757,.651);es="Linear";ed="In";};["Left Leg"]={cf=cfr(-.652,1.718,.057,.649,.761,0,-.761,.649,0,0,0,1);es="Linear";ed="In";};["Right Leg"]={cf=cfr(.402,.503,-.028,.935,.278,-.219,-.252,.958,.139,.248,-.075,.966);es="Linear";ed="In";};};{tm=1.167;["Right Leg"]={cf=cfr(.402,.503,-.028,.943,.247,-.221,-.223,.966,.128,.245,-.072,.967);es="Linear";ed="In";};["Left Arm"]={cf=cfr(.68,.067,.079,.442,-.814,-.377,.509,-.119,.853,-.739,-.569,.362);es="Linear";ed="In";};["Right Arm"]={cf=cfr(-.821,-.079,.163,.377,.856,.355,-.273,-.263,.925,.885,-.446,.134);es="Linear";ed="In";};["Head"]={cf=cfr(0,0,0,1,0,0,0,.58,-.815,0,.815,.58);es="Linear";ed="In";};};{tm=1.267;["Torso"]={cf=cfr(0,-.537,-1.413,.999,-.04,-.032,0,.625,-.781,.051,.78,.624);es="Linear";ed="In";};["Left Leg"]={cf=cfr(-.704,1.779,.057,.651,.759,0,-.759,.651,0,0,0,1);es="Linear";ed="In";};["Right Leg"]={cf=cfr(.402,.503,-.028,.954,.202,-.222,-.178,.976,.124,.242,-.078,.967);es="Linear";ed="In";};["Left Arm"]={cf=cfr(.606,.021,.074,.382,-.836,-.394,.506,-.167,.846,-.773,-.523,.359);es="Linear";ed="In";};["Right Arm"]={cf=cfr(-.733,-.135,.161,.316,.88,.355,-.254,-.282,.925,.914,-.383,.134);es="Linear";ed="In";};};{tm=1.367;["Torso"]={cf=cfr(0,-.496,-1.376,.999,-.041,-.03,0,.593,-.805,.051,.804,.592);es="Linear";ed="In";};["Left Leg"]={cf=cfr(-.704,1.779,.057,.589,.808,0,-.808,.589,0,0,0,1);es="Linear";ed="In";};["Right Leg"]={cf=cfr(.408,.554,-.032,.967,.124,-.223,-.102,.989,.108,.233,-.082,.969);es="Linear";ed="In";};["Left Arm"]={cf=cfr(.474,-.064,.073,.51,-.759,-.404,.532,-.09,.842,-.676,-.645,.358);es="Linear";ed="In";};["Right Arm"]={cf=cfr(-.508,-.279,.17,.561,.748,.355,-.325,-.195,.925,.761,-.634,.134);es="Linear";ed="In";};};{tm=1.45;["Torso"]={cf=cfr(0,-.415,-1.298,.999,-.043,-.029,0,.556,-.831,.051,.83,.555);es="Linear";ed="In";};["Left Leg"]={cf=cfr(-.704,1.779,.057,.517,.856,0,-.856,.517,0,0,0,1);es="Linear";ed="In";};["Right Leg"]={cf=cfr(.402,.559,-.032,.976,-.006,-.219,.026,.996,.087,.217,-.091,.972);es="Linear";ed="In";};["Left Arm"]={cf=cfr(.328,-.158,.076,.735,-.545,-.404,.532,.092,.842,-.421,-.833,.358);es="Linear";ed="In";};["Right Arm"]={cf=cfr(-.22,-.464,.187,.875,.331,.355,-.379,.01,.925,.302,-.944,.134);es="Linear";ed="In";};["Head"]={cf=cfr(0,0,0,1,0,0,0,.549,-.836,0,.836,.549);es="Linear";ed="In";};};{tm=1.517;["Torso"]={cf=cfr(0,-.346,-1.16,.999,-.042,-.03,.001,.599,-.801,.052,.8,.598);es="Linear";ed="In";};["Left Leg"]={cf=cfr(-.76,1.743,.057,.548,.836,0,-.836,.548,0,0,0,1);es="Linear";ed="In";};["Right Leg"]={cf=cfr(.399,.533,-.028,.976,.002,-.219,.016,.997,.081,.219,-.082,.972);es="Linear";ed="In";};["Left Arm"]={cf=cfr(.118,-.277,.079,.925,-.187,-.331,.374,.303,.876,-.064,-.935,.35);es="Linear";ed="In";};["Right Arm"]={cf=cfr(.006,-.544,.192,.934,-.115,.337,-.315,.176,.933,-.167,-.978,.128);es="Linear";ed="In";};["Head"]={cf=cfr(0,0,0,1,0,0,0,.664,-.747,0,.747,.664);es="Linear";ed="In";};};{tm=1.583;["Left Arm"]={cf=cfr(-.185,-.439,.084,.952,.248,-.178,.057,.429,.902,.299,-.869,.394);es="Linear";ed="In";};["Right Arm"]={cf=cfr(.23,-.557,.186,.857,-.421,.299,-.206,.253,.945,-.473,-.871,.13);es="Linear";ed="In";};["Head"]={cf=cfr(0,0,0,1,0,0,0,.618,-.786,0,.786,.618);es="Linear";ed="In";};};{tm=1.65;["Torso"]={cf=cfr(0,-.216,-.576,.999,-.037,-.036,.006,.776,-.63,.051,.629,.776);es="Linear";ed="In";};["Left Leg"]={cf=cfr(-1.02,.92,.057,.57,.822,0,-.822,.57,0,0,0,1);es="Linear";ed="In";};["Right Leg"]={cf=cfr(.391,.089,.016,.975,.017,-.22,-.002,.998,.067,.221,-.065,.973);es="Linear";ed="In";};["Left Arm"]={cf=cfr(-.327,-.376,-.089,.738,.635,-.23,-.193,.524,.83,.647,-.568,.509);es="Linear";ed="In";};["Right Arm"]={cf=cfr(.598,-.343,-.225,.647,-.758,.086,.359,.402,.842,-.673,-.514,.532);es="Linear";ed="In";};["Head"]={cf=cfr(0,0,0,1,0,0,0,.946,-.323,0,.323,.946);es="Linear";ed="In";};};{tm=1.717;["Torso"]={cf=cfr(0,-.181,-.367,.999,-.034,-.039,.017,.927,-.376,.049,.374,.926);es="Linear";ed="In";};["Left Leg"]={cf=cfr(-.754,.638,.057,.951,.31,-.009,-.31,.95,-.029,0,.03,1);es="Linear";ed="In";};["Right Leg"]={cf=cfr(-.069,-.045,-.065,.963,.168,-.21,-.141,.981,.136,.229,-.101,.968);es="Linear";ed="In";};["Left Arm"]={cf=cfr(-.361,-.368,-.117,.562,.789,-.247,-.359,.502,.787,.745,-.354,.566);es="Linear";ed="In";};["Right Arm"]={cf=cfr(.468,-.302,-.096,.129,-.828,.546,.555,.516,.652,-.822,.219,.526);es="Linear";ed="In";};["Head"]={cf=cfr(0,0,0,1,0,0,0,.993,-.118,0,.118,.993);es="Linear";ed="In";};};{tm=1.783;["Torso"]={cf=cfr(0,-.051,-.202,.999,-.029,-.043,.021,.986,-.163,.047,.162,.986);es="Linear";ed="In";};["Left Leg"]={cf=cfr(-.438,.336,.057,1,.021,-.002,-.021,.996,-.082,0,.082,.997);es="Linear";ed="In";};["Right Leg"]={cf=cfr(-.134,-.095,-.073,.912,.37,-.178,-.335,.921,.201,.238,-.123,.963);es="Linear";ed="In";};["Left Arm"]={cf=cfr(-.339,-.354,-.1,.492,.825,-.276,-.468,.519,.715,.734,-.223,.642);es="Linear";ed="In";};["Right Arm"]={cf=cfr(.377,-.276,-.162,.369,-.81,.456,.649,.575,.498,-.666,.112,.738);es="Linear";ed="In";};["Head"]={cf=cfr(0,0,0,1,0,0,0,1,.021,0,-.021,1);es="Linear";ed="In";};};{tm=1.85;["Torso"]={cf=cfr(0,.173,-.081,.999,-.021,-.047,.02,1,-.018,.047,.017,.999);es="Linear";ed="In";};["Left Leg"]={cf=cfr(-.071,.014,.057,.997,.081,-.008,-.082,.992,-.092,0,.093,.996);es="Linear";ed="In";};["Right Leg"]={cf=cfr(-.161,-.11,-.061,.915,.365,-.172,-.326,.92,.216,.237,-.142,.961);es="Linear";ed="In";};["Head"]={cf=cfr(0,0,0,1,0,0,0,.996,.088,0,-.088,.996);es="Linear";ed="In";};};{tm=1.917;["Torso"]={cf=cfr(0,.147,-.026,.999,-.012,-.032,.013,.999,.052,.031,-.052,.998);es="Linear";ed="In";};["Left Leg"]={cf=cfr(-.049,.009,.04,.999,-.04,.002,.04,.998,-.058,0,.058,.998);es="Linear";ed="In";};["Right Leg"]={cf=cfr(-.054,.165,-.097,.943,.277,-.186,-.262,.96,.102,.207,-.047,.977);es="Linear";ed="In";};["Left Arm"]={cf=cfr(-.186,-.311,.022,.616,.725,-.307,-.552,.676,.489,.562,-.132,.817);es="Linear";ed="In";};["Right Arm"]={cf=cfr(.253,-.222,.011,.512,-.843,.163,.771,.535,.345,-.378,-.051,.924);es="Linear";ed="In";};["Head"]={cf=cfr(0,0,0,1,0,0,0,.999,.045,0,-.045,.999);es="Linear";ed="In";};};{tm=2.033;["Torso"]={cf=cfr(0,.066,.001,1,-.006,-.016,.007,1,.008,.016,-.009,1);es="Linear";ed="In";};["Left Leg"]={cf=cfr(-.022,.004,.018,1,-.005,0,.005,.999,-.041,0,.041,.999);es="Linear";ed="In";};["Right Leg"]={cf=cfr(-.043,.009,-.04,.997,-.01,-.082,.015,.998,.067,.081,-.068,.994);es="Linear";ed="In";};["Left Arm"]={cf=cfr(-.096,-.2,.037,.892,.377,-.248,-.313,.913,.261,.325,-.155,.933);es="Linear";ed="In";};["Right Arm"]={cf=cfr(.146,-.139,.014,.923,-.353,.15,.323,.926,.194,-.207,-.131,.969);es="Linear";ed="In";};["Head"]={cf=cfr(0,0,0,1,0,0,0,1,.015,0,-.015,1);es="Linear";ed="In";};};{tm=2.1;["Torso"]={cf=cfr(0,0,0,1,0,0,0,1,0,0,0,1);es="Linear";ed="In";};["Left Leg"]={cf=cfr(0,0,0,1,0,0,0,1,0,0,0,1);es="Linear";ed="In";};["Right Leg"]={cf=cfr(0,0,0,1,0,0,0,1,0,0,0,1);es="Linear";ed="In";};["Left Arm"]={cf=cfr(0,0,0,1,0,0,0,1,0,0,0,1);es="Linear";ed="In";};["Right Arm"]={cf=cfr(0,0,0,1,0,0,0,1,0,0,0,1);es="Linear";ed="In";};["Head"]={cf=cfr(0,0,0,1,0,0,0,1,0,0,0,1);es="Linear";ed="In";};};}
