-- // converted using mech's animoduler
local cfr = CFrame.new

return {{tm=0;["Torso"]={cf=cfr(0,0,0,1,0,0,0,1,0,0,0,1);es="Linear";ed="In";};["Left Leg"]={cf=cfr(0,0,0,1,0,0,0,1,0,0,0,1);es="Linear";ed="In";};["Right Arm"]={cf=cfr(0,0,0,1,0,0,0,1,0,0,0,1);es="Linear";ed="In";};["WeaponHold"]={cf=cfr(0,0,0,-1,-.021,0,.021,-1,0,0,0,1);es="Linear";ed="In";};["Head"]={cf=cfr(0,0,0,1,0,0,0,1,0,0,0,1);es="Linear";ed="In";};["Right Leg"]={cf=cfr(0,0,0,1,0,0,0,1,0,0,0,1);es="Linear";ed="In";};["Left Arm"]={cf=cfr(0,0,0,1,0,0,0,1,0,0,0,1);es="Linear";ed="In";};};{tm=.152;["Torso"]={cf=cfr(0,0,-.75,.99,-.079,-.119,.024,.915,-.403,.14,.396,.907);es="Linear";ed="In";};["Left Leg"]={cf=cfr(-.813,.101,.241,.726,-.678,.116,.688,.715,-.123,0,.169,.986);es="Linear";ed="In";};["Head"]={cf=cfr(0,0,0,.993,.027,.117,-.053,.972,.231,-.107,-.235,.966);es="Linear";ed="In";};["Right Leg"]={cf=cfr(.356,.852,-.087,1,.012,.005,-.013,.939,.345,0,-.345,.939);es="Linear";ed="In";};["Left Arm"]={cf=cfr(.358,-.237,-.007,.614,.609,-.502,-.365,.783,.504,.7,-.126,.703);es="Linear";ed="In";};};{tm=.217;["Torso"]={cf=cfr(0,0,-1.086,.959,.279,-.045,-.252,.773,-.582,-.127,.57,.812);es="Linear";ed="In";};["Left Leg"]={cf=cfr(-1.056,.132,.313,.503,-.854,.131,.864,.497,-.076,0,.152,.988);es="Linear";ed="In";};["Right Arm"]={cf=cfr(.514,-.112,-.182,.499,-.444,.744,.27,.896,.353,-.824,.025,.567);es="Linear";ed="In";};["Left Arm"]={cf=cfr(.086,-.475,-.149,.729,.583,-.359,-.255,.718,.647,.635,-.381,.673);es="Linear";ed="In";};};{tm=.25;["touch"]="0";};{tm=.266;["Torso"]={cf=cfr(0,-.053,-1.343,.856,.511,.077,-.29,.599,-.746,-.427,.617,.661);es="Linear";ed="In";};["Left Leg"]={cf=cfr(-.795,.548,.58,.581,-.632,.513,.653,.738,.168,-.485,.237,.842);es="Linear";ed="In";};["Head"]={cf=cfr(0,0,0,.864,-.452,.223,.479,.874,-.085,-.156,.18,.971);es="Linear";ed="In";};["Right Leg"]={cf=cfr(.709,.758,-.121,.941,-.278,.194,.269,.96,.074,-.207,-.017,.978);es="Linear";ed="In";};["Left Arm"]={cf=cfr(-.323,-.124,.034,.676,.716,-.173,-.424,.57,.704,.603,-.403,.689);es="Linear";ed="In";};};{tm=.348;["Torso"]={cf=cfr(0,.009,-1.312,.8,.594,.09,-.27,.49,-.829,-.536,.639,.552);es="Linear";ed="In";};["Left Leg"]={cf=cfr(-.577,.895,.802,.59,-.368,.719,.425,.898,.111,-.686,.24,.687);es="Linear";ed="In";};["Right Arm"]={cf=cfr(.56,-.096,-.42,-.135,-.715,.686,.605,.489,.629,-.785,.5,.367);es="Linear";ed="In";};["Right Leg"]={cf=cfr(.889,.773,-.141,.881,-.351,.318,.383,.923,-.041,-.279,.157,.947);es="Linear";ed="In";};["Left Arm"]={cf=cfr(-.093,.262,.23,.672,.725,-.15,-.508,.599,.62,.539,-.34,.77);es="Linear";ed="In";};};{tm=.451;["Torso"]={cf=cfr(0,.029,-1.295,.832,.552,.052,-.302,.53,-.792,-.465,.644,.608);es="Linear";ed="In";};["Left Leg"]={cf=cfr(-.544,.796,.771,.582,-.347,.735,.446,.892,.068,-.68,.288,.674);es="Linear";ed="In";};["Head"]={cf=cfr(0,0,0,.869,-.412,.274,.49,.796,-.356,-.071,.444,.893);es="Linear";ed="In";};["Right Leg"]={cf=cfr(.871,.835,-.143,.901,-.326,.286,.328,.944,.042,-.283,.056,.957);es="Linear";ed="In";};};{tm=.516;["Torso"]={cf=cfr(0,.041,-1.296,.857,.514,.036,-.303,.561,-.77,-.416,.649,.637);es="Linear";ed="In";};["Left Leg"]={cf=cfr(-.522,.741,.752,.577,-.334,.745,.459,.888,.043,-.675,.317,.666);es="Linear";ed="In";};["Head"]={cf=cfr(0,0,0,.875,-.405,.265,.482,.783,-.394,-.048,.472,.88);es="Linear";ed="In";};["Right Leg"]={cf=cfr(.862,.871,-.145,.916,-.298,.268,.283,.955,.094,-.283,-.011,.959);es="Linear";ed="In";};};{tm=.565;["Torso"]={cf=cfr(0,.048,-1.307,.879,.476,.033,-.289,.587,-.756,-.379,.655,.653);es="Linear";ed="In";};["Left Leg"]={cf=cfr(-.506,.708,.739,.574,-.326,.751,.467,.884,.026,-.672,.336,.66);es="Linear";ed="In";};["Right Arm"]={cf=cfr(.495,-.24,-.21,.134,-.77,.624,.478,.602,.64,-.868,.213,.449);es="Linear";ed="In";};["Right Leg"]={cf=cfr(.856,.893,-.148,.928,-.27,.256,.243,.961,.131,-.282,-.059,.958);es="Linear";ed="In";};["Left Arm"]={cf=cfr(-.39,-.022,.116,.626,.765,-.15,-.543,.566,.62,.559,-.307,.77);es="Linear";ed="In";};};{tm=.635;["Torso"]={cf=cfr(0,.049,-1.32,.893,.449,.024,-.286,.608,-.74,-.347,.654,.672);es="Linear";ed="In";};["Left Leg"]={cf=cfr(-.487,.674,.725,.566,-.332,.755,.489,.872,.017,-.664,.359,.656);es="Linear";ed="In";};["Right Arm"]={cf=cfr(.497,-.272,-.205,.189,-.761,.621,.457,.627,.63,-.869,.165,.467);es="Linear";ed="In";};["Right Leg"]={cf=cfr(.852,.915,-.151,.939,-.238,.248,.202,.966,.161,-.278,-.101,.955);es="Linear";ed="In";};["Left Arm"]={cf=cfr(-.44,-.071,.1,.635,.756,-.161,-.537,.582,.611,.555,-.302,.775);es="Linear";ed="In";};};{tm=.701;["Torso"]={cf=cfr(0,.043,-1.332,.894,.448,.014,-.299,.619,-.726,-.334,.645,.687);es="Linear";ed="In";};["Left Leg"]={cf=cfr(-.472,.65,.715,.553,-.355,.754,.52,.854,.02,-.651,.381,.657);es="Linear";ed="In";};["Right Arm"]={cf=cfr(.519,-.292,-.259,.215,-.741,.636,.459,.651,.604,-.862,.162,.48);es="Linear";ed="In";};["Head"]={cf=cfr(0,0,0,.897,-.409,.169,.442,.831,-.337,-.002,.377,.926);es="Linear";ed="In";};["Right Leg"]={cf=cfr(.849,.93,-.155,.946,-.213,.246,.174,.97,.171,-.275,-.119,.954);es="Linear";ed="In";};["Left Arm"]={cf=cfr(-.45,-.08,.104,.666,.723,-.182,-.513,.621,.593,.542,-.301,.785);es="Linear";ed="In";};};{tm=.766;["Torso"]={cf=cfr(0,.029,-1.343,.892,.453,.014,-.306,.623,-.72,-.334,.637,.694);es="Linear";ed="In";};["Left Leg"]={cf=cfr(-.462,.639,.71,.545,-.373,.751,.538,.843,.029,-.643,.388,.66);es="Linear";ed="In";};["Right Arm"]={cf=cfr(.528,-.296,-.291,.211,-.734,.645,.485,.652,.583,-.848,.19,.494);es="Linear";ed="In";};["Head"]={cf=cfr(0,0,0,.904,-.4,.151,.427,.839,-.336,.008,.368,.93);es="Linear";ed="In";};["Right Leg"]={cf=cfr(.851,.928,-.157,.95,-.194,.246,.154,.973,.171,-.272,-.125,.954);es="Linear";ed="In";};["Left Arm"]={cf=cfr(-.444,-.073,.101,.689,.699,-.188,-.492,.643,.586,.531,-.311,.788);es="Linear";ed="In";};};{tm=.848;["Torso"]={cf=cfr(0,.002,-1.354,.885,.465,.028,-.305,.622,-.721,-.353,.629,.693);es="Linear";ed="In";};["Left Leg"]={cf=cfr(-.457,.641,.711,.542,-.391,.743,.542,.839,.046,-.642,.378,.667);es="Linear";ed="In";};["Right Arm"]={cf=cfr(.522,-.281,-.304,.17,-.738,.653,.548,.621,.56,-.819,.262,.51);es="Linear";ed="In";};["Head"]={cf=cfr(0,0,0,.914,-.379,.148,.407,.84,-.36,.012,.389,.921);es="Linear";ed="In";};["Right Leg"]={cf=cfr(.857,.907,-.156,.952,-.179,.249,.142,.977,.158,-.271,-.115,.956);es="Linear";ed="In";};["Left Arm"]={cf=cfr(-.415,-.045,.085,.71,.681,-.18,-.474,.65,.594,.521,-.337,.784);es="Linear";ed="In";};};{tm=.918;["Torso"]={cf=cfr(0,-.009,-1.367,.879,.475,.03,-.309,.618,-.723,-.362,.626,.691);es="Linear";ed="In";};["Left Leg"]={cf=cfr(-.453,.643,.712,.54,-.398,.742,.546,.836,.051,-.64,.378,.669);es="Linear";ed="In";};["Right Arm"]={cf=cfr(.506,-.261,-.31,.168,-.733,.659,.569,.618,.542,-.805,.284,.521);es="Linear";ed="In";};["Head"]={cf=cfr(0,0,0,.921,-.362,.145,.39,.841,-.376,.015,.403,.915);es="Linear";ed="In";};["Right Leg"]={cf=cfr(.861,.895,-.156,.953,-.172,.25,.136,.979,.153,-.271,-.111,.956);es="Linear";ed="In";};["Left Arm"]={cf=cfr(-.4,-.028,.076,.723,.668,-.176,-.461,.656,.597,.514,-.351,.782);es="Linear";ed="In";};};{tm=1.065;["Head"]={cf=cfr(0,0,0,.936,-.327,.132,.352,.844,-.406,.022,.426,.904);es="Linear";ed="In";};};{tm=1.098;["Torso"]={cf=cfr(0,-.009,-1.413,.866,.5,.012,-.334,.596,-.73,-.372,.628,.683);es="Linear";ed="In";};["Left Leg"]={cf=cfr(-.442,.647,.716,.534,-.394,.748,.556,.83,.04,-.636,.395,.663);es="Linear";ed="In";};["Right Arm"]={cf=cfr(.431,-.179,-.313,.247,-.696,.674,.555,.672,.491,-.794,.252,.553);es="Linear";ed="In";};["Right Leg"]={cf=cfr(.87,.874,-.159,.954,-.167,.25,.131,.979,.154,-.271,-.114,.956);es="Linear";ed="In";};["Left Arm"]={cf=cfr(-.376,.002,.059,.752,.636,-.174,-.432,.674,.599,.499,-.375,.781);es="Linear";ed="In";};};{tm=1.115;["head"]="0";};{tm=1.135;["Head"]={cf=cfr(0,0,0,.935,-.334,.118,.353,.852,-.387,.028,.404,.914);es="Linear";ed="In";};};{tm=1.201;["Head"]={cf=cfr(0,0,0,.937,-.311,.161,.346,.746,-.569,.057,.588,.807);es="Linear";ed="In";};};{tm=1.217;["Torso"]={cf=cfr(-.055,-.009,-1.467,.879,.475,-.044,-.313,.505,-.804,-.36,.721,.592);es="Linear";ed="In";};["Left Leg"]={cf=cfr(-.492,.731,.752,.551,-.322,.77,.511,.859,-.006,-.66,.397,.638);es="Linear";ed="In";};["Right Leg"]={cf=cfr(.993,1.072,-.223,.958,-.149,.246,.105,.977,.184,-.268,-.15,.952);es="Linear";ed="In";};["Left Arm"]={cf=cfr(-.195,-.013,.103,.617,.782,-.092,-.539,.505,.674,.574,-.366,.733);es="Linear";ed="In";};};{tm=1.266;["Head"]={cf=cfr(0,0,0,.95,-.23,.212,.31,.601,-.736,.042,.765,.642);es="Linear";ed="In";};};{tm=1.315;["Torso"]={cf=cfr(-.088,-.009,-1.499,.886,.459,-.071,-.299,.447,-.843,-.355,.768,.533);es="Linear";ed="In";};["Left Leg"]={cf=cfr(-.522,.79,.778,.557,-.285,.78,.492,.87,-.033,-.669,.402,.625);es="Linear";ed="In";};["Right Leg"]={cf=cfr(1.034,1.206,-.257,.953,-.182,.243,.134,.97,.201,-.273,-.159,.949);es="Linear";ed="In";};["Left Arm"]={cf=cfr(-.091,-.02,.123,.53,.847,-.044,-.583,.402,.706,.615,-.348,.707);es="Linear";ed="In";};};{tm=1.332;["WeaponHold"]={cf=cfr(0,0,0,-1,-.021,0,.021,-1,0,0,0,1);es="Linear";ed="In";};};{tm=1.418;["Torso"]={cf=cfr(-.104,-.009,-1.517,.889,.451,-.08,-.288,.416,-.863,-.356,.79,.499);es="Linear";ed="In";};["Left Leg"]={cf=cfr(-.537,.838,.801,.557,-.273,.784,.492,.87,-.046,-.669,.411,.619);es="Linear";ed="In";};["Right Arm"]={cf=cfr(.387,-.145,-.364,.279,-.802,.527,.615,.571,.543,-.737,.173,.653);es="Linear";ed="In";};["Head"]={cf=cfr(0,0,0,.957,-.104,.27,.268,.668,-.694,-.108,.737,.667);es="Linear";ed="In";};["Right Leg"]={cf=cfr(1.012,1.303,-.27,.934,-.264,.241,.215,.954,.21,-.285,-.144,.948);es="Linear";ed="In";};["Left Arm"]={cf=cfr(-.038,-.02,.124,.487,.873,-.028,-.6,.357,.716,.635,-.332,.698);es="Linear";ed="In";};};{tm=1.516;["Torso"]={cf=cfr(0,-.025,-1.385,.961,.276,.006,-.162,.581,-.798,-.224,.766,.603);es="Linear";ed="In";};["Left Leg"]={cf=cfr(-.447,.855,.688,.557,-.273,.784,.492,.87,-.046,-.669,.411,.619);es="Linear";ed="In";};["Right Arm"]={cf=cfr(.37,-.133,-.383,.247,-.937,.248,.661,.35,.664,-.708,0,.706);es="Linear";ed="In";};["Head"]={cf=cfr(0,0,0,.918,-.166,.36,.396,.426,-.813,-.018,.889,.457);es="Linear";ed="In";};["Right Leg"]={cf=cfr(1.021,1.131,-.234,.969,-.056,.24,-.001,.973,.23,-.246,-.223,.943);es="Linear";ed="In";};["Left Arm"]={cf=cfr(-.418,-.025,.094,.403,.864,-.301,-.655,.502,.565,.639,-.031,.769);es="Linear";ed="In";};["up"]="0";};{tm=1.549;["WeaponHold"]={cf=cfr(0,0,0,-.907,-.422,0,.422,-.907,0,0,0,1);es="Linear";ed="In";};};{tm=1.582;["Torso"]={cf=cfr(.259,-.058,-1.18,.983,-.075,.166,.175,.64,-.748,-.051,.764,.643);es="Linear";ed="In";};["Left Leg"]={cf=cfr(.044,1.118,.341,.526,.329,.785,-.18,.944,-.275,-.831,.003,.556);es="Linear";ed="In";};["Right Arm"]={cf=cfr(.37,-.133,-.383,-.656,-.754,-.018,.179,-.18,.967,-.733,.632,.253);es="Linear";ed="In";};};{tm=1.635;["Torso"]={cf=cfr(.474,.074,-.779,.95,-.265,.168,.312,.736,-.601,.035,.623,.782);es="Linear";ed="In";};["Left Leg"]={cf=cfr(-.013,.268,.13,.314,.622,.717,-.541,.738,-.403,-.78,-.261,.568);es="Linear";ed="In";};["Right Arm"]={cf=cfr(.474,-.2,-.474,-.849,-.517,.107,.121,.006,.993,-.514,.856,.057);es="Linear";ed="In";};["Head"]={cf=cfr(0,0,0,.919,.223,.325,-.238,.971,.008,-.313,-.085,.946);es="Linear";ed="In";};["Right Leg"]={cf=cfr(.499,.509,.058,.991,-.037,-.129,.087,.909,.408,.102,-.415,.904);es="Linear";ed="In";};};{tm=1.685;["Torso"]={cf=cfr(.729,.264,-.59,.84,-.476,.259,.54,.694,-.476,.047,.539,.841);es="Linear";ed="In";};["Right Arm"]={cf=cfr(.711,-.573,-.531,-.942,-.33,.063,.037,.084,.996,-.334,.94,-.067);es="Linear";ed="In";};["Right Leg"]={cf=cfr(.303,.275,.168,.965,-.038,-.26,.133,.924,.358,.227,-.38,.897);es="Linear";ed="In";};["Left Arm"]={cf=cfr(.615,-.955,-.11,.46,.88,.117,-.619,.224,.753,.636,-.419,.648);es="Linear";ed="In";};};{tm=1.734;["Torso"]={cf=cfr(.896,.331,-.514,.768,-.561,.309,.638,.623,-.453,.062,.544,.837);es="Linear";ed="In";};["Left Leg"]={cf=cfr(-.324,.185,.074,.554,.707,.44,-.591,.706,-.391,-.587,-.044,.809);es="Linear";ed="In";};["Right Arm"]={cf=cfr(.908,-.191,-.545,-.971,-.214,-.109,-.124,.056,.991,-.206,.975,-.081);es="Linear";ed="In";};["WeaponHold"]={cf=cfr(0,0,0,-.981,-.139,.133,.139,-.99,-.003,.132,.016,.991);es="Linear";ed="In";};["Right Leg"]={cf=cfr(.244,.216,.192,.955,.03,-.297,.089,.921,.379,.284,-.389,.876);es="Linear";ed="In";};};{tm=1.783;["Torso"]={cf=cfr(.99,.311,-.504,.686,-.626,.37,.723,.529,-.444,.083,.572,.816);es="Linear";ed="In";};["Right Arm"]={cf=cfr(1.155,.174,-.718,-.9,-.318,-.297,-.22,-.258,.941,-.376,.912,.162);es="Linear";ed="In";};["Head"]={cf=cfr(0,0,0,.919,.272,.284,-.238,.96,-.148,-.313,.069,.947);es="Linear";ed="In";};["Right Leg"]={cf=cfr(.184,.157,.217,.94,.071,-.335,.044,.945,.324,.339,-.319,.885);es="Linear";ed="In";};};{tm=1.885;["Torso"]={cf=cfr(1.149,.263,-.642,.648,-.618,.446,.757,.458,-.466,.084,.639,.764);es="Linear";ed="In";};["Left Leg"]={cf=cfr(-.212,.371,-.005,.554,.794,.252,-.712,.608,-.351,-.432,.015,.902);es="Linear";ed="In";};["Right Arm"]={cf=cfr(1.377,.488,-.64,-.807,-.335,-.485,-.391,-.313,.866,-.442,.889,.122);es="Linear";ed="In";};["Head"]={cf=cfr(0,0,0,.917,.4,-.004,-.399,.914,-.077,-.027,.073,.997);es="Linear";ed="In";};["Right Leg"]={cf=cfr(.065,.038,.266,.899,.158,-.409,-.057,.967,.249,.435,-.2,.878);es="Linear";ed="In";};};{tm=1.902;["WeaponHold"]={cf=cfr(0,0,0,-1,-.021,0,.021,-1,0,0,0,1);es="Linear";ed="In";};};{tm=1.967;["Torso"]={cf=cfr(1.256,.214,-.89,.621,-.57,.538,.784,.446,-.432,.006,.69,.724);es="Linear";ed="In";};["Left Leg"]={cf=cfr(-.173,.69,.159,.65,.72,.243,-.66,.693,-.291,-.378,.029,.925);es="Linear";ed="In";};["Right Arm"]={cf=cfr(1.385,.629,-.464,-.743,-.289,-.604,-.528,-.301,.794,-.411,.909,.071);es="Linear";ed="In";};["WeaponHold"]={cf=cfr(0,0,0,-.999,.033,0,-.033,-.999,0,0,0,1);es="Linear";ed="In";};["Right Leg"]={cf=cfr(.075,-.03,.073,.922,.127,-.366,-.029,.965,.261,.387,-.23,.893);es="Linear";ed="In";};["Left Arm"]={cf=cfr(.714,-.481,-.43,.893,.435,.117,-.365,.548,.753,.263,-.715,.648);es="Linear";ed="In";};};{tm=2.033;["Torso"]={cf=cfr(1.041,.184,-1.156,.524,-.571,.632,.834,.194,-.516,.172,.798,.578);es="Linear";ed="In";};["Left Leg"]={cf=cfr(-.243,.658,.189,.365,.93,.04,-.863,.354,-.36,-.349,.096,.932);es="Linear";ed="In";};["Right Arm"]={cf=cfr(1.122,1.027,-.441,-.678,-.399,-.617,-.63,-.118,.768,-.379,.909,-.172);es="Linear";ed="In";};["Head"]={cf=cfr(0,0,0,.851,.462,-.251,-.469,.882,.033,.236,.09,.968);es="Linear";ed="In";};["Right Leg"]={cf=cfr(-.033,.018,.047,.93,-.037,-.365,.08,.991,.103,.358,-.125,.925);es="Linear";ed="In";};};{tm=2.135;["Torso"]={cf=cfr(.281,.226,-1.409,.669,-.45,.592,.698,.106,-.708,.256,.887,.385);es="Linear";ed="In";};["Left Leg"]={cf=cfr(-.347,.61,.235,-.147,.989,.018,-.948,-.136,-.288,-.282,-.059,.958);es="Linear";ed="In";};["Right Arm"]={cf=cfr(.546,.824,-.277,-.398,-.568,-.72,-.808,-.153,.568,-.433,.808,-.398);es="Linear";ed="In";};["Head"]={cf=cfr(0,0,0,.849,.501,-.166,-.45,.851,.27,.277,-.155,.948);es="Linear";ed="In";};["Right Leg"]={cf=cfr(.215,.599,.061,.93,-.037,-.365,.08,.991,.103,.358,-.125,.925);es="Linear";ed="In";};["Left Arm"]={cf=cfr(.487,-.58,-.495,.863,.031,.504,-.401,.649,.646,-.307,-.76,.573);es="Linear";ed="In";};["Slash"]="";};{tm=2.185;["Torso"]={cf=cfr(-.579,.431,-.958,.674,.625,-.394,-.693,.352,-.629,-.254,.697,.67);es="Linear";ed="In";};["Left Leg"]={cf=cfr(.09,.255,.145,-.183,.379,.907,-.963,.117,-.243,-.199,-.918,.343);es="Linear";ed="In";};["Right Arm"]={cf=cfr(.566,.708,-.048,-.234,-.675,-.7,-.123,-.694,.71,-.964,.252,.08);es="Linear";ed="In";};["Head"]={cf=cfr(0,0,0,.769,-.639,.014,.626,.757,.186,-.13,-.135,.982);es="Linear";ed="In";};["Right Leg"]={cf=cfr(.309,.767,-.124,.681,-.704,-.202,.707,.704,-.068,.19,-.096,.977);es="Linear";ed="In";};};{tm=2.201;["Torso"]={cf=cfr(-.535,.677,-.786,.363,.745,-.559,-.919,.188,-.347,-.153,.64,.753);es="Constant";ed="In";};["Left Leg"]={cf=cfr(.09,.255,.145,-.051,.247,.968,-.825,.536,-.18,-.564,-.807,.176);es="Constant";ed="In";};["Right Arm"]={cf=cfr(1.016,.373,.064,.386,-.8,-.46,.378,-.317,.87,-.841,-.509,.18);es="Constant";ed="In";};["Head"]={cf=cfr(0,0,0,.546,-.834,.083,.788,.545,.288,-.285,-.092,.954);es="Constant";ed="In";};["Right Leg"]={cf=cfr(.462,.668,-.115,.528,-.847,-.053,.832,.529,-.164,.167,.043,.985);es="Constant";ed="In";};["Left Arm"]={cf=cfr(.736,-.614,-.217,.745,-.599,.293,.01,.449,.893,-.667,-.663,.341);es="Constant";ed="In";};};}
