-- // converted using mech's animoduler
local cfr = CFrame.new

return {
	{
		tm = 0;
		["Torso"] = {
			cf = cfr(0,0,0,1,0,0,0,1,0,0,0,1);
			es = "Linear";
			ed = "In";
		};
		["Right Arm"] = {
			cf = cfr(0,0,0,1,0,0,0,1,0,0,0,1);
			es = "Linear";
			ed = "In";
		};
		["WeaponHold"] = {
			cf = cfr(0,0,0,1,0,0,0,1,0,0,0,1);
			es = "Linear";
			ed = "In";
		};
		["Head"] = {
			cf = cfr(0,0,0,1,0,0,0,1,0,0,0,1);
			es = "Linear";
			ed = "In";
		};
		["Left Arm"] = {
			cf = cfr(0,0,0,1,0,0,0,1,0,0,0,1);
			es = "Linear";
			ed = "In";
		};
	};
	{
		tm = .008;
		["Right Arm"] = {
			cf = cfr(0,0,0,.74,-.672,0,.672,.74,0,0,0,1);
			es = "Linear";
			ed = "In";
		};
	};
	{
		tm = .07;
		["Torso"] = {
			cf = cfr(0,0,0,.666,.739,-.103,-.746,.659,-.092,0,.138,.99);
			es = "Linear";
			ed = "In";
		};
		["Right Arm"] = {
			cf = cfr(.497,.257,.481,-.417,.34,-.843,-.184,-.94,-.288,-.89,.035,.455);
			es = "Linear";
			ed = "In";
		};
		["WeaponHold"] = {
			cf = cfr(-.018,-.081,.288,.996,.064,.068,-.093,.713,.695,-.004,-.699,.715);
			es = "Linear";
			ed = "In";
		};
		["Head"] = {
			cf = cfr(0,0,0,.74,-.654,.157,.672,.733,-.11,-.043,.187,.982);
			es = "Linear";
			ed = "In";
		};
		["Left Arm"] = {
			cf = cfr(0,0,0,.709,.642,.291,-.705,.646,.293,0,-.413,.911);
			es = "Linear";
			ed = "In";
		};
	};
	{
		tm = .102;
		["Torso"] = {
			cf = cfr(0,0,0,.446,.888,-.114,-.894,.437,-.097,-.037,.145,.989);
			es = "Linear";
			ed = "In";
		};
		["Right Arm"] = {
			cf = cfr(.493,.269,.481,-.379,.383,-.843,-.283,-.915,-.288,-.881,.129,.455);
			es = "Linear";
			ed = "In";
		};
		["WeaponHold"] = {
			cf = cfr(-.028,-.176,.163,.996,.072,.06,-.093,.793,.602,-.004,-.605,.796);
			es = "Linear";
			ed = "In";
		};
		["Head"] = {
			cf = cfr(0,0,0,.456,-.866,.206,.887,.46,-.033,-.066,.198,.978);
			es = "Linear";
			ed = "In";
		};
		["Left Arm"] = {
			cf = cfr(0,0,0,.476,.871,.125,-.851,.42,.314,.221,-.256,.941);
			es = "Linear";
			ed = "In";
		};
	};
	{
		tm = .131;
		["Torso"] = {
			cf = cfr(0,0,0,.327,.934,-.143,-.943,.314,-.107,-.055,.17,.984);
			es = "Linear";
			ed = "In";
		};
		["Right Arm"] = {
			cf = cfr(.53,.304,.571,-.355,.405,-.843,-.337,-.896,-.288,-.872,.182,.455);
			es = "Linear";
			ed = "In";
		};
		["WeaponHold"] = {
			cf = cfr(-.027,-.157,.182,.995,.072,.063,-.095,.82,.564,-.011,-.568,.823);
			es = "Linear";
			ed = "In";
		};
		["Head"] = {
			cf = cfr(0,0,0,.385,-.9,.206,.922,.386,-.033,-.049,.203,.978);
			es = "Linear";
			ed = "In";
		};
		["Left Arm"] = {
			cf = cfr(0,0,0,.243,.97,-.02,-.907,.234,.351,.345,-.068,.936);
			es = "Linear";
			ed = "In";
		};
	};
	{
		tm = .152;
		["grabweapon"] = "0";
	};
	{
		tm = .164;
		["Torso"] = {
			cf = cfr(0,0,0,.947,.288,-.143,-.304,.947,-.107,.105,.145,.984);
			es = "Linear";
			ed = "In";
		};
		["Right Arm"] = {
			cf = cfr(.531,.343,.332,-.609,.451,-.653,-.401,-.885,-.237,-.684,.117,.72);
			es = "Linear";
			ed = "In";
		};
		["WeaponHold"] = {
			cf = cfr(-.187,-.02,-.057,.953,.299,.039,-.261,.754,.603,.151,-.585,.797);
			es = "Linear";
			ed = "In";
		};
		["Head"] = {
			cf = cfr(0,0,0,.943,-.327,.07,.332,.94,-.082,-.039,.101,.994);
			es = "Linear";
			ed = "In";
		};
		["Left Arm"] = {
			cf = cfr(-.347,-.142,-.13,-.057,.906,-.42,-.974,.041,.222,.218,.422,.88);
			es = "Linear";
			ed = "In";
		};
	};
	{
		tm = .176;
		["swingreg"] = "0";
	};
	{
		tm = .213;
		["Right Arm"] = {
			cf = cfr(.197,.562,.481,-.877,-.228,-.422,.477,-.325,-.816,.049,-.918,.394);
			es = "Linear";
			ed = "In";
		};
	};
	{
		tm = .234;
		["hitreg"] = "0";
	};
	{
		tm = .246;
		["Torso"] = {
			cf = cfr(0,0,0,.192,-.932,.308,.972,.138,-.19,.134,.336,.932);
			es = "Linear";
			ed = "In";
		};
		["Right Arm"] = {
			cf = cfr(.709,.413,.249,.167,-.87,-.464,.368,.492,-.789,.915,-.039,.402);
			es = "Linear";
			ed = "In";
		};
		["WeaponHold"] = {
			cf = cfr(0,0,0,1,0,0,0,1,0,0,0,1);
			es = "Linear";
			ed = "In";
		};
		["Head"] = {
			cf = cfr(0,0,0,.354,.918,-.176,-.935,.344,-.087,-.019,.195,.981);
			es = "Linear";
			ed = "In";
		};
		["Left Arm"] = {
			cf = cfr(.289,-.617,.09,.076,.691,.719,-.852,-.33,.407,.519,-.643,.563);
			es = "Linear";
			ed = "In";
		};
	};
	{
		tm = .328;
		["Torso"] = {
			cf = cfr(0,0,0,-.14,-.941,.308,.96,-.205,-.19,.242,.269,.932);
			es = "Linear";
			ed = "In";
		};
		["Right Arm"] = {
			cf = cfr(.912,.186,.037,.784,-.547,-.292,.138,.613,-.778,.605,.57,.556);
			es = "Linear";
			ed = "In";
		};
		["WeaponHold"] = {
			cf = cfr(0,0,0,1,0,0,0,1,0,0,0,1);
			es = "Linear";
			ed = "In";
		};
		["Head"] = {
			cf = cfr(0,0,0,.029,.984,-.176,-.996,.014,-.087,-.083,.178,.981);
			es = "Linear";
			ed = "In";
		};
		["Left Arm"] = {
			cf = cfr(.133,-.498,.264,-.05,.595,.802,-.846,-.451,.283,.53,-.665,.526);
			es = "Linear";
			ed = "In";
		};
	};
	{
		tm = .41;
		["Torso"] = {
			cf = cfr(0,0,0,-.199,-.948,.247,.947,-.251,-.202,.254,.193,.948);
			es = "Linear";
			ed = "In";
		};
		["Right Arm"] = {
			cf = cfr(.912,.186,.037,.869,-.473,-.149,.122,.496,-.86,.48,.729,.488);
			es = "Linear";
			ed = "In";
		};
		["WeaponHold"] = {
			cf = cfr(0,0,0,1,0,0,0,1,0,0,0,1);
			es = "Linear";
			ed = "In";
		};
		["Head"] = {
			cf = cfr(0,0,0,.029,.984,-.176,-.996,.014,-.087,-.083,.178,.981);
			es = "Linear";
			ed = "In";
		};
		["Left Arm"] = {
			cf = cfr(.289,-.617,.09,-.094,.532,.841,-.779,-.565,.27,.619,-.63,.468);
			es = "Linear";
			ed = "In";
		};
		["end"] = "0";
	};
	{
		tm = .475;
		["Torso"] = {
			cf = cfr(0,0,0,-.199,-.948,.247,.947,-.251,-.202,.254,.193,.948);
			es = "Linear";
			ed = "In";
		};
		["Right Arm"] = {
			cf = cfr(.912,.186,.037,.869,-.473,-.149,.122,.496,-.86,.48,.729,.488);
			es = "Linear";
			ed = "In";
		};
		["WeaponHold"] = {
			cf = cfr(0,0,0,1,0,0,0,1,0,0,0,1);
			es = "Linear";
			ed = "In";
		};
		["Head"] = {
			cf = cfr(0,0,0,.029,.984,-.176,-.996,.014,-.087,-.083,.178,.981);
			es = "Linear";
			ed = "In";
		};
		["Left Arm"] = {
			cf = cfr(.289,-.617,.09,-.094,.532,.841,-.779,-.565,.27,.619,-.63,.468);
			es = "Linear";
			ed = "In";
		};
	};
}
