-- // converted using mech's animoduler
local cfr = CFrame.new

return {
	{
		tm = 0;
		["Torso"] = {
			cf = cfr(-.042,.019,-.21,.966,.088,-.242,-.164,.935,-.315,.199,.344,.918);
			es = "Linear";
			ed = "In";
		};
		["Left Leg"] = {
			cf = cfr(-.603,.249,.152,.953,-.211,.216,.229,.971,-.064,-.196,.111,.974);
			es = "Linear";
			ed = "In";
		};
		["Right Arm"] = {
			cf = cfr(.241,-.018,.105,.203,-.976,.082,.918,.219,.331,-.341,.008,.94);
			es = "Linear";
			ed = "In";
		};
		["WeaponHold"] = {
			cf = cfr(0,0,0,.998,-.058,-.034,.06,.996,.06,.03,-.062,.998);
			es = "Linear";
			ed = "In";
		};
		["Head"] = {
			cf = cfr(0,0,0,.993,.014,.114,-.028,.993,.116,-.112,-.119,.987);
			es = "Linear";
			ed = "In";
		};
		["Left Arm"] = {
			cf = cfr(-.039,-.24,.094,.913,.036,.407,-.202,.906,.371,-.355,-.421,.835);
			es = "Linear";
			ed = "In";
		};
		["Right Leg"] = {
			cf = cfr(1.218,.629,-.706,-.434,-.495,.753,-.218,.869,.445,-.874,.029,-.485);
			es = "Linear";
			ed = "In";
		};
	};
	{
		tm = .062;
		["Torso"] = {
			cf = cfr(-.042,.019,-.171,-.261,.915,-.307,-.964,-.232,.127,.045,.329,.943);
			es = "Linear";
			ed = "In";
		};
		["Left Leg"] = {
			cf = cfr(-.443,.111,.051,.971,.208,-.12,-.188,.969,.162,.15,-.135,.979);
			es = "Linear";
			ed = "In";
		};
		["Right Arm"] = {
			cf = cfr(.241,-.018,.105,.036,-.86,.509,.873,.275,.404,-.487,.43,.76);
			es = "Linear";
			ed = "In";
		};
		["WeaponHold"] = {
			cf = cfr(0,0,0,.998,-.058,-.034,.06,.996,.06,.03,-.062,.998);
			es = "Linear";
			ed = "In";
		};
		["Head"] = {
			cf = cfr(0,0,0,.984,-.061,.166,.074,.995,-.073,-.161,.084,.983);
			es = "Linear";
			ed = "In";
		};
		["Left Arm"] = {
			cf = cfr(-.039,-.24,.094,.713,-.389,.584,.018,.842,.539,-.701,-.373,.608);
			es = "Linear";
			ed = "In";
		};
		["Right Leg"] = {
			cf = cfr(.526,.456,-.016,.847,-.497,.187,.411,.837,.362,-.336,-.23,.913);
			es = "Linear";
			ed = "In";
		};
	};
	{
		tm = .086;
		["Torso"] = {
			cf = cfr(-.042,.019,-.146,-.606,.782,-.147,-.796,-.593,.125,.011,.193,.981);
			es = "Linear";
			ed = "In";
		};
		["Left Leg"] = {
			cf = cfr(-.384,.047,.01,.99,.108,-.091,-.107,.994,.016,.092,-.006,.996);
			es = "Linear";
			ed = "In";
		};
		["Right Arm"] = {
			cf = cfr(.309,-.156,.271,-.299,-.812,.501,.611,.241,.755,-.733,.532,.424);
			es = "Linear";
			ed = "In";
		};
		["WeaponHold"] = {
			cf = cfr(0,0,0,.998,-.058,-.034,.06,.996,.06,.03,-.062,.998);
			es = "Linear";
			ed = "In";
		};
		["Head"] = {
			cf = cfr(0,0,0,.983,.125,.132,-.103,.982,-.156,-.149,.14,.979);
			es = "Linear";
			ed = "In";
		};
		["Left Arm"] = {
			cf = cfr(-.039,-.24,.094,.661,-.428,.617,-.027,.807,.59,-.75,-.406,.522);
			es = "Linear";
			ed = "In";
		};
		["Right Leg"] = {
			cf = cfr(.47,.293,0,.861,-.495,.116,.469,.862,.194,-.196,-.112,.974);
			es = "Linear";
			ed = "In";
		};
	};
	{
		tm = .102;
		["swingreg"] = "0";
	};
	{
		tm = .127;
		["Torso"] = {
			cf = cfr(-.042,.117,-.023,-.978,-.196,-.072,.197,-.98,-.013,-.068,-.027,.997);
			es = "Linear";
			ed = "In";
		};
		["Left Leg"] = {
			cf = cfr(-.176,.008,.038,.997,-.072,-.036,.072,.997,-.009,.037,.006,.999);
			es = "Linear";
			ed = "In";
		};
		["Right Arm"] = {
			cf = cfr(.309,-.156,.271,-.299,-.812,.501,.611,.241,.755,-.733,.532,.424);
			es = "Linear";
			ed = "In";
		};
		["WeaponHold"] = {
			cf = cfr(0,0,0,.998,-.058,-.034,.06,.996,.06,.03,-.062,.998);
			es = "Linear";
			ed = "In";
		};
		["Head"] = {
			cf = cfr(0,0,0,.894,.439,-.095,-.446,.842,-.304,-.054,.313,.948);
			es = "Linear";
			ed = "In";
		};
		["Left Arm"] = {
			cf = cfr(-.039,-.24,.094,.689,-.316,.653,-.301,.694,.654,-.66,-.647,.383);
			es = "Linear";
			ed = "In";
		};
		["Right Leg"] = {
			cf = cfr(.563,.509,-.136,.784,-.573,.24,.519,.816,.253,-.341,-.074,.937);
			es = "Linear";
			ed = "In";
		};
	};
	{
		tm = .16;
		["Head"] = {
			cf = cfr(0,0,0,.865,.463,-.193,-.502,.803,-.322,.006,.375,.927);
			es = "Linear";
			ed = "In";
		};
	};
	{
		tm = .176;
		["Torso"] = {
			cf = cfr(-.042,.215,.061,-.722,-.663,-.199,.669,-.742,.041,-.175,-.103,.979);
			es = "Linear";
			ed = "In";
		};
		["Left Leg"] = {
			cf = cfr(-.057,.066,.128,.993,-.106,-.059,.115,.977,.177,.039,-.183,.982);
			es = "Linear";
			ed = "In";
		};
		["Right Arm"] = {
			cf = cfr(.235,-.142,.287,-.009,-.988,.156,.359,.142,.923,-.933,.064,.353);
			es = "Linear";
			ed = "In";
		};
		["WeaponHold"] = {
			cf = cfr(0,0,0,.998,-.058,-.034,.06,.996,.06,.03,-.062,.998);
			es = "Linear";
			ed = "In";
		};
		["Left Arm"] = {
			cf = cfr(-.039,-.24,.094,.748,-.119,.653,-.477,.587,.654,-.461,-.8,.383);
			es = "Linear";
			ed = "In";
		};
		["Right Leg"] = {
			cf = cfr(.741,.97,-.296,.624,-.776,.096,.409,.429,.805,-.666,-.463,.585);
			es = "Linear";
			ed = "In";
		};
	};
	{
		tm = .188;
		["Head"] = {
			cf = cfr(0,0,0,.827,.48,-.291,-.558,.76,-.333,.062,.438,.897);
			es = "Linear";
			ed = "In";
		};
		["Right Leg"] = {
			cf = cfr(.625,.861,-.178,.747,-.658,-.097,.29,.191,.938,-.598,-.729,.333);
			es = "Linear";
			ed = "In";
		};
	};
	{
		tm = .201;
		["Torso"] = {
			cf = cfr(-.244,.096,.14,-.385,-.921,-.052,.893,-.386,.229,-.231,.042,.972);
			es = "Linear";
			ed = "In";
		};
		["Left Leg"] = {
			cf = cfr(.108,.065,.099,.914,.023,.406,-.127,.965,.231,-.386,-.262,.884);
			es = "Linear";
			ed = "In";
		};
		["Right Arm"] = {
			cf = cfr(.164,-.399,.164,-.178,-.962,.206,.53,.083,.844,-.829,.259,.495);
			es = "Linear";
			ed = "In";
		};
		["WeaponHold"] = {
			cf = cfr(0,0,0,.998,-.058,-.034,.06,.996,.06,.03,-.062,.998);
			es = "Linear";
			ed = "In";
		};
		["Left Arm"] = {
			cf = cfr(-.039,-.24,.094,.716,-.246,.653,-.368,.661,.654,-.592,-.709,.383);
			es = "Linear";
			ed = "In";
		};
		["Right Leg"] = {
			cf = cfr(.509,.752,-.06,.854,-.507,-.114,.228,.169,.959,-.467,-.845,.26);
			es = "Linear";
			ed = "In";
		};
		["hitreg"] = "0";
	};
	{
		tm = .237;
		["Torso"] = {
			cf = cfr(-.498,-.028,.07,.486,-.855,.181,.797,.518,.31,-.359,-.006,.933);
			es = "Linear";
			ed = "In";
		};
		["Left Leg"] = {
			cf = cfr(-.023,.317,.123,.947,-.116,.3,-.017,.913,.407,-.321,-.391,.863);
			es = "Linear";
			ed = "In";
		};
		["Right Arm"] = {
			cf = cfr(.501,-.535,-.108,-.529,-.843,.096,.469,-.196,.861,-.707,.501,.499);
			es = "Linear";
			ed = "In";
		};
		["WeaponHold"] = {
			cf = cfr(0,0,0,.997,.02,.075,-.025,.997,.068,-.074,-.069,.995);
			es = "Linear";
			ed = "In";
		};
		["Head"] = {
			cf = cfr(0,0,0,.83,.484,-.276,-.557,.718,-.418,-.004,.501,.866);
			es = "Linear";
			ed = "In";
		};
		["Left Arm"] = {
			cf = cfr(.319,-.124,.016,.798,-.589,.131,.389,.668,.634,-.461,-.455,.762);
			es = "Linear";
			ed = "In";
		};
		["Right Leg"] = {
			cf = cfr(.138,.782,.141,.992,-.033,.122,-.126,-.132,.983,-.016,-.991,-.136);
			es = "Linear";
			ed = "In";
		};
	};
	{
		tm = .287;
		["Torso"] = {
			cf = cfr(-.513,-.002,-.031,.723,-.653,.226,.599,.756,.264,-.343,-.056,.938);
			es = "Linear";
			ed = "In";
		};
		["Left Leg"] = {
			cf = cfr(.037,.367,.105,.887,-.176,.426,.015,.935,.354,-.461,-.307,.832);
			es = "Linear";
			ed = "In";
		};
		["Right Arm"] = {
			cf = cfr(.628,-.6,-.128,-.482,-.852,.206,.56,-.119,.82,-.673,.511,.534);
			es = "Linear";
			ed = "In";
		};
		["Head"] = {
			cf = cfr(0,0,0,.886,.403,-.23,-.464,.767,-.443,-.002,.499,.867);
			es = "Linear";
			ed = "In";
		};
		["Left Arm"] = {
			cf = cfr(.439,-.085,-.011,.773,-.634,-.032,.54,.631,.557,-.333,-.448,.83);
			es = "Linear";
			ed = "In";
		};
		["Right Leg"] = {
			cf = cfr(.118,.327,-.023,.386,.917,-.101,-.29,.224,.93,.876,-.33,.352);
			es = "Linear";
			ed = "In";
		};
	};
	{
		tm = .303;
		["Torso"] = {
			cf = cfr(-.513,-.002,-.044,.757,-.615,.222,.562,.785,.261,-.335,-.073,.94);
			es = "Linear";
			ed = "In";
		};
		["Left Leg"] = {
			cf = cfr(.042,.363,.1,.882,-.201,.426,.042,.934,.354,-.47,-.294,.832);
			es = "Linear";
			ed = "In";
		};
		["Right Arm"] = {
			cf = cfr(.625,-.634,-.118,-.446,-.857,.257,.591,-.067,.804,-.672,.51,.537);
			es = "Linear";
			ed = "In";
		};
		["Head"] = {
			cf = cfr(0,0,0,.897,.376,-.23,-.441,.781,-.443,.013,.499,.867);
			es = "Linear";
			ed = "In";
		};
		["Left Arm"] = {
			cf = cfr(.439,-.085,-.011,.78,-.625,-.027,.528,.635,.564,-.335,-.454,.825);
			es = "Linear";
			ed = "In";
		};
		["Right Leg"] = {
			cf = cfr(.118,.327,-.023,.374,.909,-.183,-.26,.292,.92,.89,-.297,.346);
			es = "Linear";
			ed = "In";
		};
	};
	{
		tm = .373;
		["end"] = "0";
	};
	{
		tm = .377;
		["Torso"] = {
			cf = cfr(-.514,-.002,-.082,.848,-.487,.206,.435,.864,.253,-.301,-.125,.945);
			es = "Linear";
			ed = "In";
		};
		["Left Leg"] = {
			cf = cfr(.055,.352,.089,.865,-.263,.426,.108,.929,.354,-.489,-.26,.832);
			es = "Linear";
			ed = "In";
		};
		["Right Arm"] = {
			cf = cfr(.528,-.592,-.008,-.33,-.865,.377,.658,.076,.749,-.677,.496,.544);
			es = "Linear";
			ed = "In";
		};
		["Head"] = {
			cf = cfr(0,0,0,.933,.278,-.23,-.354,.824,-.443,.067,.494,.867);
			es = "Linear";
			ed = "In";
		};
		["Left Arm"] = {
			cf = cfr(.439,-.085,-.011,.945,-.288,-.156,.325,.773,.545,-.037,-.566,.824);
			es = "Linear";
			ed = "In";
		};
		["Right Leg"] = {
			cf = cfr(.118,.327,-.023,.371,.846,-.383,-.208,.477,.854,.905,-.237,.353);
			es = "Linear";
			ed = "In";
		};
	};
}
