-- // converted using mech's animoduler
local cfr = CFrame.new

return {
	{
		tm = 0;
		["Torso"] = {
			cf = cfr(0,0,0,-.199,-.948,.247,.947,-.251,-.202,.254,.193,.948);
			es = "Linear";
			ed = "In";
		};
		["Right Arm"] = {
			cf = cfr(.912,.186,.037,.869,-.473,-.149,.122,.496,-.86,.48,.729,.488);
			es = "Linear";
			ed = "In";
		};
		["WeaponHold"] = {
			cf = cfr(0,0,0,1,0,0,0,1,0,0,0,1);
			es = "Linear";
			ed = "In";
		};
		["Head"] = {
			cf = cfr(0,0,0,.029,.984,-.176,-.996,.014,-.087,-.083,.178,.981);
			es = "Linear";
			ed = "In";
		};
		["Left Arm"] = {
			cf = cfr(.289,-.617,.09,-.094,.532,.841,-.779,-.565,.27,.619,-.63,.468);
			es = "Linear";
			ed = "In";
		};
	};
	{
		tm = .004;
		["Torso"] = {
			cf = cfr(0,0,0,-.199,-.949,.247,.947,-.251,-.202,.254,.193,.948);
			es = "Linear";
			ed = "In";
		};
		["Right Arm"] = {
			cf = cfr(.912,.186,.037,.869,-.473,-.149,.122,.496,-.86,.48,.728,.489);
			es = "Linear";
			ed = "In";
		};
		["WeaponHold"] = {
			cf = cfr(0,0,0,1,0,0,0,1,0,0,0,1);
			es = "Linear";
			ed = "In";
		};
		["Head"] = {
			cf = cfr(0,0,0,.029,.984,-.176,-.996,.014,-.087,-.083,.178,.981);
			es = "Linear";
			ed = "In";
		};
		["Left Arm"] = {
			cf = cfr(.289,-.617,.09,-.094,.532,.841,-.779,-.565,.27,.619,-.63,.468);
			es = "Linear";
			ed = "In";
		};
	};
	{
		tm = .008;
		["Torso"] = {
			cf = cfr(0,0,0,-.199,-.949,.247,.947,-.251,-.202,.253,.193,.948);
			es = "Linear";
			ed = "In";
		};
		["Right Arm"] = {
			cf = cfr(.911,.186,.037,.869,-.473,-.147,.124,.496,-.859,.479,.728,.49);
			es = "Linear";
			ed = "In";
		};
		["WeaponHold"] = {
			cf = cfr(0,0,0,1,0,0,0,1,0,0,0,1);
			es = "Linear";
			ed = "In";
		};
		["Head"] = {
			cf = cfr(0,0,0,.029,.984,-.176,-.996,.014,-.087,-.083,.178,.981);
			es = "Linear";
			ed = "In";
		};
		["Left Arm"] = {
			cf = cfr(.289,-.616,.09,-.094,.534,.841,-.78,-.564,.271,.619,-.63,.469);
			es = "Linear";
			ed = "In";
		};
	};
	{
		tm = .013;
		["Torso"] = {
			cf = cfr(0,0,0,-.198,-.949,.246,.947,-.25,-.202,.253,.193,.948);
			es = "Linear";
			ed = "In";
		};
		["Right Arm"] = {
			cf = cfr(.909,.185,.036,.869,-.473,-.145,.127,.497,-.859,.478,.728,.492);
			es = "Linear";
			ed = "In";
		};
		["WeaponHold"] = {
			cf = cfr(0,0,0,1,0,0,0,1,0,0,0,1);
			es = "Linear";
			ed = "In";
		};
		["Head"] = {
			cf = cfr(0,0,0,.029,.984,-.176,-.996,.014,-.087,-.083,.178,.981);
			es = "Linear";
			ed = "In";
		};
		["Left Arm"] = {
			cf = cfr(.288,-.616,.09,-.093,.536,.839,-.78,-.563,.273,.619,-.63,.47);
			es = "Linear";
			ed = "In";
		};
	};
	{
		tm = .016;
		["Torso"] = {
			cf = cfr(0,0,0,-.198,-.949,.246,.947,-.25,-.201,.252,.193,.948);
			es = "Linear";
			ed = "In";
		};
		["Right Arm"] = {
			cf = cfr(.907,.184,.035,.87,-.473,-.141,.131,.497,-.858,.476,.728,.494);
			es = "Linear";
			ed = "In";
		};
		["WeaponHold"] = {
			cf = cfr(0,0,0,1,0,0,0,1,0,0,0,1);
			es = "Linear";
			ed = "In";
		};
		["Head"] = {
			cf = cfr(0,0,0,.029,.984,-.176,-.996,.014,-.087,-.083,.178,.981);
			es = "Linear";
			ed = "In";
		};
		["Left Arm"] = {
			cf = cfr(.287,-.615,.09,-.091,.539,.838,-.781,-.561,.275,.618,-.629,.472);
			es = "Linear";
			ed = "In";
		};
	};
	{
		tm = .02;
		["Torso"] = {
			cf = cfr(0,0,0,-.198,-.949,.245,.947,-.25,-.2,.251,.193,.949);
			es = "Linear";
			ed = "In";
		};
		["Right Arm"] = {
			cf = cfr(.904,.182,.034,.871,-.473,-.137,.136,.498,-.856,.473,.727,.498);
			es = "Linear";
			ed = "In";
		};
		["WeaponHold"] = {
			cf = cfr(0,0,0,1,0,0,0,1,0,0,0,1);
			es = "Linear";
			ed = "In";
		};
		["Head"] = {
			cf = cfr(0,0,0,.029,.984,-.176,-.996,.014,-.087,-.083,.178,.981);
			es = "Linear";
			ed = "In";
		};
		["Left Arm"] = {
			cf = cfr(.286,-.613,.09,-.09,.542,.835,-.782,-.558,.278,.617,-.628,.474);
			es = "Linear";
			ed = "In";
		};
	};
	{
		tm = .025;
		["Torso"] = {
			cf = cfr(0,0,0,-.198,-.949,.245,.948,-.249,-.199,.25,.192,.949);
			es = "Linear";
			ed = "In";
		};
		["Right Arm"] = {
			cf = cfr(.9,.181,.032,.871,-.473,-.131,.142,.499,-.855,.469,.726,.502);
			es = "Linear";
			ed = "In";
		};
		["WeaponHold"] = {
			cf = cfr(0,0,0,1,0,0,0,1,0,0,0,1);
			es = "Linear";
			ed = "In";
		};
		["Head"] = {
			cf = cfr(0,0,0,.029,.984,-.176,-.996,.014,-.087,-.083,.178,.981);
			es = "Linear";
			ed = "In";
		};
		["Left Arm"] = {
			cf = cfr(.284,-.612,.09,-.088,.547,.833,-.783,-.555,.282,.616,-.627,.477);
			es = "Linear";
			ed = "In";
		};
	};
	{
		tm = .029;
		["Torso"] = {
			cf = cfr(0,0,0,-.198,-.949,.244,.948,-.249,-.198,.249,.192,.949);
			es = "Linear";
			ed = "In";
		};
		["Right Arm"] = {
			cf = cfr(.896,.179,.031,.872,-.473,-.124,.149,.5,-.853,.465,.726,.507);
			es = "Linear";
			ed = "In";
		};
		["WeaponHold"] = {
			cf = cfr(0,0,0,1,0,0,0,1,0,0,0,1);
			es = "Linear";
			ed = "In";
		};
		["Head"] = {
			cf = cfr(0,0,0,.029,.984,-.176,-.996,.014,-.087,-.083,.178,.981);
			es = "Linear";
			ed = "In";
		};
		["Left Arm"] = {
			cf = cfr(.283,-.61,.091,-.086,.552,.83,-.784,-.551,.286,.615,-.626,.48);
			es = "Linear";
			ed = "In";
		};
	};
	{
		tm = .033;
		["Torso"] = {
			cf = cfr(0,0,0,-.198,-.95,.243,.949,-.248,-.197,.247,.191,.95);
			es = "Linear";
			ed = "In";
		};
		["Right Arm"] = {
			cf = cfr(.891,.176,.029,.873,-.473,-.116,.158,.501,-.851,.461,.725,.512);
			es = "Linear";
			ed = "In";
		};
		["WeaponHold"] = {
			cf = cfr(0,0,0,1,0,0,0,1,0,0,0,1);
			es = "Linear";
			ed = "In";
		};
		["Head"] = {
			cf = cfr(0,0,0,.029,.984,-.176,-.996,.014,-.087,-.083,.178,.981);
			es = "Linear";
			ed = "In";
		};
		["Left Arm"] = {
			cf = cfr(.281,-.608,.091,-.083,.558,.826,-.785,-.547,.29,.614,-.624,.483);
			es = "Linear";
			ed = "In";
		};
	};
	{
		tm = .037;
		["Torso"] = {
			cf = cfr(0,0,0,-.197,-.95,.242,.949,-.247,-.195,.245,.191,.95);
			es = "Linear";
			ed = "In";
		};
		["Right Arm"] = {
			cf = cfr(.885,.174,.026,.875,-.473,-.107,.167,.502,-.848,.455,.724,.519);
			es = "Linear";
			ed = "In";
		};
		["WeaponHold"] = {
			cf = cfr(0,0,0,1,0,0,0,1,0,0,0,1);
			es = "Linear";
			ed = "In";
		};
		["Head"] = {
			cf = cfr(0,0,0,.029,.984,-.176,-.996,.014,-.087,-.083,.178,.981);
			es = "Linear";
			ed = "In";
		};
		["Left Arm"] = {
			cf = cfr(.279,-.606,.091,-.08,.565,.821,-.787,-.542,.296,.612,-.623,.488);
			es = "Linear";
			ed = "In";
		};
	};
	{
		tm = .041;
		["Torso"] = {
			cf = cfr(0,0,0,-.197,-.95,.241,.95,-.246,-.194,.243,.19,.951);
			es = "Linear";
			ed = "In";
		};
		["Right Arm"] = {
			cf = cfr(.878,.171,.024,.876,-.473,-.098,.178,.504,-.845,.449,.723,.525);
			es = "Linear";
			ed = "In";
		};
		["WeaponHold"] = {
			cf = cfr(0,0,0,1,0,0,0,1,0,0,0,1);
			es = "Linear";
			ed = "In";
		};
		["Head"] = {
			cf = cfr(0,0,0,.029,.984,-.176,-.996,.014,-.087,-.083,.178,.981);
			es = "Linear";
			ed = "In";
		};
		["Left Arm"] = {
			cf = cfr(.276,-.604,.092,-.077,.572,.817,-.788,-.536,.302,.61,-.621,.492);
			es = "Linear";
			ed = "In";
		};
	};
	{
		tm = .045;
		["Torso"] = {
			cf = cfr(0,0,0,-.197,-.951,.239,.95,-.245,-.192,.241,.19,.952);
			es = "Linear";
			ed = "In";
		};
		["Right Arm"] = {
			cf = cfr(.871,.167,.021,.877,-.473,-.087,.19,.506,-.842,.442,.722,.533);
			es = "Linear";
			ed = "In";
		};
		["WeaponHold"] = {
			cf = cfr(0,0,0,1,0,0,0,1,0,0,0,1);
			es = "Linear";
			ed = "In";
		};
		["Head"] = {
			cf = cfr(0,0,0,.029,.984,-.176,-.996,.014,-.087,-.083,.178,.981);
			es = "Linear";
			ed = "In";
		};
		["Left Arm"] = {
			cf = cfr(.273,-.601,.092,-.073,.58,.811,-.79,-.53,.308,.609,-.618,.497);
			es = "Linear";
			ed = "In";
		};
	};
	{
		tm = .049;
		["Torso"] = {
			cf = cfr(0,0,0,-.197,-.951,.238,.951,-.244,-.19,.239,.189,.952);
			es = "Linear";
			ed = "In";
		};
		["Right Arm"] = {
			cf = cfr(.864,.164,.018,.878,-.473,-.075,.202,.507,-.838,.434,.72,.541);
			es = "Linear";
			ed = "In";
		};
		["WeaponHold"] = {
			cf = cfr(0,0,0,1,0,0,0,1,0,0,0,1);
			es = "Linear";
			ed = "In";
		};
		["Head"] = {
			cf = cfr(0,0,0,.029,.984,-.176,-.996,.014,-.087,-.083,.178,.981);
			es = "Linear";
			ed = "In";
		};
		["Left Arm"] = {
			cf = cfr(.27,-.598,.092,-.069,.589,.805,-.792,-.523,.315,.607,-.616,.503);
			es = "Linear";
			ed = "In";
		};
	};
	{
		tm = .053;
		["Torso"] = {
			cf = cfr(0,0,0,-.196,-.952,.237,.952,-.243,-.188,.236,.188,.953);
			es = "Linear";
			ed = "In";
		};
		["Right Arm"] = {
			cf = cfr(.855,.16,.014,.879,-.474,-.061,.216,.509,-.833,.426,.719,.55);
			es = "Linear";
			ed = "In";
		};
		["WeaponHold"] = {
			cf = cfr(0,0,0,1,0,0,0,1,0,0,0,1);
			es = "Linear";
			ed = "In";
		};
		["Head"] = {
			cf = cfr(0,0,0,.029,.984,-.176,-.996,.014,-.087,-.083,.178,.981);
			es = "Linear";
			ed = "In";
		};
		["Left Arm"] = {
			cf = cfr(.267,-.595,.093,-.064,.599,.798,-.794,-.515,.323,.604,-.613,.509);
			es = "Linear";
			ed = "In";
		};
	};
	{
		tm = .058;
		["Torso"] = {
			cf = cfr(0,0,0,-.196,-.952,.235,.952,-.242,-.186,.233,.187,.954);
			es = "Linear";
			ed = "In";
		};
		["Right Arm"] = {
			cf = cfr(.846,.156,.01,.879,-.474,-.047,.231,.511,-.828,.416,.717,.559);
			es = "Linear";
			ed = "In";
		};
		["WeaponHold"] = {
			cf = cfr(0,0,0,1,0,0,0,1,0,0,0,1);
			es = "Linear";
			ed = "In";
		};
		["Head"] = {
			cf = cfr(0,0,0,.029,.984,-.176,-.996,.014,-.087,-.083,.178,.981);
			es = "Linear";
			ed = "In";
		};
		["Left Arm"] = {
			cf = cfr(.264,-.591,.093,-.059,.609,.791,-.796,-.507,.331,.602,-.61,.515);
			es = "Linear";
			ed = "In";
		};
	};
	{
		tm = .062;
		["Torso"] = {
			cf = cfr(0,0,0,-.195,-.953,.233,.953,-.24,-.183,.23,.186,.955);
			es = "Linear";
			ed = "In";
		};
		["Right Arm"] = {
			cf = cfr(.836,.151,.006,.88,-.474,-.032,.247,.513,-.822,.406,.715,.569);
			es = "Linear";
			ed = "In";
		};
		["WeaponHold"] = {
			cf = cfr(0,0,0,1,0,0,0,1,0,0,0,1);
			es = "Linear";
			ed = "In";
		};
		["Head"] = {
			cf = cfr(0,0,0,.029,.984,-.176,-.996,.014,-.087,-.083,.178,.981);
			es = "Linear";
			ed = "In";
		};
		["Left Arm"] = {
			cf = cfr(.26,-.587,.094,-.054,.62,.783,-.798,-.498,.339,.6,-.607,.522);
			es = "Linear";
			ed = "In";
		};
	};
	{
		tm = .065;
		["Torso"] = {
			cf = cfr(0,0,0,-.195,-.953,.231,.954,-.239,-.18,.227,.185,.956);
			es = "Linear";
			ed = "In";
		};
		["Right Arm"] = {
			cf = cfr(.826,.146,.002,.88,-.475,-.016,.264,.516,-.815,.395,.713,.579);
			es = "Linear";
			ed = "In";
		};
		["WeaponHold"] = {
			cf = cfr(0,0,0,1,0,0,0,1,0,0,0,1);
			es = "Linear";
			ed = "In";
		};
		["Head"] = {
			cf = cfr(0,0,0,.029,.984,-.176,-.996,.014,-.087,-.083,.178,.981);
			es = "Linear";
			ed = "In";
		};
		["Left Arm"] = {
			cf = cfr(.256,-.583,.095,-.048,.631,.774,-.801,-.488,.348,.597,-.603,.529);
			es = "Linear";
			ed = "In";
		};
	};
	{
		tm = .07;
		["Torso"] = {
			cf = cfr(0,0,0,-.194,-.954,.229,.955,-.237,-.178,.224,.184,.957);
			es = "Linear";
			ed = "In";
		};
		["Right Arm"] = {
			cf = cfr(.815,.141,-.002,.88,-.475,.001,.281,.518,-.808,.383,.711,.59);
			es = "Linear";
			ed = "In";
		};
		["WeaponHold"] = {
			cf = cfr(0,0,0,1,0,0,0,1,0,0,0,1);
			es = "Linear";
			ed = "In";
		};
		["Head"] = {
			cf = cfr(0,0,0,.029,.984,-.176,-.996,.014,-.087,-.083,.178,.981);
			es = "Linear";
			ed = "In";
		};
		["Left Arm"] = {
			cf = cfr(.252,-.579,.095,-.042,.643,.764,-.803,-.477,.358,.595,-.599,.537);
			es = "Linear";
			ed = "In";
		};
	};
	{
		tm = .074;
		["Torso"] = {
			cf = cfr(0,0,0,-.194,-.954,.227,.956,-.236,-.174,.22,.183,.958);
			es = "Linear";
			ed = "In";
		};
		["Right Arm"] = {
			cf = cfr(.803,.136,-.007,.879,-.476,.02,.3,.521,-.799,.37,.709,.601);
			es = "Linear";
			ed = "In";
		};
		["WeaponHold"] = {
			cf = cfr(0,0,0,1,0,0,0,1,0,0,0,1);
			es = "Linear";
			ed = "In";
		};
		["Head"] = {
			cf = cfr(0,0,0,.029,.984,-.176,-.996,.014,-.087,-.083,.178,.981);
			es = "Linear";
			ed = "In";
		};
		["Left Arm"] = {
			cf = cfr(.247,-.574,.096,-.035,.656,.754,-.805,-.465,.367,.592,-.594,.545);
			es = "Linear";
			ed = "In";
		};
	};
	{
		tm = .078;
		["Torso"] = {
			cf = cfr(0,0,0,-.193,-.955,.225,.957,-.234,-.171,.216,.182,.959);
			es = "Linear";
			ed = "In";
		};
		["Right Arm"] = {
			cf = cfr(.79,.13,-.012,.878,-.477,.039,.319,.523,-.79,.356,.706,.612);
			es = "Linear";
			ed = "In";
		};
		["WeaponHold"] = {
			cf = cfr(0,0,0,1,0,0,0,1,0,0,0,1);
			es = "Linear";
			ed = "In";
		};
		["Head"] = {
			cf = cfr(0,0,0,.029,.984,-.176,-.996,.014,-.087,-.083,.178,.981);
			es = "Linear";
			ed = "In";
		};
		["Left Arm"] = {
			cf = cfr(.242,-.57,.096,-.028,.669,.743,-.808,-.453,.377,.589,-.589,.553);
			es = "Linear";
			ed = "In";
		};
		["swingreg"] = "0";
	};
	{
		tm = .082;
		["Torso"] = {
			cf = cfr(0,0,0,-.193,-.956,.222,.958,-.232,-.168,.212,.181,.96);
			es = "Linear";
			ed = "In";
		};
		["Right Arm"] = {
			cf = cfr(.777,.124,-.018,.877,-.477,.06,.339,.526,-.78,.341,.704,.623);
			es = "Linear";
			ed = "In";
		};
		["WeaponHold"] = {
			cf = cfr(0,0,0,1,0,0,0,1,0,0,0,1);
			es = "Linear";
			ed = "In";
		};
		["Head"] = {
			cf = cfr(0,0,0,.029,.984,-.176,-.996,.014,-.087,-.083,.178,.981);
			es = "Linear";
			ed = "In";
		};
		["Left Arm"] = {
			cf = cfr(.237,-.565,.097,-.021,.683,.731,-.81,-.44,.388,.586,-.584,.562);
			es = "Linear";
			ed = "In";
		};
	};
	{
		tm = .086;
		["Torso"] = {
			cf = cfr(0,0,0,-.192,-.956,.22,.959,-.23,-.164,.208,.18,.962);
			es = "Linear";
			ed = "In";
		};
		["Right Arm"] = {
			cf = cfr(.763,.118,-.023,.874,-.478,.081,.36,.529,-.768,.325,.701,.635);
			es = "Linear";
			ed = "In";
		};
		["WeaponHold"] = {
			cf = cfr(0,0,0,1,0,0,0,1,0,0,0,1);
			es = "Linear";
			ed = "In";
		};
		["Head"] = {
			cf = cfr(0,0,0,.029,.984,-.176,-.996,.014,-.087,-.083,.178,.981);
			es = "Linear";
			ed = "In";
		};
		["Left Arm"] = {
			cf = cfr(.232,-.559,.098,-.013,.696,.718,-.812,-.425,.399,.583,-.578,.571);
			es = "Linear";
			ed = "In";
		};
	};
	{
		tm = .09;
		["Torso"] = {
			cf = cfr(0,0,0,-.191,-.957,.217,.96,-.228,-.161,.203,.178,.963);
			es = "Linear";
			ed = "In";
		};
		["Right Arm"] = {
			cf = cfr(.749,.111,-.029,.871,-.48,.103,.382,.532,-.756,.308,.698,.647);
			es = "Linear";
			ed = "In";
		};
		["WeaponHold"] = {
			cf = cfr(0,0,0,1,0,0,0,1,0,0,0,1);
			es = "Linear";
			ed = "In";
		};
		["Head"] = {
			cf = cfr(0,0,0,.029,.984,-.176,-.996,.014,-.087,-.083,.178,.981);
			es = "Linear";
			ed = "In";
		};
		["Left Arm"] = {
			cf = cfr(.226,-.554,.099,-.004,.711,.704,-.815,-.41,.41,.58,-.572,.581);
			es = "Linear";
			ed = "In";
		};
	};
	{
		tm = .094;
		["Torso"] = {
			cf = cfr(0,0,0,-.19,-.958,.215,.961,-.226,-.157,.199,.177,.964);
			es = "Linear";
			ed = "In";
		};
		["Right Arm"] = {
			cf = cfr(.733,.104,-.035,.868,-.481,.127,.404,.535,-.742,.289,.695,.658);
			es = "Linear";
			ed = "In";
		};
		["WeaponHold"] = {
			cf = cfr(0,0,0,1,0,0,0,1,0,0,0,1);
			es = "Linear";
			ed = "In";
		};
		["Head"] = {
			cf = cfr(0,0,0,.029,.984,-.176,-.996,.014,-.087,-.083,.178,.981);
			es = "Linear";
			ed = "In";
		};
		["Left Arm"] = {
			cf = cfr(.221,-.548,.1,.005,.725,.689,-.817,-.394,.421,.577,-.565,.59);
			es = "Linear";
			ed = "In";
		};
	};
	{
		tm = .098;
		["Torso"] = {
			cf = cfr(0,0,0,-.19,-.959,.212,.963,-.224,-.152,.194,.175,.965);
			es = "Linear";
			ed = "In";
		};
		["Right Arm"] = {
			cf = cfr(.717,.097,-.042,.863,-.482,.151,.427,.538,-.727,.27,.692,.67);
			es = "Linear";
			ed = "In";
		};
		["WeaponHold"] = {
			cf = cfr(0,0,0,1,0,0,0,1,0,0,0,1);
			es = "Linear";
			ed = "In";
		};
		["Head"] = {
			cf = cfr(0,0,0,.029,.984,-.176,-.996,.014,-.087,-.083,.178,.981);
			es = "Linear";
			ed = "In";
		};
		["Left Arm"] = {
			cf = cfr(.214,-.542,.1,.014,.74,.673,-.819,-.377,.432,.573,-.557,.601);
			es = "Linear";
			ed = "In";
		};
	};
	{
		tm = .102;
		["Torso"] = {
			cf = cfr(0,0,0,-.189,-.96,.209,.964,-.222,-.148,.188,.173,.967);
			es = "Linear";
			ed = "In";
		};
		["Right Arm"] = {
			cf = cfr(.701,.089,-.049,.857,-.484,.176,.451,.541,-.71,.249,.688,.681);
			es = "Linear";
			ed = "In";
		};
		["WeaponHold"] = {
			cf = cfr(0,0,0,1,0,0,0,1,0,0,0,1);
			es = "Linear";
			ed = "In";
		};
		["Head"] = {
			cf = cfr(0,0,0,.029,.984,-.176,-.996,.014,-.087,-.083,.178,.981);
			es = "Linear";
			ed = "In";
		};
		["Left Arm"] = {
			cf = cfr(.208,-.535,.101,.024,.755,.656,-.821,-.359,.444,.57,-.549,.611);
			es = "Linear";
			ed = "In";
		};
	};
	{
		tm = .107;
		["Torso"] = {
			cf = cfr(0,0,0,-.188,-.96,.206,.965,-.219,-.144,.183,.172,.968);
			es = "Linear";
			ed = "In";
		};
		["Right Arm"] = {
			cf = cfr(.684,.081,-.056,.851,-.486,.202,.474,.544,-.693,.227,.685,.693);
			es = "Linear";
			ed = "In";
		};
		["WeaponHold"] = {
			cf = cfr(0,0,0,1,0,0,0,1,0,0,0,1);
			es = "Linear";
			ed = "In";
		};
		["Head"] = {
			cf = cfr(0,0,0,.029,.984,-.176,-.996,.014,-.087,-.083,.178,.981);
			es = "Linear";
			ed = "In";
		};
		["Left Arm"] = {
			cf = cfr(.202,-.529,.102,.035,.77,.638,-.823,-.34,.455,.567,-.541,.622);
			es = "Linear";
			ed = "In";
		};
	};
	{
		tm = .111;
		["Torso"] = {
			cf = cfr(0,0,0,-.187,-.961,.203,.966,-.217,-.139,.177,.17,.969);
			es = "Linear";
			ed = "In";
		};
		["Right Arm"] = {
			cf = cfr(.666,.073,-.063,.843,-.487,.228,.498,.547,-.673,.203,.681,.704);
			es = "Linear";
			ed = "In";
		};
		["WeaponHold"] = {
			cf = cfr(0,0,0,1,0,0,0,1,0,0,0,1);
			es = "Linear";
			ed = "In";
		};
		["Head"] = {
			cf = cfr(0,0,0,.029,.984,-.176,-.996,.014,-.087,-.083,.178,.981);
			es = "Linear";
			ed = "In";
		};
		["Left Arm"] = {
			cf = cfr(.195,-.522,.103,.046,.784,.618,-.825,-.32,.467,.564,-.531,.632);
			es = "Linear";
			ed = "In";
		};
	};
	{
		tm = .115;
		["Torso"] = {
			cf = cfr(0,0,0,-.186,-.962,.199,.967,-.215,-.134,.172,.168,.971);
			es = "Linear";
			ed = "In";
		};
		["Right Arm"] = {
			cf = cfr(.647,.064,-.07,.834,-.49,.255,.523,.549,-.652,.179,.677,.714);
			es = "Linear";
			ed = "In";
		};
		["WeaponHold"] = {
			cf = cfr(0,0,0,1,0,0,0,1,0,0,0,1);
			es = "Linear";
			ed = "In";
		};
		["Head"] = {
			cf = cfr(0,0,0,.029,.984,-.176,-.996,.014,-.087,-.083,.178,.981);
			es = "Linear";
			ed = "In";
		};
		["Left Arm"] = {
			cf = cfr(.188,-.514,.104,.057,.799,.598,-.826,-.299,.478,.561,-.521,.643);
			es = "Linear";
			ed = "In";
		};
	};
	{
		tm = .119;
		["Torso"] = {
			cf = cfr(0,0,0,-.185,-.963,.196,.969,-.212,-.129,.166,.166,.972);
			es = "Linear";
			ed = "In";
		};
		["Right Arm"] = {
			cf = cfr(.628,.056,-.078,.823,-.492,.283,.547,.552,-.629,.153,.673,.724);
			es = "Linear";
			ed = "In";
		};
		["WeaponHold"] = {
			cf = cfr(0,0,0,1,0,0,0,1,0,0,0,1);
			es = "Linear";
			ed = "In";
		};
		["Head"] = {
			cf = cfr(0,0,0,.029,.984,-.176,-.996,.014,-.087,-.083,.178,.981);
			es = "Linear";
			ed = "In";
		};
		["Left Arm"] = {
			cf = cfr(.18,-.507,.105,.069,.814,.577,-.827,-.276,.489,.558,-.511,.654);
			es = "Linear";
			ed = "In";
		};
	};
	{
		tm = .123;
		["Torso"] = {
			cf = cfr(0,0,0,-.183,-.964,.192,.97,-.209,-.124,.159,.164,.974);
			es = "Linear";
			ed = "In";
		};
		["Right Arm"] = {
			cf = cfr(.608,.046,-.086,.811,-.495,.312,.571,.555,-.605,.126,.669,.733);
			es = "Linear";
			ed = "In";
		};
		["WeaponHold"] = {
			cf = cfr(0,0,0,1,0,0,0,1,0,0,0,1);
			es = "Linear";
			ed = "In";
		};
		["Head"] = {
			cf = cfr(0,0,0,.029,.984,-.176,-.996,.014,-.087,-.083,.178,.981);
			es = "Linear";
			ed = "In";
		};
		["Left Arm"] = {
			cf = cfr(.172,-.499,.106,.081,.829,.554,-.828,-.253,.5,.554,-.499,.666);
			es = "Linear";
			ed = "In";
		};
	};
	{
		tm = .127;
		["Torso"] = {
			cf = cfr(0,0,0,-.182,-.965,.189,.971,-.207,-.118,.153,.162,.975);
			es = "Linear";
			ed = "In";
		};
		["Right Arm"] = {
			cf = cfr(.587,.037,-.095,.798,-.497,.341,.595,.558,-.578,.098,.664,.741);
			es = "Linear";
			ed = "In";
		};
		["WeaponHold"] = {
			cf = cfr(0,0,0,1,0,0,0,1,0,0,0,1);
			es = "Linear";
			ed = "In";
		};
		["Head"] = {
			cf = cfr(0,0,0,.029,.984,-.176,-.996,.014,-.087,-.083,.178,.981);
			es = "Linear";
			ed = "In";
		};
		["Left Arm"] = {
			cf = cfr(.165,-.491,.108,.094,.843,.53,-.829,-.228,.511,.552,-.487,.677);
			es = "Linear";
			ed = "In";
		};
	};
	{
		tm = .131;
		["Torso"] = {
			cf = cfr(0,0,0,-.181,-.966,.185,.973,-.204,-.112,.146,.159,.976);
			es = "Linear";
			ed = "In";
		};
		["Right Arm"] = {
			cf = cfr(.566,.027,-.104,.783,-.501,.37,.619,.561,-.55,.068,.659,.749);
			es = "Linear";
			ed = "In";
		};
		["WeaponHold"] = {
			cf = cfr(0,0,0,1,0,0,0,1,0,0,0,1);
			es = "Linear";
			ed = "In";
		};
		["Head"] = {
			cf = cfr(0,0,0,.029,.984,-.176,-.996,.014,-.087,-.083,.178,.981);
			es = "Linear";
			ed = "In";
		};
		["Left Arm"] = {
			cf = cfr(.156,-.483,.109,.108,.857,.505,-.829,-.203,.521,.549,-.474,.688);
			es = "Linear";
			ed = "In";
		};
	};
	{
		tm = .135;
		["Torso"] = {
			cf = cfr(0,0,0,-.18,-.967,.181,.974,-.201,-.107,.139,.157,.978);
			es = "Linear";
			ed = "In";
		};
		["Right Arm"] = {
			cf = cfr(.544,.017,-.112,.766,-.504,.399,.642,.563,-.52,.037,.655,.755);
			es = "Linear";
			ed = "In";
		};
		["WeaponHold"] = {
			cf = cfr(0,0,0,1,0,0,0,1,0,0,0,1);
			es = "Linear";
			ed = "In";
		};
		["Head"] = {
			cf = cfr(0,0,0,.029,.984,-.176,-.996,.014,-.087,-.083,.178,.981);
			es = "Linear";
			ed = "In";
		};
		["Left Arm"] = {
			cf = cfr(.148,-.475,.11,.121,.87,.478,-.829,-.176,.531,.546,-.461,.7);
			es = "Linear";
			ed = "In";
		};
	};
	{
		tm = .139;
		["Torso"] = {
			cf = cfr(0,0,0,-.178,-.968,.177,.975,-.198,-.101,.132,.155,.979);
			es = "Linear";
			ed = "In";
		};
		["Right Arm"] = {
			cf = cfr(.521,.007,-.122,.747,-.508,.429,.665,.566,-.488,.005,.65,.76);
			es = "Linear";
			ed = "In";
		};
		["WeaponHold"] = {
			cf = cfr(0,0,0,1,0,0,0,1,0,0,0,1);
			es = "Linear";
			ed = "In";
		};
		["Head"] = {
			cf = cfr(0,0,0,.029,.984,-.176,-.996,.014,-.087,-.083,.178,.981);
			es = "Linear";
			ed = "In";
		};
		["Left Arm"] = {
			cf = cfr(.139,-.466,.111,.136,.882,.45,-.828,-.148,.54,.543,-.446,.711);
			es = "Linear";
			ed = "In";
		};
	};
	{
		tm = .143;
		["Torso"] = {
			cf = cfr(0,0,0,-.177,-.969,.173,.976,-.195,-.094,.125,.152,.98);
			es = "Linear";
			ed = "In";
		};
		["Right Arm"] = {
			cf = cfr(.498,-.004,-.131,.727,-.512,.459,.686,.568,-.454,-.028,.645,.764);
			es = "Linear";
			ed = "In";
		};
		["WeaponHold"] = {
			cf = cfr(0,0,0,1,0,0,0,1,0,0,0,1);
			es = "Linear";
			ed = "In";
		};
		["Head"] = {
			cf = cfr(0,0,0,.029,.984,-.176,-.996,.014,-.087,-.083,.178,.981);
			es = "Linear";
			ed = "In";
		};
		["Left Arm"] = {
			cf = cfr(.13,-.457,.113,.15,.894,.421,-.827,-.119,.549,.541,-.431,.722);
			es = "Linear";
			ed = "In";
		};
	};
	{
		tm = .147;
		["Torso"] = {
			cf = cfr(0,0,0,-.175,-.97,.169,.978,-.192,-.088,.118,.149,.982);
			es = "Linear";
			ed = "In";
		};
		["Right Arm"] = {
			cf = cfr(.474,-.015,-.141,.704,-.516,.488,.707,.57,-.418,-.063,.64,.766);
			es = "Linear";
			ed = "In";
		};
		["WeaponHold"] = {
			cf = cfr(0,0,0,1,0,0,0,1,0,0,0,1);
			es = "Linear";
			ed = "In";
		};
		["Head"] = {
			cf = cfr(0,0,0,.029,.984,-.176,-.996,.014,-.087,-.083,.178,.981);
			es = "Linear";
			ed = "In";
		};
		["Left Arm"] = {
			cf = cfr(.121,-.448,.114,.166,.905,.391,-.826,-.089,.557,.539,-.415,.733);
			es = "Linear";
			ed = "In";
		};
	};
	{
		tm = .152;
		["Torso"] = {
			cf = cfr(0,0,0,-.173,-.971,.164,.979,-.189,-.081,.11,.147,.983);
			es = "Linear";
			ed = "In";
		};
		["Right Arm"] = {
			cf = cfr(.449,-.026,-.151,.68,-.52,.517,.727,.572,-.38,-.098,.634,.767);
			es = "Linear";
			ed = "In";
		};
		["WeaponHold"] = {
			cf = cfr(0,0,0,1,0,0,0,1,0,0,0,1);
			es = "Linear";
			ed = "In";
		};
		["Head"] = {
			cf = cfr(0,0,0,.029,.984,-.176,-.996,.014,-.087,-.083,.178,.981);
			es = "Linear";
			ed = "In";
		};
		["Left Arm"] = {
			cf = cfr(.112,-.438,.115,.181,.916,.359,-.824,-.058,.564,.537,-.398,.744);
			es = "Linear";
			ed = "In";
		};
	};
	{
		tm = .185;
		["hitreg"] = "0";
	};
	{
		tm = .234;
		["Torso"] = {
			cf = cfr(0,0,0,.869,.495,-.018,-.492,.86,-.135,-.052,.126,.991);
			es = "Linear";
			ed = "In";
		};
		["Right Arm"] = {
			cf = cfr(0,-.346,.568,.994,.104,.047,-.046,-.013,.999,.104,-.995,-.009);
			es = "Linear";
			ed = "In";
		};
		["WeaponHold"] = {
			cf = cfr(0,0,0,1,0,0,0,1,0,0,0,1);
			es = "Linear";
			ed = "In";
		};
		["Head"] = {
			cf = cfr(0,0,0,.862,-.492,.121,.506,.852,-.135,-.037,.178,.983);
			es = "Linear";
			ed = "In";
		};
		["Left Arm"] = {
			cf = cfr(-.504,-.187,.082,.092,.696,.712,-.94,-.174,.292,.327,-.697,.638);
			es = "Linear";
			ed = "In";
		};
	};
	{
		tm = .32;
		["Torso"] = {
			cf = cfr(0,0,0,.711,.704,.009,-.693,.702,-.161,-.119,.108,.987);
			es = "Linear";
			ed = "In";
		};
		["Right Arm"] = {
			cf = cfr(-.215,-.17,.391,.794,.608,-.001,.029,-.036,.999,.607,-.793,-.046);
			es = "Linear";
			ed = "In";
		};
		["WeaponHold"] = {
			cf = cfr(0,0,0,1,0,0,0,1,0,0,0,1);
			es = "Linear";
			ed = "In";
		};
		["Head"] = {
			cf = cfr(0,0,0,.653,-.749,.112,.757,.649,-.075,-.016,.133,.991);
			es = "Linear";
			ed = "In";
		};
		["Left Arm"] = {
			cf = cfr(-.504,-.187,.082,-.223,.975,.011,-.819,-.194,.54,.529,.111,.841);
			es = "Linear";
			ed = "In";
		};
	};
	{
		tm = .377;
		["end"] = "0";
	};
	{
		tm = .435;
		["Torso"] = {
			cf = cfr(-.001,.008,-.044,.475,.88,.016,-.865,.471,-.171,-.158,.067,.985);
			es = "Linear";
			ed = "In";
		};
		["Right Arm"] = {
			cf = cfr(-.227,-.275,.411,.762,.629,-.151,.107,.107,.988,.638,-.77,.015);
			es = "Linear";
			ed = "In";
		};
		["WeaponHold"] = {
			cf = cfr(0,0,0,1,0,0,0,1,0,0,0,1);
			es = "Linear";
			ed = "In";
		};
		["Head"] = {
			cf = cfr(0,0,0,.553,-.83,.074,.832,.545,-.108,.049,.121,.991);
			es = "Linear";
			ed = "In";
		};
		["Left Arm"] = {
			cf = cfr(-.566,-.176,.056,-.392,.908,-.148,-.668,-.17,.725,.633,.383,.673);
			es = "Linear";
			ed = "In";
		};
	};
	{
		tm = .57;
		["Torso"] = {
			cf = cfr(-.001,.008,-.044,.475,.88,.016,-.865,.471,-.171,-.158,.067,.985);
			es = "Linear";
			ed = "In";
		};
		["Right Arm"] = {
			cf = cfr(-.227,-.275,.411,.762,.629,-.151,.107,.107,.988,.638,-.77,.015);
			es = "Linear";
			ed = "In";
		};
		["WeaponHold"] = {
			cf = cfr(0,0,0,1,0,0,0,1,0,0,0,1);
			es = "Linear";
			ed = "In";
		};
		["Head"] = {
			cf = cfr(0,0,0,.553,-.83,.074,.832,.545,-.108,.049,.121,.991);
			es = "Linear";
			ed = "In";
		};
		["Left Arm"] = {
			cf = cfr(-.566,-.176,.056,-.392,.908,-.148,-.668,-.17,.725,.633,.383,.673);
			es = "Linear";
			ed = "In";
		};
	};
}
