-- // converted using mech's animoduler
local cfr = CFrame.new

return {
	{
		tm = 0;
		["Torso"] = {
			cf = cfr(0,0,0,1,0,0,0,1,0,0,0,1);
			es = "Linear";
			ed = "In";
		};
		["Left Leg"] = {
			cf = cfr(0,0,0,1,0,0,0,1,0,0,0,1);
			es = "Linear";
			ed = "In";
		};
		["Right Arm"] = {
			cf = cfr(0,0,0,1,0,0,0,1,0,0,0,1);
			es = "Linear";
			ed = "In";
		};
		["WeaponHold"] = {
			cf = cfr(0,0,0,1,0,0,0,1,0,0,0,1);
			es = "Linear";
			ed = "In";
		};
		["Head"] = {
			cf = cfr(0,0,0,1,0,0,0,1,0,0,0,1);
			es = "Linear";
			ed = "In";
		};
		["Left Arm"] = {
			cf = cfr(0,0,0,1,0,0,0,1,0,0,0,1);
			es = "Linear";
			ed = "In";
		};
		["Right Leg"] = {
			cf = cfr(0,0,0,1,0,0,0,1,0,0,0,1);
			es = "Linear";
			ed = "In";
		};
	};
	{
		tm = .037;
		["Torso"] = {
			cf = cfr(0,.302,-.122,.222,.909,-.353,-.968,.25,.036,.121,.334,.935);
			es = "Linear";
			ed = "In";
		};
		["Left Leg"] = {
			cf = cfr(-.631,.194,.238,.953,.277,-.124,-.26,.956,.137,.157,-.098,.983);
			es = "Linear";
			ed = "In";
		};
		["Right Arm"] = {
			cf = cfr(-.137,-.29,.152,.746,-.607,-.272,.664,.656,.359,-.039,-.449,.893);
			es = "Linear";
			ed = "In";
		};
		["WeaponHold"] = {
			cf = cfr(0,0,0,1,0,0,0,.936,.351,0,-.351,.936);
			es = "Linear";
			ed = "In";
		};
		["Head"] = {
			cf = cfr(0,0,0,.331,-.939,.091,.934,.34,.109,-.133,.049,.99);
			es = "Linear";
			ed = "In";
		};
		["Left Arm"] = {
			cf = cfr(-.59,-.537,.811,-.137,.964,-.228,.527,.266,.808,.839,-.009,-.544);
			es = "Linear";
			ed = "In";
		};
		["Right Leg"] = {
			cf = cfr(.513,.199,.125,.923,.325,-.206,-.211,.876,.433,.321,-.356,.878);
			es = "Linear";
			ed = "In";
		};
	};
	{
		tm = .102;
		["Torso"] = {
			cf = cfr(0,.372,-.186,.088,.92,-.382,-.992,.114,.045,.085,.375,.923);
			es = "Linear";
			ed = "In";
		};
		["Left Leg"] = {
			cf = cfr(-.708,.26,.278,.977,.188,-.102,-.163,.964,.21,.138,-.188,.972);
			es = "Linear";
			ed = "In";
		};
		["Right Arm"] = {
			cf = cfr(-.137,-.29,.152,.746,-.61,-.269,.66,.621,.423,-.091,-.493,.865);
			es = "Linear";
			ed = "In";
		};
		["WeaponHold"] = {
			cf = cfr(0,0,0,.999,-.034,.003,.032,.965,.259,-.012,-.259,.966);
			es = "Linear";
			ed = "In";
		};
		["Left Arm"] = {
			cf = cfr(-.681,-.367,.808,-.446,.894,-.045,.54,.309,.783,.714,.325,-.62);
			es = "Linear";
			ed = "In";
		};
		["Right Leg"] = {
			cf = cfr(.513,.199,.125,.953,.245,-.177,-.113,.834,.541,.28,-.495,.822);
			es = "Linear";
			ed = "In";
		};
	};
	{
		tm = .168;
		["Torso"] = {
			cf = cfr(0,.325,-.144,.338,.849,-.407,-.941,.313,-.127,.02,.426,.905);
			es = "Linear";
			ed = "In";
		};
		["Left Leg"] = {
			cf = cfr(-.436,.313,.077,.951,.241,.192,-.274,.947,.171,-.14,-.215,.967);
			es = "Linear";
			ed = "In";
		};
		["Right Arm"] = {
			cf = cfr(-.137,-.29,.152,.858,-.332,-.391,.507,.667,.546,.079,-.667,.741);
			es = "Linear";
			ed = "In";
		};
		["WeaponHold"] = {
			cf = cfr(0,0,0,.576,-.123,-.808,.353,.929,.11,.737,-.349,.578);
			es = "Linear";
			ed = "In";
		};
		["Head"] = {
			cf = cfr(0,0,0,.434,-.9,-.049,.886,.416,.203,-.162,-.132,.978);
			es = "Linear";
			ed = "In";
		};
		["Left Arm"] = {
			cf = cfr(-1.013,-.385,.579,-.657,.748,.098,.506,.341,.793,.559,.57,-.602);
			es = "Linear";
			ed = "In";
		};
		["Right Leg"] = {
			cf = cfr(.697,.641,.166,.964,-.164,-.207,.246,.847,.471,.098,-.506,.857);
			es = "Linear";
			ed = "In";
		};
	};
	{
		tm = .176;
		["swingreg"] = "0";
	};
	{
		tm = .234;
		["Torso"] = {
			cf = cfr(0,0,0,.629,-.756,.181,.721,.655,.227,-.29,-.012,.957);
			es = "Linear";
			ed = "In";
		};
		["Left Leg"] = {
			cf = cfr(-.515,.229,-.008,.967,-.257,0,.244,.92,.306,-.078,-.295,.952);
			es = "Linear";
			ed = "In";
		};
		["Right Arm"] = {
			cf = cfr(-.433,-.186,-.022,.686,.187,-.703,.269,.833,.484,.676,-.521,.521);
			es = "Linear";
			ed = "In";
		};
		["WeaponHold"] = {
			cf = cfr(0,0,0,1,0,0,0,1,0,0,0,1);
			es = "Linear";
			ed = "In";
		};
		["Head"] = {
			cf = cfr(0,0,0,.664,.698,-.267,-.724,.689,0,.184,.193,.964);
			es = "Linear";
			ed = "In";
		};
		["Left Arm"] = {
			cf = cfr(-.007,-.233,.28,.477,.814,-.331,-.384,.532,.754,.79,-.233,.567);
			es = "Linear";
			ed = "In";
		};
		["Right Leg"] = {
			cf = cfr(.664,.856,-.083,.921,-.389,.039,-.047,-.01,.999,-.388,-.921,-.027);
			es = "Linear";
			ed = "In";
		};
		["hitreg"] = "0";
	};
	{
		tm = .287;
		["Torso"] = {
			cf = cfr(0,0,0,.52,-.819,.243,.804,.566,.185,-.289,.099,.952);
			es = "Linear";
			ed = "In";
		};
		["Left Leg"] = {
			cf = cfr(-.515,.229,-.008,.918,-.279,.281,.183,.928,.325,-.352,-.248,.903);
			es = "Linear";
			ed = "In";
		};
		["Right Arm"] = {
			cf = cfr(-.433,-.186,-.022,.619,.442,-.649,-.028,.838,.545,.785,-.319,.531);
			es = "Linear";
			ed = "In";
		};
		["WeaponHold"] = {
			cf = cfr(0,0,0,1,0,0,0,.954,-.301,0,.301,.954);
			es = "Linear";
			ed = "In";
		};
		["Head"] = {
			cf = cfr(0,0,0,.644,.711,-.282,-.744,.668,-.016,.177,.221,.959);
			es = "Linear";
			ed = "In";
		};
		["Left Arm"] = {
			cf = cfr(-.007,-.233,.28,.685,.726,.059,-.53,.441,.724,.5,-.527,.687);
			es = "Linear";
			ed = "In";
		};
		["Right Leg"] = {
			cf = cfr(.421,.809,-.133,.35,-.92,-.176,-.005,-.19,.982,-.937,-.343,-.071);
			es = "Linear";
			ed = "In";
		};
	};
	{
		tm = .336;
		["Torso"] = {
			cf = cfr(0,0,0,.391,-.886,.249,.901,.424,.094,-.188,.188,.964);
			es = "Linear";
			ed = "In";
		};
		["Left Leg"] = {
			cf = cfr(-.515,.229,-.008,.971,-.114,.212,.072,.978,.196,-.229,-.175,.957);
			es = "Linear";
			ed = "In";
		};
		["Right Arm"] = {
			cf = cfr(-.433,-.186,-.022,.599,.317,-.735,.304,.76,.575,.741,-.568,.359);
			es = "Linear";
			ed = "In";
		};
		["WeaponHold"] = {
			cf = cfr(0,0,0,.998,.056,-.005,-.053,.922,-.385,-.017,.384,.923);
			es = "Linear";
			ed = "In";
		};
		["Head"] = {
			cf = cfr(0,0,0,.462,.859,-.221,-.874,.484,.053,.152,.168,.974);
			es = "Linear";
			ed = "In";
		};
		["Left Arm"] = {
			cf = cfr(-.028,-.272,.219,.807,.563,.18,-.547,.597,.586,.223,-.571,.79);
			es = "Linear";
			ed = "In";
		};
		["Right Leg"] = {
			cf = cfr(.421,.809,-.133,.069,-.995,.078,-.06,.074,.995,-.996,-.073,-.054);
			es = "Linear";
			ed = "In";
		};
	};
	{
		tm = .373;
		["Torso"] = {
			cf = cfr(-.015,.001,-.063,.398,-.886,.236,.914,.405,-.022,-.076,.225,.971);
			es = "Linear";
			ed = "In";
		};
		["Left Leg"] = {
			cf = cfr(-.665,.193,.057,.961,-.167,.218,.14,.981,.136,-.237,-.101,.966);
			es = "Linear";
			ed = "In";
		};
		["Right Arm"] = {
			cf = cfr(-.433,-.186,-.022,.754,.201,-.625,.274,.769,.578,.597,-.607,.525);
			es = "Linear";
			ed = "In";
		};
		["WeaponHold"] = {
			cf = cfr(0,0,0,.998,-.067,-.005,.06,.921,-.385,.03,.384,.923);
			es = "Linear";
			ed = "In";
		};
		["Head"] = {
			cf = cfr(0,0,0,.419,.882,-.215,-.892,.444,.085,.17,.156,.973);
			es = "Linear";
			ed = "In";
		};
		["Left Arm"] = {
			cf = cfr(-.028,-.272,.219,.876,.469,-.111,-.333,.755,.565,.349,-.458,.817);
			es = "Linear";
			ed = "In";
		};
		["Right Leg"] = {
			cf = cfr(.772,.556,-.321,.069,-.679,.731,-.06,.729,.682,-.996,-.09,.01);
			es = "Linear";
			ed = "In";
		};
	};
	{
		tm = .422;
		["Torso"] = {
			cf = cfr(-.042,.019,-.195,.383,-.872,.305,.924,.358,-.137,.01,.335,.942);
			es = "Linear";
			ed = "In";
		};
		["Left Leg"] = {
			cf = cfr(-.603,.249,.152,.979,-.017,.205,.015,1,.011,-.205,-.007,.979);
			es = "Linear";
			ed = "In";
		};
		["Right Arm"] = {
			cf = cfr(-.433,-.186,-.022,.761,.045,-.648,.343,.819,.459,.551,-.571,.608);
			es = "Linear";
			ed = "In";
		};
		["Head"] = {
			cf = cfr(0,0,0,.384,.918,-.1,-.892,.397,.215,.237,.007,.972);
			es = "Linear";
			ed = "In";
		};
		["Left Arm"] = {
			cf = cfr(-.028,-.272,.219,.744,.638,-.197,-.511,.734,.448,.43,-.233,.872);
			es = "Linear";
			ed = "In";
		};
		["Right Leg"] = {
			cf = cfr(.866,.377,-.294,.189,-.585,.789,-.189,.766,.614,-.964,-.265,.034);
			es = "Linear";
			ed = "In";
		};
	};
	{
		tm = .43;
		["end"] = "0";
	};
	{
		tm = .447;
		["Torso"] = {
			cf = cfr(-.042,.019,-.217,.357,-.885,.299,.933,.325,-.153,.038,.334,.942);
			es = "Linear";
			ed = "In";
		};
		["Left Leg"] = {
			cf = cfr(-.603,.249,.152,.979,-.009,.206,.015,.999,-.029,-.205,.031,.978);
			es = "Linear";
			ed = "In";
		};
		["Right Arm"] = {
			cf = cfr(-.433,-.186,-.022,.799,.008,-.601,.317,.844,.432,.511,-.536,.672);
			es = "Linear";
			ed = "In";
		};
		["Head"] = {
			cf = cfr(0,0,0,.384,.914,-.129,-.892,.404,.202,.237,.038,.971);
			es = "Linear";
			ed = "In";
		};
		["Left Arm"] = {
			cf = cfr(-.028,-.272,.218,.716,.648,-.259,-.519,.743,.422,.466,-.168,.869);
			es = "Linear";
			ed = "In";
		};
		["Right Leg"] = {
			cf = cfr(.864,.413,-.27,.214,-.49,.845,-.225,.817,.531,-.95,-.304,.065);
			es = "Linear";
			ed = "In";
		};
	};
	{
		tm = .488;
		["Torso"] = {
			cf = cfr(-.042,.019,-.21,.353,-.892,.281,.935,.329,-.132,.026,.309,.951);
			es = "Linear";
			ed = "In";
		};
		["Left Leg"] = {
			cf = cfr(-.603,.249,.152,.978,-.024,.205,.027,1,-.01,-.205,.015,.979);
			es = "Linear";
			ed = "In";
		};
		["Right Arm"] = {
			cf = cfr(-.433,-.186,-.022,.798,-.033,-.601,.341,.848,.407,.496,-.53,.688);
			es = "Linear";
			ed = "In";
		};
		["WeaponHold"] = {
			cf = cfr(0,0,0,.998,-.063,-.021,.06,.987,-.15,.03,.149,.988);
			es = "Linear";
			ed = "In";
		};
		["Head"] = {
			cf = cfr(0,0,0,.386,.918,-.094,-.896,.397,.199,.22,.008,.975);
			es = "Linear";
			ed = "In";
		};
		["Left Arm"] = {
			cf = cfr(-.028,-.272,.218,.693,.67,-.266,-.545,.729,.415,.472,-.142,.87);
			es = "Linear";
			ed = "In";
		};
		["Right Leg"] = {
			cf = cfr(.864,.413,-.27,.201,-.455,.867,-.2,.848,.491,-.959,-.272,.079);
			es = "Linear";
			ed = "In";
		};
	};
	{
		tm = .545;
		["Torso"] = {
			cf = cfr(-.042,.019,-.21,.353,-.892,.281,.935,.329,-.132,.026,.309,.951);
			es = "Linear";
			ed = "In";
		};
		["Left Leg"] = {
			cf = cfr(-.603,.249,.152,.978,-.024,.205,.027,1,-.01,-.205,.015,.979);
			es = "Linear";
			ed = "In";
		};
		["Right Arm"] = {
			cf = cfr(-.433,-.186,-.022,.798,-.033,-.601,.341,.848,.407,.496,-.53,.688);
			es = "Linear";
			ed = "In";
		};
		["WeaponHold"] = {
			cf = cfr(0,0,0,.998,-.063,-.021,.06,.987,-.15,.03,.149,.988);
			es = "Linear";
			ed = "In";
		};
		["Head"] = {
			cf = cfr(0,0,0,.386,.918,-.094,-.896,.397,.199,.22,.008,.975);
			es = "Linear";
			ed = "In";
		};
		["Left Arm"] = {
			cf = cfr(-.028,-.272,.218,.693,.67,-.266,-.545,.729,.415,.472,-.142,.87);
			es = "Linear";
			ed = "In";
		};
		["Right Leg"] = {
			cf = cfr(.864,.413,-.27,.201,-.455,.867,-.2,.848,.491,-.959,-.272,.079);
			es = "Linear";
			ed = "In";
		};
	};
}
