-- // converted using mech's animoduler
local cfr = CFrame.new

return {
	{
		tm = 0;
		["Torso"] = {
			tm = .017;
			cf = cfr(0,0,0,.955,-.287,.069,.295,.938,-.182,-.012,.194,.981);
			es = "Linear";
			ed = "In";
		};
		["Left Leg"] = {
			tm = .017;
			cf = cfr(-.762,.125,.029,.911,.056,-.408,-.002,.991,.132,.412,-.119,.903);
			es = "Linear";
			ed = "In";
		};
		["Right Arm"] = {
			tm = .017;
			cf = cfr(.163,-.729,-.461,-.939,-.313,-.145,.342,-.803,-.487,.036,-.507,.861);
			es = "Linear";
			ed = "In";
		};
		["Head"] = {
			tm = .017;
			cf = cfr(0,0,0,.934,-.351,.06,.356,.928,-.113,-.016,.127,.992);
			es = "Linear";
			ed = "In";
		};
		["Right Leg"] = {
			tm = .017;
			cf = cfr(.271,-.001,.087,.977,0,.212,-.021,.995,.094,-.211,-.096,.973);
			es = "Linear";
			ed = "In";
		};
		["Left Arm"] = {
			tm = .017;
			cf = cfr(-.22,-.088,.179,-.513,.034,-.858,-.348,.905,.244,.785,.423,-.453);
			es = "Linear";
			ed = "In";
		};
	};
	{
		tm = .017;
		["Torso"] = {
			tm = .016;
			cf = cfr(-.002,0,0,.955,-.289,.069,.297,.937,-.182,-.012,.195,.981);
			es = "Linear";
			ed = "In";
		};
		["Left Leg"] = {
			tm = .016;
			cf = cfr(-.761,.131,.03,.924,.051,-.379,0,.991,.133,.382,-.123,.916);
			es = "Linear";
			ed = "In";
		};
		["Right Arm"] = {
			tm = .016;
			cf = cfr(.163,-.729,-.461,-.941,-.309,-.138,.336,-.8,-.498,.043,-.515,.856);
			es = "Linear";
			ed = "In";
		};
		["Head"] = {
			tm = .016;
			cf = cfr(0,0,0,.931,-.361,.06,.366,.924,-.113,-.015,.127,.992);
			es = "Linear";
			ed = "In";
		};
		["Right Leg"] = {
			tm = .016;
			cf = cfr(.249,-.006,.076,.986,-.001,.168,-.016,.995,.1,-.167,-.102,.981);
			es = "Linear";
			ed = "In";
		};
		["Left Arm"] = {
			tm = .016;
			cf = cfr(-.219,-.09,.18,-.52,.041,-.853,-.347,.903,.254,.781,.429,-.455);
			es = "Linear";
			ed = "In";
		};
	};
	{
		tm = .033;
		["Torso"] = {
			tm = .017;
			cf = cfr(-.009,0,0,.953,-.296,.071,.304,.935,-.183,-.012,.196,.981);
			es = "Linear";
			ed = "In";
		};
		["Left Leg"] = {
			tm = .017;
			cf = cfr(-.758,.137,.031,.954,.039,-.296,.002,.991,.135,.299,-.13,.946);
			es = "Linear";
			ed = "In";
		};
		["Right Arm"] = {
			tm = .017;
			cf = cfr(.163,-.729,-.461,-.947,-.299,-.118,.315,-.787,-.53,.066,-.539,.84);
			es = "Linear";
			ed = "In";
		};
		["Head"] = {
			tm = .017;
			cf = cfr(0,0,0,.919,-.391,.06,.395,.912,-.113,-.011,.127,.992);
			es = "Linear";
			ed = "In";
		};
		["Right Leg"] = {
			tm = .017;
			cf = cfr(.184,-.022,.043,1,-.002,.028,-.001,.994,.113,-.028,-.113,.993);
			es = "Linear";
			ed = "In";
		};
		["Left Arm"] = {
			tm = .017;
			cf = cfr(-.215,-.097,.186,-.54,.061,-.839,-.344,.894,.286,.768,.444,-.462);
			es = "Linear";
			ed = "In";
		};
	};
	{
		tm = .05;
		["Torso"] = {
			tm = .017;
			cf = cfr(-.021,0,0,.949,-.307,.074,.315,.931,-.184,-.012,.198,.98);
			es = "Linear";
			ed = "In";
		};
		["Left Leg"] = {
			tm = .017;
			cf = cfr(-.723,.126,.038,.985,.036,-.167,-.014,.991,.131,.17,-.127,.977);
			es = "Linear";
			ed = "In";
		};
		["Right Arm"] = {
			tm = .017;
			cf = cfr(.163,-.729,-.461,-.955,-.284,-.085,.279,-.766,-.579,.1,-.577,.811);
			es = "Linear";
			ed = "In";
		};
		["Head"] = {
			tm = .017;
			cf = cfr(0,0,0,.898,-.437,.06,.441,.891,-.113,-.004,.128,.992);
			es = "Linear";
			ed = "In";
		};
		["Right Leg"] = {
			tm = .017;
			cf = cfr(.082,-.048,-.009,.977,.001,-.212,.023,.993,.112,.211,-.114,.971);
			es = "Linear";
			ed = "In";
		};
		["Left Arm"] = {
			tm = .017;
			cf = cfr(-.209,-.109,.194,-.572,.092,-.815,-.339,.879,.337,.747,.468,-.471);
			es = "Linear";
			ed = "In";
		};
	};
	{
		tm = .067;
		["Torso"] = {
			tm = .016;
			cf = cfr(-.037,0,0,.944,-.321,.077,.33,.925,-.186,-.012,.201,.98);
			es = "Linear";
			ed = "In";
		};
		["Left Leg"] = {
			tm = .016;
			cf = cfr(-.631,.096,.06,.999,.041,.028,-.044,.994,.103,-.024,-.104,.994);
			es = "Linear";
			ed = "In";
		};
		["Right Arm"] = {
			tm = .016;
			cf = cfr(.163,-.729,-.461,-.963,-.267,-.042,.232,-.735,-.637,.139,-.623,.77);
			es = "Linear";
			ed = "In";
		};
		["Head"] = {
			tm = .016;
			cf = cfr(0,0,0,.869,-.491,.06,.495,.862,-.113,.004,.128,.992);
			es = "Linear";
			ed = "In";
		};
		["Right Leg"] = {
			tm = .016;
			cf = cfr(-.043,-.078,-.073,.863,0,-.504,.041,.997,.071,.503,-.082,.861);
			es = "Linear";
			ed = "In";
		};
		["Left Arm"] = {
			tm = .016;
			cf = cfr(-.202,-.123,.204,-.609,.128,-.783,-.329,.857,.397,.722,.499,-.48);
			es = "Linear";
			ed = "In";
		};
	};
	{
		tm = .083;
		["Torso"] = {
			tm = .017;
			cf = cfr(-.055,0,0,.937,-.339,.081,.348,.919,-.187,-.011,.204,.979);
			es = "Linear";
			ed = "In";
		};
		["Left Leg"] = {
			tm = .017;
			cf = cfr(-.502,.052,.09,.967,.056,.25,-.068,.997,.04,-.247,-.056,.967);
			es = "Linear";
			ed = "In";
		};
		["Right Arm"] = {
			tm = .017;
			cf = cfr(.163,-.729,-.461,-.968,-.252,.003,.18,-.699,-.692,.177,-.669,.722);
			es = "Linear";
			ed = "In";
		};
		["Head"] = {
			tm = .017;
			cf = cfr(0,0,0,.837,-.544,.06,.547,.83,-.113,.011,.127,.992);
			es = "Linear";
			ed = "In";
		};
		["Right Leg"] = {
			tm = .017;
			cf = cfr(-.167,-.109,-.136,.663,-.023,-.748,.026,1,-.008,.748,-.014,.663);
			es = "Linear";
			ed = "In";
		};
		["Left Arm"] = {
			tm = .017;
			cf = cfr(-.195,-.137,.214,-.645,.163,-.746,-.317,.832,.456,.695,.531,-.485);
			es = "Linear";
			ed = "In";
		};
	};
	{
		tm = .1;
		["Torso"] = {
			tm = .017;
			cf = cfr(-.076,0,0,.93,-.357,.086,.367,.911,-.189,-.011,.207,.978);
			es = "Linear";
			ed = "In";
		};
		["Left Leg"] = {
			tm = .017;
			cf = cfr(-.373,.008,.121,.899,.081,.431,-.071,.997,-.039,-.433,.005,.901);
			es = "Linear";
			ed = "In";
		};
		["Right Arm"] = {
			tm = .017;
			cf = cfr(.163,-.729,-.461,-.97,-.241,.043,.133,-.665,-.735,.206,-.707,.677);
			es = "Linear";
			ed = "In";
		};
		["Head"] = {
			tm = .017;
			cf = cfr(0,0,0,.809,-.585,.06,.588,.801,-.113,.018,.127,.992);
			es = "Linear";
			ed = "In";
		};
		["Right Leg"] = {
			tm = .017;
			cf = cfr(-.27,-.135,-.189,.463,-.068,-.884,-.021,.996,-.088,.886,.059,.46);
			es = "Linear";
			ed = "In";
		};
		["Left Arm"] = {
			tm = .017;
			cf = cfr(-.189,-.148,.222,-.674,.19,-.714,-.305,.808,.503,.673,.557,-.487);
			es = "Linear";
			ed = "In";
		};
	};
	{
		tm = .117;
		["Torso"] = {
			tm = .016;
			cf = cfr(-.096,0,0,.922,-.376,.091,.387,.902,-.19,-.01,.211,.978);
			es = "Linear";
			ed = "In";
		};
		["Left Leg"] = {
			tm = .016;
			cf = cfr(-.284,-.023,.142,.838,.107,.535,-.062,.993,-.101,-.542,.052,.839);
			es = "Linear";
			ed = "In";
		};
		["Right Arm"] = {
			tm = .016;
			cf = cfr(.163,-.729,-.461,-.97,-.234,.071,.097,-.638,-.764,.224,-.734,.642);
			es = "Linear";
			ed = "In";
		};
		["Head"] = {
			tm = .016;
			cf = cfr(0,0,0,.789,-.611,.06,.614,.782,-.113,.022,.126,.992);
			es = "Linear";
			ed = "In";
		};
		["Right Leg"] = {
			tm = .016;
			cf = cfr(-.335,-.151,-.222,.335,-.11,-.936,-.066,.988,-.14,.94,.108,.324);
			es = "Linear";
			ed = "In";
		};
		["Left Arm"] = {
			tm = .016;
			cf = cfr(-.185,-.156,.227,-.692,.207,-.692,-.297,.791,.534,.658,.575,-.486);
			es = "Linear";
			ed = "In";
		};
	};
	{
		tm = .133;
		["Torso"] = {
			tm = .0169;
			cf = cfr(-.115,0,0,.915,-.393,.095,.404,.895,-.192,-.01,.214,.977);
			es = "Linear";
			ed = "In";
		};
		["Left Leg"] = {
			tm = .0169;
			cf = cfr(-.253,-.033,.149,.815,.121,.567,-.06,.99,-.125,-.577,.068,.814);
			es = "Linear";
			ed = "In";
		};
		["Right Arm"] = {
			tm = .0169;
			cf = cfr(.163,-.729,-.461,-.969,-.23,.086,.078,-.623,-.779,.232,-.748,.622);
			es = "Linear";
			ed = "In";
		};
		["Head"] = {
			tm = .0169;
			cf = cfr(0,0,0,.783,-.619,.06,.622,.775,-.113,.023,.126,.992);
			es = "Linear";
			ed = "In";
		};
		["Right Leg"] = {
			tm = .0169;
			cf = cfr(-.357,-.156,-.233,.294,-.129,-.947,-.085,.983,-.16,.952,.128,.278);
			es = "Linear";
			ed = "In";
		};
		["Left Arm"] = {
			tm = .0169;
			cf = cfr(-.184,-.158,.229,-.697,.214,-.684,-.296,.784,.546,.653,.583,-.483);
			es = "Linear";
			ed = "In";
		};
	};
	{
		tm = .15;
		["Torso"] = {
			tm = .0170;
			cf = cfr(-.131,0,0,.908,-.407,.099,.418,.888,-.193,-.009,.216,.976);
			es = "Linear";
			ed = "In";
		};
		["Left Leg"] = {
			tm = .0170;
			cf = cfr(-.259,-.031,.148,.813,.125,.568,-.063,.99,-.127,-.579,.068,.813);
			es = "Linear";
			ed = "In";
		};
		["Right Arm"] = {
			tm = .0170;
			cf = cfr(.163,-.729,-.461,-.969,-.227,.092,.069,-.613,-.787,.236,-.756,.61);
			es = "Linear";
			ed = "In";
		};
		["Head"] = {
			tm = .0170;
			cf = cfr(0,0,0,.783,-.619,.06,.622,.775,-.113,.023,.126,.992);
			es = "Linear";
			ed = "In";
		};
		["Right Leg"] = {
			tm = .0170;
			cf = cfr(-.357,-.156,-.233,.295,-.133,-.946,-.088,.982,-.165,.951,.132,.278);
			es = "Linear";
			ed = "In";
		};
		["Left Arm"] = {
			tm = .0170;
			cf = cfr(-.184,-.158,.229,-.697,.215,-.684,-.297,.781,.549,.652,.586,-.481);
			es = "Linear";
			ed = "In";
		};
	};
	{
		tm = .167;
		["Torso"] = {
			tm = .0159;
			cf = cfr(-.142,0,0,.903,-.417,.102,.429,.882,-.193,-.009,.218,.976);
			es = "Linear";
			ed = "In";
		};
		["Left Leg"] = {
			tm = .0159;
			cf = cfr(-.275,-.025,.143,.814,.122,.568,-.063,.99,-.124,-.578,.065,.813);
			es = "Linear";
			ed = "In";
		};
		["Right Arm"] = {
			tm = .0159;
			cf = cfr(.163,-.729,-.461,-.969,-.226,.097,.061,-.605,-.794,.238,-.764,.6);
			es = "Linear";
			ed = "In";
		};
		["Head"] = {
			tm = .0159;
			cf = cfr(0,0,0,.783,-.619,.06,.622,.775,-.113,.023,.126,.992);
			es = "Linear";
			ed = "In";
		};
		["Right Leg"] = {
			tm = .0159;
			cf = cfr(-.357,-.156,-.233,.296,-.136,-.946,-.09,.981,-.169,.951,.135,.278);
			es = "Linear";
			ed = "In";
		};
		["Left Arm"] = {
			tm = .0159;
			cf = cfr(-.184,-.158,.229,-.697,.217,-.683,-.299,.779,.552,.652,.589,-.478);
			es = "Linear";
			ed = "In";
		};
	};
	{
		tm = .183;
		["Torso"] = {
			tm = .0170;
			cf = cfr(-.15,0,0,.9,-.423,.103,.435,.879,-.194,-.009,.219,.976);
			es = "Linear";
			ed = "In";
		};
		["Left Leg"] = {
			tm = .0170;
			cf = cfr(-.299,-.016,.136,.816,.115,.566,-.059,.991,-.116,-.575,.061,.816);
			es = "Linear";
			ed = "In";
		};
		["Right Arm"] = {
			tm = .0170;
			cf = cfr(.163,-.729,-.461,-.969,-.225,.1,.056,-.597,-.8,.24,-.77,.591);
			es = "Linear";
			ed = "In";
		};
		["Head"] = {
			tm = .0170;
			cf = cfr(0,0,0,.783,-.619,.06,.622,.775,-.113,.023,.126,.992);
			es = "Linear";
			ed = "In";
		};
		["Right Leg"] = {
			tm = .0170;
			cf = cfr(-.357,-.156,-.233,.296,-.138,-.945,-.091,.981,-.171,.951,.137,.278);
			es = "Linear";
			ed = "In";
		};
		["Left Arm"] = {
			tm = .0170;
			cf = cfr(-.184,-.158,.229,-.697,.218,-.683,-.3,.777,.554,.651,.591,-.476);
			es = "Linear";
			ed = "In";
		};
	};
	{
		tm = .2;
		["Torso"] = {
			tm = .0169;
			cf = cfr(-.152,0,0,.899,-.425,.104,.437,.878,-.194,-.009,.22,.976);
			es = "Linear";
			ed = "In";
		};
		["Left Leg"] = {
			tm = .0169;
			cf = cfr(-.33,-.004,.127,.82,.102,.563,-.052,.993,-.104,-.57,.056,.82);
			es = "Linear";
			ed = "In";
		};
		["Right Arm"] = {
			tm = .0169;
			cf = cfr(.163,-.729,-.461,-.969,-.225,.101,.053,-.59,-.806,.241,-.775,.584);
			es = "Linear";
			ed = "In";
		};
		["Head"] = {
			tm = .0169;
			cf = cfr(0,0,0,.783,-.619,.06,.622,.775,-.113,.023,.126,.992);
			es = "Linear";
			ed = "In";
		};
		["Right Leg"] = {
			tm = .0169;
			cf = cfr(-.357,-.156,-.233,.296,-.138,-.945,-.091,.981,-.172,.951,.137,.278);
			es = "Linear";
			ed = "In";
		};
		["Left Arm"] = {
			tm = .0169;
			cf = cfr(-.184,-.158,.229,-.697,.218,-.683,-.301,.775,.556,.65,.593,-.474);
			es = "Linear";
			ed = "In";
		};
	};
	{
		tm = .217;
		["Torso"] = {
			tm = .0160;
			cf = cfr(-.152,0,0,.899,-.425,.104,.437,.878,-.194,-.009,.22,.976);
			es = "Linear";
			ed = "In";
		};
		["Left Leg"] = {
			tm = .0160;
			cf = cfr(-.369,.011,.116,.826,.085,.558,-.042,.995,-.089,-.562,.05,.825);
			es = "Linear";
			ed = "In";
		};
		["Right Arm"] = {
			tm = .0160;
			cf = cfr(.163,-.729,-.461,-.969,-.225,.101,.051,-.585,-.81,.241,-.78,.578);
			es = "Linear";
			ed = "In";
		};
		["Head"] = {
			tm = .0160;
			cf = cfr(0,0,0,.783,-.619,.06,.622,.775,-.113,.023,.126,.992);
			es = "Linear";
			ed = "In";
		};
		["Right Leg"] = {
			tm = .0160;
			cf = cfr(-.357,-.156,-.233,.295,-.138,-.945,-.09,.981,-.171,.951,.135,.277);
			es = "Linear";
			ed = "In";
		};
		["Left Arm"] = {
			tm = .0160;
			cf = cfr(-.184,-.158,.229,-.697,.219,-.683,-.303,.773,.557,.65,.595,-.473);
			es = "Linear";
			ed = "In";
		};
	};
	{
		tm = .233;
		["Torso"] = {
			tm = .0169;
			cf = cfr(-.152,0,0,.899,-.425,.104,.437,.878,-.194,-.009,.22,.976);
			es = "Linear";
			ed = "In";
		};
		["Left Leg"] = {
			tm = .0169;
			cf = cfr(-.414,.027,.103,.832,.065,.551,-.03,.997,-.072,-.554,.043,.831);
			es = "Linear";
			ed = "In";
		};
		["Right Arm"] = {
			tm = .0169;
			cf = cfr(.163,-.729,-.461,-.969,-.225,.101,.05,-.58,-.813,.241,-.783,.574);
			es = "Linear";
			ed = "In";
		};
		["Head"] = {
			tm = .0169;
			cf = cfr(0,0,0,.783,-.619,.06,.622,.775,-.113,.023,.126,.992);
			es = "Linear";
			ed = "In";
		};
		["Right Leg"] = {
			tm = .0169;
			cf = cfr(-.357,-.156,-.233,.294,-.137,-.946,-.088,.982,-.169,.952,.133,.277);
			es = "Linear";
			ed = "In";
		};
		["Left Arm"] = {
			tm = .0169;
			cf = cfr(-.184,-.158,.229,-.697,.218,-.683,-.305,.772,.558,.649,.597,-.472);
			es = "Linear";
			ed = "In";
		};
	};
	{
		tm = .25;
		["Torso"] = {
			tm = .0170;
			cf = cfr(-.152,0,0,.899,-.425,.104,.437,.878,-.194,-.009,.22,.976);
			es = "Linear";
			ed = "In";
		};
		["Left Leg"] = {
			tm = .0170;
			cf = cfr(-.464,.046,.089,.839,.043,.543,-.016,.998,-.053,-.544,.036,.838);
			es = "Linear";
			ed = "In";
		};
		["Right Arm"] = {
			tm = .0170;
			cf = cfr(.163,-.729,-.461,-.969,-.225,.1,.05,-.577,-.815,.242,-.785,.571);
			es = "Linear";
			ed = "In";
		};
		["Head"] = {
			tm = .0170;
			cf = cfr(0,0,0,.783,-.619,.06,.622,.775,-.113,.023,.126,.992);
			es = "Linear";
			ed = "In";
		};
		["Right Leg"] = {
			tm = .0170;
			cf = cfr(-.357,-.156,-.233,.293,-.136,-.946,-.086,.982,-.167,.952,.13,.276);
			es = "Linear";
			ed = "In";
		};
		["Left Arm"] = {
			tm = .0170;
			cf = cfr(-.184,-.158,.229,-.697,.217,-.683,-.307,.771,.558,.648,.599,-.471);
			es = "Linear";
			ed = "In";
		};
	};
	{
		tm = .267;
		["Torso"] = {
			tm = .0159;
			cf = cfr(-.152,0,0,.899,-.425,.104,.437,.878,-.194,-.009,.22,.976);
			es = "Linear";
			ed = "In";
		};
		["Left Leg"] = {
			tm = .0159;
			cf = cfr(-.52,.065,.073,.846,.018,.533,0,.999,-.033,-.533,.028,.845);
			es = "Linear";
			ed = "In";
		};
		["Right Arm"] = {
			tm = .0159;
			cf = cfr(.163,-.729,-.461,-.969,-.225,.101,.049,-.576,-.816,.242,-.786,.569);
			es = "Linear";
			ed = "In";
		};
		["Head"] = {
			tm = .0159;
			cf = cfr(0,0,0,.783,-.619,.06,.622,.775,-.113,.023,.126,.992);
			es = "Linear";
			ed = "In";
		};
		["Right Leg"] = {
			tm = .0159;
			cf = cfr(-.357,-.156,-.233,.292,-.134,-.947,-.083,.983,-.165,.953,.127,.276);
			es = "Linear";
			ed = "In";
		};
		["Left Arm"] = {
			tm = .0159;
			cf = cfr(-.184,-.158,.229,-.697,.214,-.684,-.31,.771,.557,.647,.6,-.471);
			es = "Linear";
			ed = "In";
		};
	};
	{
		tm = .283;
		["Torso"] = {
			tm = .0170;
			cf = cfr(-.152,0,0,.899,-.425,.104,.437,.878,-.194,-.009,.22,.976);
			es = "Linear";
			ed = "In";
		};
		["Left Leg"] = {
			tm = .0170;
			cf = cfr(-.582,.086,.056,.853,-.01,.521,.019,1,-.012,-.521,.02,.853);
			es = "Linear";
			ed = "In";
		};
		["Right Arm"] = {
			tm = .0170;
			cf = cfr(.163,-.729,-.461,-.969,-.224,.103,.046,-.575,-.817,.243,-.787,.567);
			es = "Linear";
			ed = "In";
		};
		["Head"] = {
			tm = .0170;
			cf = cfr(0,0,0,.783,-.619,.06,.622,.775,-.113,.023,.126,.992);
			es = "Linear";
			ed = "In";
		};
		["Right Leg"] = {
			tm = .0170;
			cf = cfr(-.357,-.156,-.233,.29,-.132,-.948,-.079,.984,-.161,.954,.122,.275);
			es = "Linear";
			ed = "In";
		};
		["Left Arm"] = {
			tm = .0170;
			cf = cfr(-.184,-.158,.229,-.697,.212,-.685,-.313,.77,.556,.645,.602,-.471);
			es = "Linear";
			ed = "In";
		};
	};
	{
		tm = .3;
		["Torso"] = {
			tm = .0170;
			cf = cfr(-.152,0,0,.899,-.425,.104,.437,.878,-.194,-.009,.22,.976);
			es = "Linear";
			ed = "In";
		};
		["Left Leg"] = {
			tm = .0170;
			cf = cfr(-.648,.106,.037,.861,-.04,.507,.04,.999,.01,-.507,.012,.862);
			es = "Linear";
			ed = "In";
		};
		["Right Arm"] = {
			tm = .0170;
			cf = cfr(.163,-.729,-.461,-.969,-.223,.107,.042,-.575,-.817,.244,-.787,.566);
			es = "Linear";
			ed = "In";
		};
		["Head"] = {
			tm = .0170;
			cf = cfr(0,0,0,.783,-.619,.06,.622,.775,-.113,.023,.126,.992);
			es = "Linear";
			ed = "In";
		};
		["Right Leg"] = {
			tm = .0170;
			cf = cfr(-.357,-.156,-.233,.288,-.13,-.949,-.074,.985,-.157,.955,.116,.274);
			es = "Linear";
			ed = "In";
		};
		["Left Arm"] = {
			tm = .0170;
			cf = cfr(-.184,-.158,.229,-.697,.208,-.687,-.316,.77,.554,.644,.603,-.471);
			es = "Linear";
			ed = "In";
		};
	};
	{
		tm = .317;
		["Torso"] = {
			tm = .0160;
			cf = cfr(-.152,0,0,.899,-.425,.104,.437,.878,-.194,-.009,.22,.976);
			es = "Linear";
			ed = "In";
		};
		["Left Leg"] = {
			tm = .0160;
			cf = cfr(-.719,.126,.017,.868,-.072,.491,.065,.997,.032,-.492,.004,.871);
			es = "Linear";
			ed = "In";
		};
		["Right Arm"] = {
			tm = .0160;
			cf = cfr(.163,-.729,-.461,-.969,-.221,.113,.036,-.575,-.817,.246,-.787,.565);
			es = "Linear";
			ed = "In";
		};
		["Head"] = {
			tm = .0160;
			cf = cfr(0,0,0,.783,-.619,.06,.622,.775,-.113,.023,.126,.992);
			es = "Linear";
			ed = "In";
		};
		["Right Leg"] = {
			tm = .0160;
			cf = cfr(-.357,-.156,-.233,.285,-.127,-.95,-.069,.986,-.153,.956,.109,.272);
			es = "Linear";
			ed = "In";
		};
		["Left Arm"] = {
			tm = .0160;
			cf = cfr(-.184,-.158,.229,-.696,.204,-.688,-.32,.77,.552,.642,.605,-.471);
			es = "Linear";
			ed = "In";
		};
	};
	{
		tm = .333;
		["Torso"] = {
			tm = .0169;
			cf = cfr(-.152,0,0,.899,-.425,.104,.437,.878,-.194,-.009,.22,.976);
			es = "Linear";
			ed = "In";
		};
		["Left Leg"] = {
			tm = .0169;
			cf = cfr(-.797,.142,-.004,.875,-.107,.472,.092,.994,.054,-.475,-.003,.88);
			es = "Linear";
			ed = "In";
		};
		["Right Arm"] = {
			tm = .0169;
			cf = cfr(.163,-.729,-.461,-.968,-.219,.121,.028,-.576,-.817,.248,-.787,.564);
			es = "Linear";
			ed = "In";
		};
		["Head"] = {
			tm = .0169;
			cf = cfr(0,0,0,.783,-.619,.06,.622,.775,-.113,.023,.126,.992);
			es = "Linear";
			ed = "In";
		};
		["Right Leg"] = {
			tm = .0169;
			cf = cfr(-.357,-.156,-.233,.282,-.124,-.951,-.063,.987,-.147,.957,.102,.271);
			es = "Linear";
			ed = "In";
		};
		["Left Arm"] = {
			tm = .0169;
			cf = cfr(-.184,-.158,.229,-.696,.199,-.69,-.325,.769,.55,.64,.607,-.471);
			es = "Linear";
			ed = "In";
		};
	};
	{
		tm = .35;
		["Torso"] = {
			tm = .0170;
			cf = cfr(-.165,0,0,.903,-.417,.101,.429,.883,-.19,-.01,.215,.977);
			es = "Linear";
			ed = "In";
		};
		["Left Leg"] = {
			tm = .0170;
			cf = cfr(-.913,.02,-.101,.895,-.179,.409,.144,.983,.115,-.423,-.044,.905);
			es = "Linear";
			ed = "In";
		};
		["Right Arm"] = {
			tm = .0170;
			cf = cfr(.162,-.723,-.463,-.968,-.2,.153,-.002,-.6,-.8,.252,-.775,.58);
			es = "Linear";
			ed = "In";
		};
		["Head"] = {
			tm = .0170;
			cf = cfr(0,0,0,.806,-.589,.06,.591,.798,-.113,.018,.126,.992);
			es = "Linear";
			ed = "In";
		};
		["Right Leg"] = {
			tm = .0170;
			cf = cfr(-.301,-.142,-.204,.393,-.085,-.916,-.023,.995,-.102,.919,.061,.389);
			es = "Linear";
			ed = "In";
		};
		["Left Arm"] = {
			tm = .0170;
			cf = cfr(-.184,-.16,.226,-.696,.185,-.694,-.325,.781,.534,.641,.597,-.483);
			es = "Linear";
			ed = "In";
		};
	};
	{
		tm = .367;
		["Torso"] = {
			tm = .0160;
			cf = cfr(-.206,0,0,.915,-.393,.092,.403,.897,-.179,-.012,.201,.98);
			es = "Linear";
			ed = "In";
		};
		["Left Leg"] = {
			tm = .0160;
			cf = cfr(-.876,.016,-.089,.959,-.187,.211,.158,.976,.148,-.234,-.108,.966);
			es = "Linear";
			ed = "In";
		};
		["Right Arm"] = {
			tm = .0160;
			cf = cfr(.16,-.706,-.469,-.964,-.149,.222,-.07,-.661,-.748,.258,-.736,.626);
			es = "Linear";
			ed = "In";
		};
		["Head"] = {
			tm = .0160;
			cf = cfr(0,0,0,.866,-.497,.06,.5,.858,-.113,.004,.128,.992);
			es = "Linear";
			ed = "In";
		};
		["Right Leg"] = {
			tm = .0160;
			cf = cfr(-.144,-.103,-.124,.705,-.017,-.709,.036,.999,.012,.708,-.033,.705);
			es = "Linear";
			ed = "In";
		};
		["Left Arm"] = {
			tm = .0160;
			cf = cfr(-.184,-.167,.216,-.696,.154,-.702,-.316,.812,.491,.645,.563,-.516);
			es = "Linear";
			ed = "In";
		};
	};
	{
		tm = .383;
		["Torso"] = {
			tm = .0170;
			cf = cfr(-.262,0,0,.929,-.362,.082,.371,.914,-.165,-.015,.183,.983);
			es = "Linear";
			ed = "In";
		};
		["Left Leg"] = {
			tm = .0170;
			cf = cfr(-.78,.007,-.059,.986,-.141,-.087,.153,.978,.14,.066,-.151,.986);
			es = "Linear";
			ed = "In";
		};
		["Right Arm"] = {
			tm = .0170;
			cf = cfr(.157,-.684,-.476,-.951,-.077,.3,-.151,-.732,-.665,.271,-.677,.684);
			es = "Linear";
			ed = "In";
		};
		["Head"] = {
			tm = .0170;
			cf = cfr(0,0,0,.927,-.37,.06,.374,.92,-.113,-.014,.127,.992);
			es = "Linear";
			ed = "In";
		};
		["Right Leg"] = {
			tm = .0170;
			cf = cfr(.058,-.053,-.021,.963,0,-.27,.026,.996,.09,.269,-.094,.959);
			es = "Linear";
			ed = "In";
		};
		["Left Arm"] = {
			tm = .0170;
			cf = cfr(-.184,-.175,.204,-.696,.115,-.709,-.303,.848,.435,.651,.517,-.556);
			es = "Linear";
			ed = "In";
		};
	};
	{
		tm = .4;
		["Torso"] = {
			tm = .0169;
			cf = cfr(-.316,0,0,.939,-.337,.074,.345,.926,-.153,-.017,.169,.985);
			es = "Linear";
			ed = "In";
		};
		["Left Leg"] = {
			tm = .0169;
			cf = cfr(-.683,-.001,-.028,.943,-.09,-.32,.132,.985,.112,.305,-.148,.941);
			es = "Linear";
			ed = "In";
		};
		["Right Arm"] = {
			tm = .0169;
			cf = cfr(.154,-.666,-.482,-.935,-.015,.354,-.209,-.783,-.586,.286,-.622,.729);
			es = "Linear";
			ed = "In";
		};
		["Head"] = {
			tm = .0169;
			cf = cfr(0,0,0,.962,-.266,.06,.271,.956,-.113,-.027,.125,.992);
			es = "Linear";
			ed = "In";
		};
		["Right Leg"] = {
			tm = .0169;
			cf = cfr(.215,-.015,.059,.996,-.001,.091,-.006,.997,.078,-.09,-.078,.993);
			es = "Linear";
			ed = "In";
		};
		["Left Arm"] = {
			tm = .0169;
			cf = cfr(-.183,-.182,.194,-.697,.082,-.712,-.294,.873,.388,.654,.48,-.585);
			es = "Linear";
			ed = "In";
		};
	};
	{
		tm = .417;
		["Torso"] = {
			tm = .0160;
			cf = cfr(-.352,0,0,.942,-.328,.071,.336,.93,-.149,-.017,.164,.986);
			es = "Linear";
			ed = "In";
		};
		["Left Leg"] = {
			tm = .0160;
			cf = cfr(-.647,-.005,-.017,.915,-.07,-.397,.122,.987,.107,.384,-.146,.912);
			es = "Linear";
			ed = "In";
		};
		["Right Arm"] = {
			tm = .0160;
			cf = cfr(.153,-.66,-.484,-.929,.011,.371,-.226,-.808,-.543,.294,-.589,.753);
			es = "Linear";
			ed = "In";
		};
		["Head"] = {
			tm = .0160;
			cf = cfr(0,0,0,.972,-.228,.06,.234,.966,-.113,-.032,.124,.992);
			es = "Linear";
			ed = "In";
		};
		["Right Leg"] = {
			tm = .0160;
			cf = cfr(.271,-.001,.087,.979,.002,.205,-.015,.998,.062,-.204,-.063,.977);
			es = "Linear";
			ed = "In";
		};
		["Left Arm"] = {
			tm = .0160;
			cf = cfr(-.183,-.184,.191,-.697,.065,-.714,-.296,.881,.369,.653,.468,-.595);
			es = "Linear";
			ed = "In";
		};
	};
	{
		tm = .433;
		["Torso"] = {
			tm = .0170;
			cf = cfr(-.378,0,0,.942,-.328,.071,.336,.93,-.149,-.017,.164,.986);
			es = "Linear";
			ed = "In";
		};
		["Left Leg"] = {
			tm = .0170;
			cf = cfr(-.647,-.005,-.017,.915,-.067,-.398,.123,.986,.116,.385,-.155,.91);
			es = "Linear";
			ed = "In";
		};
		["Right Arm"] = {
			tm = .0170;
			cf = cfr(.153,-.66,-.484,-.929,.014,.37,-.222,-.821,-.526,.296,-.571,.766);
			es = "Linear";
			ed = "In";
		};
		["Head"] = {
			tm = .0170;
			cf = cfr(0,0,0,.972,-.228,.06,.234,.966,-.113,-.032,.124,.992);
			es = "Linear";
			ed = "In";
		};
		["Right Leg"] = {
			tm = .0170;
			cf = cfr(.271,-.001,.087,.979,.003,.206,-.016,.998,.063,-.205,-.065,.977);
			es = "Linear";
			ed = "In";
		};
		["Left Arm"] = {
			tm = .0170;
			cf = cfr(-.183,-.184,.191,-.697,.058,-.715,-.303,.88,.367,.65,.472,-.595);
			es = "Linear";
			ed = "In";
		};
	};
	{
		tm = .45;
		["Torso"] = {
			tm = .0170;
			cf = cfr(-.4,0,0,.942,-.328,.071,.336,.93,-.149,-.017,.164,.986);
			es = "Linear";
			ed = "In";
		};
		["Left Leg"] = {
			tm = .0170;
			cf = cfr(-.647,-.005,-.017,.915,-.064,-.399,.123,.984,.125,.385,-.164,.908);
			es = "Linear";
			ed = "In";
		};
		["Right Arm"] = {
			tm = .0170;
			cf = cfr(.153,-.66,-.484,-.93,.014,.367,-.215,-.832,-.512,.298,-.555,.777);
			es = "Linear";
			ed = "In";
		};
		["Head"] = {
			tm = .0170;
			cf = cfr(0,0,0,.972,-.228,.06,.234,.966,-.113,-.032,.124,.992);
			es = "Linear";
			ed = "In";
		};
		["Right Leg"] = {
			tm = .0170;
			cf = cfr(.271,-.001,.087,.979,.003,.206,-.017,.998,.064,-.205,-.066,.976);
			es = "Linear";
			ed = "In";
		};
		["Left Arm"] = {
			tm = .0170;
			cf = cfr(-.183,-.184,.191,-.697,.053,-.715,-.31,.877,.368,.647,.478,-.594);
			es = "Linear";
			ed = "In";
		};
	};
	{
		tm = .467;
		["Torso"] = {
			tm = .0159;
			cf = cfr(-.419,0,0,.942,-.328,.071,.336,.93,-.149,-.017,.164,.986);
			es = "Linear";
			ed = "In";
		};
		["Left Leg"] = {
			tm = .0159;
			cf = cfr(-.647,-.005,-.017,.914,-.061,-.4,.123,.983,.132,.386,-.171,.907);
			es = "Linear";
			ed = "In";
		};
		["Right Arm"] = {
			tm = .0159;
			cf = cfr(.153,-.66,-.484,-.932,.012,.364,-.206,-.84,-.502,.299,-.543,.785);
			es = "Linear";
			ed = "In";
		};
		["Head"] = {
			tm = .0159;
			cf = cfr(0,0,0,.972,-.228,.06,.234,.966,-.113,-.032,.124,.992);
			es = "Linear";
			ed = "In";
		};
		["Right Leg"] = {
			tm = .0159;
			cf = cfr(.271,-.001,.087,.979,.003,.206,-.017,.998,.064,-.205,-.066,.976);
			es = "Linear";
			ed = "In";
		};
		["Left Arm"] = {
			tm = .0159;
			cf = cfr(-.183,-.184,.191,-.697,.049,-.716,-.318,.873,.37,.643,.485,-.592);
			es = "Linear";
			ed = "In";
		};
	};
	{
		tm = .483;
		["Torso"] = {
			tm = .0170;
			cf = cfr(-.433,0,0,.942,-.328,.071,.336,.93,-.149,-.017,.164,.986);
			es = "Linear";
			ed = "In";
		};
		["Left Leg"] = {
			tm = .0170;
			cf = cfr(-.647,-.005,-.017,.914,-.059,-.401,.124,.983,.138,.386,-.176,.906);
			es = "Linear";
			ed = "In";
		};
		["Right Arm"] = {
			tm = .0170;
			cf = cfr(.153,-.66,-.484,-.933,.007,.359,-.197,-.846,-.496,.3,-.533,.791);
			es = "Linear";
			ed = "In";
		};
		["Head"] = {
			tm = .0170;
			cf = cfr(0,0,0,.972,-.228,.06,.234,.966,-.113,-.032,.124,.992);
			es = "Linear";
			ed = "In";
		};
		["Right Leg"] = {
			tm = .0170;
			cf = cfr(.271,-.001,.087,.979,.003,.206,-.016,.998,.064,-.205,-.066,.976);
			es = "Linear";
			ed = "In";
		};
		["Left Arm"] = {
			tm = .0170;
			cf = cfr(-.183,-.184,.191,-.696,.047,-.716,-.326,.868,.374,.64,.493,-.589);
			es = "Linear";
			ed = "In";
		};
	};
	{
		tm = .5;
		["Torso"] = {
			tm = .0170;
			cf = cfr(-.443,0,0,.942,-.328,.071,.336,.93,-.149,-.017,.164,.986);
			es = "Linear";
			ed = "In";
		};
		["Left Leg"] = {
			tm = .0170;
			cf = cfr(-.647,-.005,-.017,.914,-.057,-.402,.124,.982,.142,.386,-.18,.905);
			es = "Linear";
			ed = "In";
		};
		["Right Arm"] = {
			tm = .0170;
			cf = cfr(.153,-.66,-.484,-.935,.002,.355,-.189,-.849,-.493,.301,-.528,.794);
			es = "Linear";
			ed = "In";
		};
		["Head"] = {
			tm = .0170;
			cf = cfr(0,0,0,.972,-.228,.06,.234,.966,-.113,-.032,.124,.992);
			es = "Linear";
			ed = "In";
		};
		["Right Leg"] = {
			tm = .0170;
			cf = cfr(.271,-.001,.087,.979,.003,.206,-.016,.998,.063,-.205,-.065,.977);
			es = "Linear";
			ed = "In";
		};
		["Left Arm"] = {
			tm = .0170;
			cf = cfr(-.183,-.184,.191,-.696,.046,-.717,-.332,.864,.378,.637,.501,-.586);
			es = "Linear";
			ed = "In";
		};
	};
	{
		tm = .517;
		["Torso"] = {
			tm = .0160;
			cf = cfr(-.448,0,0,.942,-.328,.071,.336,.93,-.149,-.017,.164,.986);
			es = "Linear";
			ed = "In";
		};
		["Left Leg"] = {
			tm = .0160;
			cf = cfr(-.647,-.005,-.017,.914,-.057,-.402,.124,.982,.144,.387,-.182,.904);
			es = "Linear";
			ed = "In";
		};
		["Right Arm"] = {
			tm = .0160;
			cf = cfr(.153,-.66,-.484,-.936,-.003,.352,-.182,-.851,-.492,.301,-.525,.796);
			es = "Linear";
			ed = "In";
		};
		["Head"] = {
			tm = .0160;
			cf = cfr(0,0,0,.972,-.228,.06,.234,.966,-.113,-.032,.124,.992);
			es = "Linear";
			ed = "In";
		};
		["Right Leg"] = {
			tm = .0160;
			cf = cfr(.271,-.001,.087,.979,.002,.205,-.016,.998,.062,-.205,-.064,.977);
			es = "Linear";
			ed = "In";
		};
		["Left Arm"] = {
			tm = .0160;
			cf = cfr(-.183,-.184,.191,-.696,.046,-.717,-.336,.861,.382,.635,.507,-.583);
			es = "Linear";
			ed = "In";
		};
	};
	{
		tm = .533;
		["Torso"] = {
			tm = .0170;
			cf = cfr(-.451,0,0,.942,-.328,.071,.336,.93,-.149,-.017,.164,.986);
			es = "Linear";
			ed = "In";
		};
		["Left Leg"] = {
			tm = .0170;
			cf = cfr(-.647,-.005,-.017,.914,-.056,-.402,.124,.982,.145,.387,-.183,.904);
			es = "Linear";
			ed = "In";
		};
		["Right Arm"] = {
			tm = .0170;
			cf = cfr(.153,-.66,-.484,-.937,-.006,.349,-.178,-.852,-.492,.301,-.524,.797);
			es = "Linear";
			ed = "In";
		};
		["Head"] = {
			tm = .0170;
			cf = cfr(0,0,0,.972,-.228,.06,.234,.966,-.113,-.032,.124,.992);
			es = "Linear";
			ed = "In";
		};
		["Right Leg"] = {
			tm = .0170;
			cf = cfr(.271,-.001,.087,.979,.002,.205,-.015,.998,.062,-.205,-.064,.977);
			es = "Linear";
			ed = "In";
		};
		["Left Arm"] = {
			tm = .0170;
			cf = cfr(-.183,-.184,.191,-.696,.047,-.717,-.339,.859,.385,.633,.51,-.582);
			es = "Linear";
			ed = "In";
		};
	};
	{
		tm = .55;
		["Torso"] = {
			tm = .0169;
			cf = cfr(-.452,0,0,.942,-.328,.071,.336,.93,-.149,-.017,.164,.986);
			es = "Linear";
			ed = "In";
		};
		["Left Leg"] = {
			tm = .0169;
			cf = cfr(-.647,-.005,-.017,.914,-.056,-.402,.124,.982,.146,.387,-.183,.904);
			es = "Linear";
			ed = "In";
		};
		["Right Arm"] = {
			tm = .0169;
			cf = cfr(.153,-.66,-.484,-.937,-.007,.349,-.177,-.852,-.493,.301,-.523,.797);
			es = "Linear";
			ed = "In";
		};
		["Head"] = {
			tm = .0169;
			cf = cfr(0,0,0,.972,-.228,.06,.234,.966,-.113,-.032,.124,.992);
			es = "Linear";
			ed = "In";
		};
		["Right Leg"] = {
			tm = .0169;
			cf = cfr(.271,-.001,.087,.979,.002,.205,-.015,.998,.062,-.204,-.063,.977);
			es = "Linear";
			ed = "In";
		};
		["Left Arm"] = {
			tm = .0169;
			cf = cfr(-.183,-.184,.191,-.696,.047,-.717,-.34,.858,.385,.633,.512,-.581);
			es = "Linear";
			ed = "In";
		};
	};
	{
		tm = .567;
		["Torso"] = {
			tm = .0160;
			cf = cfr(-.452,0,0,.942,-.328,.071,.336,.93,-.149,-.017,.164,.986);
			es = "Linear";
			ed = "In";
		};
		["Left Leg"] = {
			tm = .0160;
			cf = cfr(-.647,-.005,-.017,.914,-.056,-.402,.124,.982,.146,.387,-.183,.904);
			es = "Linear";
			ed = "In";
		};
		["Right Arm"] = {
			tm = .0160;
			cf = cfr(.153,-.66,-.484,-.937,-.007,.349,-.177,-.852,-.493,.301,-.523,.797);
			es = "Linear";
			ed = "In";
		};
		["Head"] = {
			tm = .0160;
			cf = cfr(0,0,0,.972,-.228,.06,.234,.966,-.113,-.032,.124,.992);
			es = "Linear";
			ed = "In";
		};
		["Right Leg"] = {
			tm = .0160;
			cf = cfr(.271,-.001,.087,.979,.002,.205,-.015,.998,.062,-.204,-.063,.977);
			es = "Linear";
			ed = "In";
		};
		["Left Arm"] = {
			tm = .0160;
			cf = cfr(-.183,-.184,.191,-.696,.047,-.717,-.34,.858,.385,.633,.512,-.581);
			es = "Linear";
			ed = "In";
		};
	};
	{
		tm = .583;
		["Torso"] = {
			tm = .0170;
			cf = cfr(-.452,0,0,.942,-.328,.071,.336,.93,-.149,-.017,.164,.986);
			es = "Linear";
			ed = "In";
		};
		["Left Leg"] = {
			tm = .0170;
			cf = cfr(-.647,-.005,-.017,.914,-.056,-.402,.124,.982,.146,.387,-.183,.904);
			es = "Linear";
			ed = "In";
		};
		["Right Arm"] = {
			tm = .0170;
			cf = cfr(.153,-.66,-.484,-.937,-.007,.349,-.177,-.852,-.493,.301,-.523,.797);
			es = "Linear";
			ed = "In";
		};
		["Head"] = {
			tm = .0170;
			cf = cfr(0,0,0,.972,-.228,.06,.234,.966,-.113,-.032,.124,.992);
			es = "Linear";
			ed = "In";
		};
		["Right Leg"] = {
			tm = .0170;
			cf = cfr(.271,-.001,.087,.979,.002,.205,-.015,.998,.062,-.204,-.063,.977);
			es = "Linear";
			ed = "In";
		};
		["Left Arm"] = {
			tm = .0170;
			cf = cfr(-.183,-.184,.191,-.696,.047,-.717,-.34,.858,.385,.633,.512,-.581);
			es = "Linear";
			ed = "In";
		};
	};
	{
		tm = .6;
		["Torso"] = {
			tm = .0170;
			cf = cfr(-.452,0,0,.942,-.328,.071,.336,.93,-.149,-.017,.164,.986);
			es = "Linear";
			ed = "In";
		};
		["Left Leg"] = {
			tm = .0170;
			cf = cfr(-.647,-.005,-.017,.914,-.056,-.402,.124,.982,.146,.387,-.183,.904);
			es = "Linear";
			ed = "In";
		};
		["Right Arm"] = {
			tm = .0170;
			cf = cfr(.153,-.66,-.484,-.937,-.007,.349,-.177,-.852,-.493,.301,-.523,.797);
			es = "Linear";
			ed = "In";
		};
		["Head"] = {
			tm = .0170;
			cf = cfr(0,0,0,.972,-.228,.06,.234,.966,-.113,-.032,.124,.992);
			es = "Linear";
			ed = "In";
		};
		["Right Leg"] = {
			tm = .0170;
			cf = cfr(.271,-.001,.087,.979,.002,.205,-.015,.998,.062,-.204,-.063,.977);
			es = "Linear";
			ed = "In";
		};
		["Left Arm"] = {
			tm = .0170;
			cf = cfr(-.183,-.184,.191,-.696,.047,-.717,-.34,.858,.385,.633,.512,-.581);
			es = "Linear";
			ed = "In";
		};
	};
	{
		tm = .617;
		["Torso"] = {
			tm = .0160;
			cf = cfr(-.452,0,0,.942,-.328,.071,.336,.93,-.149,-.017,.164,.986);
			es = "Linear";
			ed = "In";
		};
		["Left Leg"] = {
			tm = .0160;
			cf = cfr(-.647,-.005,-.017,.914,-.056,-.402,.124,.982,.146,.387,-.183,.904);
			es = "Linear";
			ed = "In";
		};
		["Right Arm"] = {
			tm = .0160;
			cf = cfr(.153,-.66,-.484,-.937,-.007,.349,-.177,-.852,-.493,.301,-.523,.797);
			es = "Linear";
			ed = "In";
		};
		["Head"] = {
			tm = .0160;
			cf = cfr(0,0,0,.972,-.228,.06,.234,.966,-.113,-.032,.124,.992);
			es = "Linear";
			ed = "In";
		};
		["Right Leg"] = {
			tm = .0160;
			cf = cfr(.271,-.001,.087,.979,.002,.205,-.015,.998,.062,-.204,-.063,.977);
			es = "Linear";
			ed = "In";
		};
		["Left Arm"] = {
			tm = .0160;
			cf = cfr(-.183,-.184,.191,-.696,.047,-.717,-.34,.858,.385,.633,.512,-.581);
			es = "Linear";
			ed = "In";
		};
	};
	{
		tm = .633;
		["Torso"] = {
			tm = .0170;
			cf = cfr(-.452,0,0,.942,-.328,.071,.336,.93,-.149,-.017,.164,.986);
			es = "Linear";
			ed = "In";
		};
		["Left Leg"] = {
			tm = .0170;
			cf = cfr(-.647,-.005,-.017,.914,-.056,-.402,.124,.982,.146,.387,-.183,.904);
			es = "Linear";
			ed = "In";
		};
		["Right Arm"] = {
			tm = .0170;
			cf = cfr(.153,-.66,-.484,-.937,-.007,.349,-.177,-.852,-.493,.301,-.523,.797);
			es = "Linear";
			ed = "In";
		};
		["Head"] = {
			tm = .0170;
			cf = cfr(0,0,0,.972,-.228,.06,.234,.966,-.113,-.032,.124,.992);
			es = "Linear";
			ed = "In";
		};
		["Right Leg"] = {
			tm = .0170;
			cf = cfr(.271,-.001,.087,.979,.002,.205,-.015,.998,.062,-.204,-.063,.977);
			es = "Linear";
			ed = "In";
		};
		["Left Arm"] = {
			tm = .0170;
			cf = cfr(-.183,-.184,.191,-.696,.047,-.717,-.34,.858,.385,.633,.512,-.581);
			es = "Linear";
			ed = "In";
		};
	};
	{
		tm = .65;
		["Torso"] = {
			tm = .0170;
			cf = cfr(-.452,0,0,.942,-.328,.071,.336,.93,-.149,-.017,.164,.986);
			es = "Linear";
			ed = "In";
		};
		["Left Leg"] = {
			tm = .0170;
			cf = cfr(-.647,-.005,-.017,.914,-.056,-.402,.124,.982,.146,.387,-.183,.904);
			es = "Linear";
			ed = "In";
		};
		["Right Arm"] = {
			tm = .0170;
			cf = cfr(.153,-.66,-.484,-.937,-.007,.349,-.177,-.852,-.493,.301,-.523,.797);
			es = "Linear";
			ed = "In";
		};
		["Head"] = {
			tm = .0170;
			cf = cfr(0,0,0,.972,-.228,.06,.234,.966,-.113,-.032,.124,.992);
			es = "Linear";
			ed = "In";
		};
		["Right Leg"] = {
			tm = .0170;
			cf = cfr(.271,-.001,.087,.979,.002,.205,-.015,.998,.062,-.204,-.063,.977);
			es = "Linear";
			ed = "In";
		};
		["Left Arm"] = {
			tm = .0170;
			cf = cfr(-.183,-.184,.191,-.696,.047,-.717,-.34,.858,.385,.633,.512,-.581);
			es = "Linear";
			ed = "In";
		};
	};
	{
		tm = .667;
		["Torso"] = {
			tm = .0160;
			cf = cfr(-.452,0,0,.942,-.328,.071,.336,.93,-.149,-.017,.164,.986);
			es = "Linear";
			ed = "In";
		};
		["Left Leg"] = {
			tm = .0160;
			cf = cfr(-.647,-.005,-.017,.914,-.056,-.402,.124,.982,.146,.387,-.183,.904);
			es = "Linear";
			ed = "In";
		};
		["Right Arm"] = {
			tm = .0160;
			cf = cfr(.153,-.66,-.484,-.937,-.007,.349,-.177,-.852,-.493,.301,-.523,.797);
			es = "Linear";
			ed = "In";
		};
		["Head"] = {
			tm = .0160;
			cf = cfr(0,0,0,.972,-.228,.06,.234,.966,-.113,-.032,.124,.992);
			es = "Linear";
			ed = "In";
		};
		["Right Leg"] = {
			tm = .0160;
			cf = cfr(.271,-.001,.087,.979,.002,.205,-.015,.998,.062,-.204,-.063,.977);
			es = "Linear";
			ed = "In";
		};
		["Left Arm"] = {
			tm = .0160;
			cf = cfr(-.183,-.184,.191,-.696,.047,-.717,-.34,.858,.385,.633,.512,-.581);
			es = "Linear";
			ed = "In";
		};
	};
	{
		tm = .683;
		["Torso"] = {
			tm = .0169;
			cf = cfr(-.452,0,0,.942,-.328,.071,.336,.93,-.149,-.017,.164,.986);
			es = "Linear";
			ed = "In";
		};
		["Left Leg"] = {
			tm = .0169;
			cf = cfr(-.647,-.005,-.017,.914,-.056,-.402,.124,.982,.146,.387,-.183,.904);
			es = "Linear";
			ed = "In";
		};
		["Right Arm"] = {
			tm = .0169;
			cf = cfr(.153,-.66,-.484,-.937,-.007,.349,-.177,-.852,-.493,.301,-.523,.797);
			es = "Linear";
			ed = "In";
		};
		["Head"] = {
			tm = .0169;
			cf = cfr(0,0,0,.972,-.228,.06,.234,.966,-.113,-.032,.124,.992);
			es = "Linear";
			ed = "In";
		};
		["Right Leg"] = {
			tm = .0169;
			cf = cfr(.271,-.001,.087,.979,.002,.205,-.015,.998,.062,-.204,-.063,.977);
			es = "Linear";
			ed = "In";
		};
		["Left Arm"] = {
			tm = .0169;
			cf = cfr(-.183,-.184,.191,-.696,.047,-.717,-.34,.858,.385,.633,.512,-.581);
			es = "Linear";
			ed = "In";
		};
	};
	{
		tm = .7;
		["Torso"] = {
			tm = .0170;
			cf = cfr(-.452,0,0,.942,-.328,.071,.336,.93,-.149,-.017,.164,.986);
			es = "Linear";
			ed = "In";
		};
		["Left Leg"] = {
			tm = .0170;
			cf = cfr(-.647,-.005,-.017,.914,-.056,-.402,.124,.982,.146,.387,-.183,.904);
			es = "Linear";
			ed = "In";
		};
		["Right Arm"] = {
			tm = .0170;
			cf = cfr(.153,-.66,-.484,-.937,-.007,.349,-.177,-.852,-.493,.301,-.523,.797);
			es = "Linear";
			ed = "In";
		};
		["Head"] = {
			tm = .0170;
			cf = cfr(0,0,0,.972,-.228,.06,.234,.966,-.113,-.032,.124,.992);
			es = "Linear";
			ed = "In";
		};
		["Right Leg"] = {
			tm = .0170;
			cf = cfr(.271,-.001,.087,.979,.002,.205,-.015,.998,.062,-.204,-.063,.977);
			es = "Linear";
			ed = "In";
		};
		["Left Arm"] = {
			tm = .0170;
			cf = cfr(-.183,-.184,.191,-.696,.047,-.717,-.34,.858,.385,.633,.512,-.581);
			es = "Linear";
			ed = "In";
		};
	};
	{
		tm = .717;
		["Torso"] = {
			tm = .0160;
			cf = cfr(-.452,0,0,.942,-.328,.071,.336,.93,-.149,-.017,.164,.986);
			es = "Linear";
			ed = "In";
		};
		["Left Leg"] = {
			tm = .0160;
			cf = cfr(-.647,-.005,-.017,.914,-.056,-.402,.124,.982,.146,.387,-.183,.904);
			es = "Linear";
			ed = "In";
		};
		["Right Arm"] = {
			tm = .0160;
			cf = cfr(.153,-.66,-.484,-.937,-.007,.349,-.177,-.852,-.493,.301,-.523,.797);
			es = "Linear";
			ed = "In";
		};
		["Head"] = {
			tm = .0160;
			cf = cfr(0,0,0,.972,-.228,.06,.234,.966,-.113,-.032,.124,.992);
			es = "Linear";
			ed = "In";
		};
		["Right Leg"] = {
			tm = .0160;
			cf = cfr(.271,-.001,.087,.979,.002,.205,-.015,.998,.062,-.204,-.063,.977);
			es = "Linear";
			ed = "In";
		};
		["Left Arm"] = {
			tm = .0160;
			cf = cfr(-.183,-.184,.191,-.696,.047,-.717,-.34,.858,.385,.633,.512,-.581);
			es = "Linear";
			ed = "In";
		};
	};
	{
		tm = .733;
		["Torso"] = {
			tm = .0170;
			cf = cfr(-.452,0,0,.94,-.333,.073,.341,.928,-.151,-.017,.167,.986);
			es = "Linear";
			ed = "In";
		};
		["Left Leg"] = {
			tm = .0170;
			cf = cfr(-.622,-.011,-.016,.93,-.048,-.364,.112,.982,.155,.35,-.185,.918);
			es = "Linear";
			ed = "In";
		};
		["Right Arm"] = {
			tm = .0170;
			cf = cfr(.153,-.66,-.484,-.936,-.012,.351,-.178,-.845,-.504,.303,-.534,.789);
			es = "Linear";
			ed = "In";
		};
		["Head"] = {
			tm = .0170;
			cf = cfr(0,0,0,.972,-.228,.06,.234,.966,-.113,-.032,.124,.992);
			es = "Linear";
			ed = "In";
		};
		["Right Leg"] = {
			tm = .0170;
