-- // converted using mech's animoduler
local cfr = CFrame.new

return {
	{
		tm = .033;
		["Torso"] = {
			tm = .032;
			cf = cfr(.001,0,.002,1,0,.001,0,1,0,-.001,0,1);
			es = "Linear";
			ed = "In";
		};
		["Right Arm"] = {
			tm = .032;
			cf = cfr(0,.082,.054,.671,-.593,-.444,.6,.787,-.144,.435,-.17,.884);
			es = "Linear";
			ed = "In";
		};
		["Head"] = {
			tm = .032;
			cf = cfr(-.001,0,.013,1,0,-.011,0,1,0,.011,0,1);
			es = "Linear";
			ed = "In";
		};
		["Left Arm"] = {
			tm = .032;
			cf = cfr(0,0,0,1,0,0,0,.999,.032,0,-.032,.999);
			es = "Linear";
			ed = "In";
		};
		["Left Leg"] = {
			tm = .032;
			cf = cfr(0,0,0,1,0,0,0,1,.014,0,-.014,1);
			es = "Linear";
			ed = "In";
		};
		["Right Leg"] = {
			tm = .032;
			cf = cfr(0,-.013,-.001,1,.014,-.012,-.014,1,-.006,.012,.007,1);
			es = "Linear";
			ed = "In";
		};
	};
	{
		tm = .065;
		["Torso"] = {
			tm = .033;
			cf = cfr(.012,0,.016,1,0,.012,0,1,0,-.012,0,1);
			es = "Linear";
			ed = "In";
		};
		["Right Arm"] = {
			tm = .033;
			cf = cfr(0,.163,.112,.242,-.764,-.598,.847,.467,-.254,.473,-.445,.76);
			es = "Linear";
			ed = "In";
		};
		["Head"] = {
			tm = .033;
			cf = cfr(-.002,0,.027,1,0,-.024,0,1,0,.024,0,1);
			es = "Linear";
			ed = "In";
		};
		["Left Arm"] = {
			tm = .033;
			cf = cfr(0,0,0,1,0,0,0,.998,.068,0,-.068,.998);
			es = "Linear";
			ed = "In";
		};
		["Left Leg"] = {
			tm = .033;
			cf = cfr(0,0,0,1,0,0,0,1,.03,0,-.03,1);
			es = "Linear";
			ed = "In";
		};
		["Right Leg"] = {
			tm = .033;
			cf = cfr(0,-.026,-.002,.999,.03,-.025,-.03,.999,-.014,.025,.014,1);
			es = "Linear";
			ed = "In";
		};
	};
	{
		tm = .098;
		["Torso"] = {
			tm = .032;
			cf = cfr(.026,0,.037,1,0,.028,0,1,0,-.028,0,1);
			es = "Linear";
			ed = "In";
		};
		["Right Arm"] = {
			tm = .032;
			cf = cfr(0,.244,.172,-.083,-.767,-.636,.917,.19,-.349,.389,-.613,.688);
			es = "Linear";
			ed = "In";
		};
		["Head"] = {
			tm = .032;
			cf = cfr(-.003,0,.041,.999,0,-.036,0,1,0,.036,0,.999);
			es = "Linear";
			ed = "In";
		};
		["Left Arm"] = {
			tm = .032;
			cf = cfr(0,0,0,1,0,0,0,.995,.104,0,-.104,.995);
			es = "Linear";
			ed = "In";
		};
		["Left Leg"] = {
			tm = .032;
			cf = cfr(0,0,0,1,0,0,0,.999,.046,0,-.046,.999);
			es = "Linear";
			ed = "In";
		};
		["Right Leg"] = {
			tm = .032;
			cf = cfr(0,-.04,-.003,.998,.045,-.039,-.046,.999,-.021,.038,.023,.999);
			es = "Linear";
			ed = "In";
		};
	};
	{
		tm = .13;
		["Torso"] = {
			tm = .033;
			cf = cfr(.04,0,.057,.999,0,.043,0,1,0,-.043,0,.999);
			es = "Linear";
			ed = "In";
		};
		["Right Arm"] = {
			tm = .033;
			cf = cfr(0,.325,.227,-.378,-.656,-.653,.894,-.076,-.441,.24,-.751,.615);
			es = "Linear";
			ed = "In";
		};
		["Head"] = {
			tm = .033;
			cf = cfr(-.004,0,.054,.999,0,-.048,0,1,0,.048,0,.999);
			es = "Linear";
			ed = "In";
		};
		["Left Arm"] = {
			tm = .033;
			cf = cfr(0,0,0,1,0,0,0,.991,.137,0,-.137,.991);
			es = "Linear";
			ed = "In";
		};
		["Left Leg"] = {
			tm = .033;
			cf = cfr(0,0,0,1,0,0,0,.998,.061,0,-.061,.998);
			es = "Linear";
			ed = "In";
		};
		["Right Leg"] = {
			tm = .033;
			cf = cfr(0,-.053,-.004,.997,.059,-.052,-.061,.998,-.028,.05,.031,.998);
			es = "Linear";
			ed = "In";
		};
	};
	{
		tm = .163;
		["Torso"] = {
			tm = .033;
			cf = cfr(.053,0,.075,.998,0,.056,0,1,0,-.056,0,.998);
			es = "Linear";
			ed = "In";
		};
		["Right Arm"] = {
			tm = .033;
			cf = cfr(0,.409,.274,-.596,-.483,-.641,.801,-.301,-.517,.057,-.822,.567);
			es = "Linear";
			ed = "In";
		};
		["Head"] = {
			tm = .033;
			cf = cfr(-.005,0,.065,.998,0,-.057,0,1,0,.057,0,.998);
			es = "Linear";
			ed = "In";
		};
		["Left Arm"] = {
			tm = .033;
			cf = cfr(0,0,0,1,0,0,0,.987,.163,0,-.163,.987);
			es = "Linear";
			ed = "In";
		};
		["Left Leg"] = {
			tm = .033;
			cf = cfr(0,0,0,1,0,0,0,.997,.073,0,-.073,.997);
			es = "Linear";
			ed = "In";
		};
		["Right Leg"] = {
			tm = .033;
			cf = cfr(0,-.064,-.005,.996,.07,-.062,-.072,.997,-.033,.059,.037,.998);
			es = "Linear";
			ed = "In";
		};
	};
	{
		tm = .196;
		["Torso"] = {
			tm = .032;
			cf = cfr(.062,0,.089,.998,0,.066,0,1,0,-.066,0,.998);
			es = "Linear";
			ed = "In";
		};
		["Right Arm"] = {
			tm = .032;
			cf = cfr(0,.494,.31,-.738,-.279,-.614,.661,-.485,-.573,-.138,-.829,.542);
			es = "Linear";
			ed = "In";
		};
		["Head"] = {
			tm = .032;
			cf = cfr(-.005,0,.071,.998,0,-.062,0,1,0,.062,0,.998);
			es = "Linear";
			ed = "In";
		};
		["Left Arm"] = {
			tm = .032;
			cf = cfr(0,0,0,1,0,0,0,.984,.179,0,-.179,.984);
			es = "Linear";
			ed = "In";
		};
		["Left Leg"] = {
			tm = .032;
			cf = cfr(0,0,0,1,0,0,0,.997,.08,0,-.08,.997);
			es = "Linear";
			ed = "In";
		};
		["Right Leg"] = {
			tm = .032;
			cf = cfr(0,-.07,-.005,.995,.077,-.068,-.079,.996,-.036,.064,.041,.997);
			es = "Linear";
			ed = "In";
		};
	};
	{
		tm = .228;
		["Torso"] = {
			tm = .033;
			cf = cfr(.068,0,.096,.997,0,.072,0,1,0,-.072,0,.997);
			es = "Linear";
			ed = "In";
		};
		["Right Arm"] = {
			tm = .033;
			cf = cfr(0,.607,.294,-.843,-.182,-.506,.488,-.654,-.578,-.226,-.735,.64);
			es = "Linear";
			ed = "In";
		};
		["Head"] = {
			tm = .033;
			cf = cfr(-.005,0,.073,.998,0,-.064,0,1,0,.064,0,.998);
			es = "Linear";
			ed = "In";
		};
		["Left Arm"] = {
			tm = .033;
			cf = cfr(0,0,0,1,0,0,0,.982,.187,0,-.187,.982);
			es = "Linear";
			ed = "In";
		};
		["Left Leg"] = {
			tm = .033;
			cf = cfr(0,0,0,1,0,0,0,.997,.083,0,-.083,.997);
			es = "Linear";
			ed = "In";
		};
		["Right Leg"] = {
			tm = .033;
			cf = cfr(0,-.073,-.005,.994,.08,-.07,-.083,.996,-.038,.067,.043,.997);
			es = "Linear";
			ed = "In";
		};
	};
	{
		tm = .261;
		["Torso"] = {
			tm = .0319;
			cf = cfr(.07,0,.099,.997,0,.075,0,1,0,-.075,0,.997);
			es = "Linear";
			ed = "In";
		};
		["Right Arm"] = {
			tm = .0319;
			cf = cfr(0,.73,.227,-.94,-.16,-.301,.304,-.793,-.528,-.154,-.587,.794);
			es = "Linear";
			ed = "In";
		};
		["Head"] = {
			tm = .0319;
			cf = cfr(-.005,0,.074,.998,0,-.065,0,1,0,.065,0,.998);
			es = "Linear";
			ed = "In";
		};
		["Left Arm"] = {
			tm = .0319;
			cf = cfr(0,0,0,1,0,0,0,.981,.192,0,-.192,.981);
			es = "Linear";
			ed = "In";
		};
		["Left Leg"] = {
			tm = .0319;
			cf = cfr(0,0,0,1,0,0,0,.996,.085,0,-.085,.996);
			es = "Linear";
			ed = "In";
		};
		["Right Leg"] = {
			tm = .0319;
			cf = cfr(0,-.074,-.005,.994,.081,-.072,-.084,.996,-.038,.068,.044,.997);
			es = "Linear";
			ed = "In";
		};
	};
	{
		tm = .293;
		["Torso"] = {
			tm = .0330;
			cf = cfr(.071,0,.102,.997,0,.076,0,1,0,-.076,0,.997);
			es = "Linear";
			ed = "In";
		};
		["Right Arm"] = {
			tm = .0330;
			cf = cfr(0,.826,.137,-.987,-.145,-.063,.158,-.892,-.424,.005,-.428,.904);
			es = "Linear";
			ed = "In";
		};
		["Head"] = {
			tm = .0330;
			cf = cfr(-.005,0,.075,.998,0,-.066,0,1,0,.066,0,.998);
			es = "Linear";
			ed = "In";
		};
		["Left Arm"] = {
			tm = .0330;
			cf = cfr(0,0,0,1,0,0,0,.98,.197,0,-.197,.98);
			es = "Linear";
			ed = "In";
		};
		["Left Leg"] = {
			tm = .0330;
			cf = cfr(0,0,0,1,0,0,0,.996,.087,0,-.087,.996);
			es = "Linear";
			ed = "In";
		};
		["Right Leg"] = {
			tm = .0330;
			cf = cfr(0,-.076,-.006,.994,.083,-.073,-.086,.996,-.039,.07,.045,.997);
			es = "Linear";
			ed = "In";
		};
	};
	{
		tm = .326;
		["Torso"] = {
			tm = .0329;
			cf = cfr(.073,0,.104,.997,0,.078,0,1,0,-.078,0,.997);
			es = "Linear";
			ed = "In";
		};
		["Right Arm"] = {
			tm = .0329;
			cf = cfr(0,.853,.057,-.992,-.125,.012,.117,-.958,-.262,.045,-.259,.965);
			es = "Linear";
			ed = "In";
		};
		["Head"] = {
			tm = .0329;
			cf = cfr(-.006,0,.076,.998,0,-.067,0,1,0,.067,0,.998);
			es = "Linear";
			ed = "In";
		};
		["Left Arm"] = {
			tm = .0329;
			cf = cfr(0,0,0,1,0,0,0,.98,.201,0,-.201,.98);
			es = "Linear";
			ed = "In";
		};
		["Left Leg"] = {
			tm = .0329;
			cf = cfr(0,0,0,1,0,0,0,.996,.088,0,-.088,.996);
			es = "Linear";
			ed = "In";
		};
		["Right Leg"] = {
			tm = .0329;
			cf = cfr(0,-.077,-.006,.994,.085,-.075,-.088,.995,-.04,.071,.046,.996);
			es = "Linear";
			ed = "In";
		};
	};
	{
		tm = .359;
		["Torso"] = {
			tm = .0320;
			cf = cfr(.075,0,.106,.997,0,.08,0,1,0,-.08,0,.997);
			es = "Linear";
			ed = "In";
		};
		["Right Arm"] = {
			tm = .0320;
			cf = cfr(0,.854,-.027,-.991,-.129,.035,.126,-.99,-.064,.043,-.059,.997);
			es = "Linear";
			ed = "In";
		};
		["Head"] = {
			tm = .0320;
			cf = cfr(-.006,0,.077,.998,0,-.068,0,1,0,.068,0,.998);
			es = "Linear";
			ed = "In";
		};
		["Left Arm"] = {
			tm = .0320;
			cf = cfr(0,0,0,1,0,0,0,.979,.205,0,-.205,.979);
			es = "Linear";
			ed = "In";
		};
		["Left Leg"] = {
			tm = .0320;
			cf = cfr(0,0,0,1,0,0,0,.996,.09,0,-.09,.996);
			es = "Linear";
			ed = "In";
		};
		["Right Leg"] = {
			tm = .0320;
			cf = cfr(0,-.079,-.006,.993,.086,-.076,-.089,.995,-.041,.072,.047,.996);
			es = "Linear";
			ed = "In";
		};
	};
	{
		tm = .391;
		["Torso"] = {
			tm = .0329;
			cf = cfr(.076,0,.108,.997,0,.081,0,1,0,-.081,0,.997);
			es = "Linear";
			ed = "In";
		};
		["Right Arm"] = {
			tm = .0329;
			cf = cfr(0,.846,-.087,-.989,-.147,.032,.149,-.985,.088,.018,.092,.996);
			es = "Linear";
			ed = "In";
		};
		["Head"] = {
			tm = .0329;
			cf = cfr(-.006,0,.078,.998,0,-.069,0,1,0,.069,0,.998);
			es = "Linear";
			ed = "In";
		};
		["Left Arm"] = {
			tm = .0329;
			cf = cfr(0,0,0,1,0,0,0,.978,.209,0,-.209,.978);
			es = "Linear";
			ed = "In";
		};
		["Left Leg"] = {
			tm = .0329;
			cf = cfr(0,0,0,1,0,0,0,.996,.091,0,-.091,.996);
			es = "Linear";
			ed = "In";
		};
		["Right Leg"] = {
			tm = .0329;
			cf = cfr(0,-.08,-.006,.993,.087,-.077,-.091,.995,-.041,.073,.048,.996);
			es = "Linear";
			ed = "In";
		};
	};
	{
		tm = .424;
		["Torso"] = {
			tm = .0330;
			cf = cfr(.077,0,.11,.997,0,.082,0,1,0,-.082,0,.997);
			es = "Linear";
			ed = "In";
		};
		["Right Arm"] = {
			tm = .0330;
			cf = cfr(0,.84,-.103,-.986,-.164,.019,.165,-.978,.13,-.003,.131,.991);
			es = "Linear";
			ed = "In";
		};
		["Head"] = {
			tm = .0330;
			cf = cfr(-.006,0,.079,.998,0,-.069,0,1,0,.069,0,.998);
			es = "Linear";
			ed = "In";
		};
		["Left Arm"] = {
			tm = .0330;
			cf = cfr(0,0,0,1,0,0,0,.977,.212,0,-.212,.977);
			es = "Linear";
			ed = "In";
		};
		["Left Leg"] = {
			tm = .0330;
			cf = cfr(0,0,0,1,0,0,0,.996,.093,0,-.093,.996);
			es = "Linear";
			ed = "In";
		};
		["Right Leg"] = {
			tm = .0330;
			cf = cfr(0,-.081,-.006,.993,.089,-.078,-.092,.995,-.042,.074,.049,.996);
			es = "Linear";
			ed = "In";
		};
	};
	{
		tm = .457;
		["Torso"] = {
			tm = .0319;
			cf = cfr(.078,0,.111,.997,0,.083,0,1,0,-.083,0,.997);
			es = "Linear";
			ed = "In";
		};
		["Right Arm"] = {
			tm = .0319;
			cf = cfr(0,.838,-.062,-.986,-.169,.003,.169,-.985,.032,-.002,.032,.999);
			es = "Linear";
			ed = "In";
		};
		["Head"] = {
			tm = .0319;
			cf = cfr(-.006,0,.079,.998,0,-.07,0,1,0,.07,0,.998);
			es = "Linear";
			ed = "In";
		};
		["Left Arm"] = {
			tm = .0319;
			cf = cfr(0,0,0,1,0,0,0,.977,.215,0,-.215,.977);
			es = "Linear";
			ed = "In";
		};
		["Left Leg"] = {
			tm = .0319;
			cf = cfr(0,0,0,1,0,0,0,.996,.094,0,-.094,.996);
			es = "Linear";
			ed = "In";
		};
		["Right Leg"] = {
			tm = .0319;
			cf = cfr(0,-.082,-.006,.993,.09,-.079,-.093,.995,-.042,.075,.05,.996);
			es = "Linear";
			ed = "In";
		};
	};
	{
		tm = .489;
		["Torso"] = {
			tm = .0330;
			cf = cfr(.079,0,.112,.996,0,.084,0,1,0,-.084,0,.996);
			es = "Linear";
			ed = "In";
		};
		["Right Arm"] = {
			tm = .0330;
			cf = cfr(0,.832,.01,-.985,-.173,-.028,.175,-.975,-.138,-.003,-.141,.99);
			es = "Linear";
			ed = "In";
		};
		["Head"] = {
			tm = .0330;
			cf = cfr(-.006,0,.079,.998,0,-.07,0,1,0,.07,0,.998);
			es = "Linear";
			ed = "In";
		};
		["Left Arm"] = {
			tm = .0330;
			cf = cfr(0,0,0,1,0,0,0,.976,.217,0,-.217,.976);
			es = "Linear";
			ed = "In";
		};
		["Left Leg"] = {
			tm = .0330;
			cf = cfr(0,0,0,1,0,0,0,.996,.095,0,-.095,.996);
			es = "Linear";
			ed = "In";
		};
		["Right Leg"] = {
			tm = .0330;
			cf = cfr(0,-.083,-.006,.993,.091,-.08,-.094,.995,-.043,.076,.05,.996);
			es = "Linear";
			ed = "In";
		};
	};
	{
		tm = .522;
		["Torso"] = {
			tm = .0320;
			cf = cfr(.08,0,.113,.996,0,.085,0,1,0,-.085,0,.996);
			es = "Linear";
			ed = "In";
		};
		["Right Arm"] = {
			tm = .0320;
			cf = cfr(0,.827,.088,-.985,-.164,-.059,.174,-.931,-.322,-.002,-.327,.945);
			es = "Linear";
			ed = "In";
		};
		["Head"] = {
			tm = .0320;
			cf = cfr(-.006,0,.079,.998,0,-.07,0,1,0,.07,0,.998);
			es = "Linear";
			ed = "In";
		};
		["Left Arm"] = {
			tm = .0320;
			cf = cfr(0,0,0,1,0,0,0,.976,.219,0,-.219,.976);
			es = "Linear";
			ed = "In";
		};
		["Left Leg"] = {
			tm = .0320;
			cf = cfr(0,0,0,1,0,0,0,.995,.095,0,-.095,.995);
			es = "Linear";
			ed = "In";
		};
		["Right Leg"] = {
			tm = .0320;
			cf = cfr(0,-.084,-.006,.993,.091,-.081,-.095,.995,-.043,.077,.051,.996);
			es = "Linear";
			ed = "In";
		};
	};
	{
		tm = .554;
		["Torso"] = {
			tm = .0329;
			cf = cfr(.08,0,.114,.996,0,.086,0,1,0,-.086,0,.996);
			es = "Linear";
			ed = "In";
		};
		["Right Arm"] = {
			tm = .0329;
			cf = cfr(0,.822,.153,-.986,-.148,-.08,.168,-.87,-.464,-.001,-.47,.882);
			es = "Linear";
			ed = "In";
		};
		["Head"] = {
			tm = .0329;
			cf = cfr(-.006,0,.079,.998,0,-.07,0,1,0,.07,0,.998);
			es = "Linear";
			ed = "In";
		};
		["Left Arm"] = {
			tm = .0329;
			cf = cfr(0,0,0,1,0,0,0,.975,.221,0,-.221,.975);
			es = "Linear";
			ed = "In";
		};
		["Left Leg"] = {
			tm = .0329;
			cf = cfr(0,0,0,1,0,0,0,.995,.096,0,-.096,.995);
			es = "Linear";
			ed = "In";
		};
		["Right Leg"] = {
			tm = .0329;
			cf = cfr(0,-.084,-.006,.992,.092,-.082,-.096,.994,-.044,.077,.051,.996);
			es = "Linear";
			ed = "In";
		};
	};
	{
		tm = .587;
		["Torso"] = {
			tm = .0330;
			cf = cfr(.081,0,.115,.996,0,.086,0,1,0,-.086,0,.996);
			es = "Linear";
			ed = "In";
		};
		["Right Arm"] = {
			tm = .0330;
			cf = cfr(0,.82,.182,-.987,-.138,-.087,.163,-.836,-.524,0,-.532,.847);
			es = "Linear";
			ed = "In";
		};
		["Head"] = {
			tm = .0330;
			cf = cfr(-.006,0,.079,.998,0,-.07,0,1,0,.07,0,.998);
			es = "Linear";
			ed = "In";
		};
		["Left Arm"] = {
			tm = .0330;
			cf = cfr(0,0,0,1,0,0,0,.975,.223,0,-.223,.975);
			es = "Linear";
			ed = "In";
		};
		["Left Leg"] = {
			tm = .0330;
			cf = cfr(0,0,0,1,0,0,0,.995,.097,0,-.097,.995);
			es = "Linear";
			ed = "In";
		};
		["Right Leg"] = {
			tm = .0330;
			cf = cfr(0,-.085,-.006,.992,.093,-.082,-.096,.994,-.044,.078,.051,.996);
			es = "Linear";
			ed = "In";
		};
	};
	{
		tm = .62;
		["Torso"] = {
			tm = .0320;
			cf = cfr(.081,0,.115,.996,0,.086,0,1,0,-.086,0,.996);
			es = "Linear";
			ed = "In";
		};
		["Right Arm"] = {
			tm = .0320;
			cf = cfr(0,.822,.15,-.986,-.146,-.079,.165,-.871,-.463,-.001,-.469,.883);
			es = "Linear";
			ed = "In";
		};
		["Head"] = {
			tm = .0320;
			cf = cfr(-.006,0,.079,.998,0,-.07,0,1,0,.07,0,.998);
			es = "Linear";
			ed = "In";
		};
		["Left Arm"] = {
			tm = .0320;
			cf = cfr(0,0,0,1,0,0,0,.975,.224,0,-.224,.975);
			es = "Linear";
			ed = "In";
		};
		["Left Leg"] = {
			tm = .0320;
			cf = cfr(0,0,0,1,0,0,0,.995,.097,0,-.097,.995);
			es = "Linear";
			ed = "In";
		};
		["Right Leg"] = {
			tm = .0320;
			cf = cfr(0,-.085,-.006,.992,.093,-.082,-.097,.994,-.044,.078,.052,.996);
			es = "Linear";
			ed = "In";
		};
	};
	{
		tm = .652;
		["Torso"] = {
			tm = .0330;
			cf = cfr(.081,0,.116,.996,0,.087,0,1,0,-.087,0,.996);
			es = "Linear";
			ed = "In";
		};
		["Right Arm"] = {
			tm = .0330;
			cf = cfr(0,.827,.082,-.986,-.159,-.056,.168,-.933,-.317,-.002,-.322,.947);
			es = "Linear";
			ed = "In";
		};
		["Head"] = {
			tm = .0330;
			cf = cfr(-.006,0,.079,.998,0,-.069,0,1,0,.069,0,.998);
			es = "Linear";
			ed = "In";
		};
		["Left Arm"] = {
			tm = .0330;
			cf = cfr(0,0,0,1,0,0,0,.975,.224,0,-.224,.975);
			es = "Linear";
			ed = "In";
		};
		["Left Leg"] = {
			tm = .0330;
			cf = cfr(0,0,0,1,0,0,0,.995,.097,0,-.097,.995);
			es = "Linear";
			ed = "In";
		};
		["Right Leg"] = {
			tm = .0330;
			cf = cfr(0,-.085,-.006,.992,.093,-.083,-.097,.994,-.044,.078,.052,.996);
			es = "Linear";
			ed = "In";
		};
	};
	{
		tm = .685;
		["Torso"] = {
			tm = .0319;
			cf = cfr(.081,0,.116,.996,0,.087,0,1,0,-.087,0,.996);
			es = "Linear";
			ed = "In";
		};
		["Right Arm"] = {
			tm = .0319;
			cf = cfr(0,.832,.013,-.986,-.164,-.029,.166,-.973,-.161,-.001,-.164,.987);
			es = "Linear";
			ed = "In";
		};
		["Head"] = {
			tm = .0319;
			cf = cfr(-.006,0,.078,.998,0,-.069,0,1,0,.069,0,.998);
			es = "Linear";
			ed = "In";
		};
		["Left Arm"] = {
			tm = .0319;
			cf = cfr(0,0,0,1,0,0,0,.974,.225,0,-.225,.974);
			es = "Linear";
			ed = "In";
		};
		["Left Leg"] = {
			tm = .0319;
			cf = cfr(0,0,0,1,0,0,0,.995,.098,0,-.098,.995);
			es = "Linear";
			ed = "In";
		};
		["Right Leg"] = {
			tm = .0319;
			cf = cfr(0,-.086,-.006,.992,.093,-.083,-.097,.994,-.044,.078,.052,.996);
			es = "Linear";
			ed = "In";
		};
	};
	{
		tm = .717;
		["Torso"] = {
			tm = .0330;
			cf = cfr(.081,0,.116,.996,0,.087,0,1,0,-.087,0,.996);
			es = "Linear";
			ed = "In";
		};
		["Right Arm"] = {
			tm = .0330;
			cf = cfr(0,.835,-.03,-.987,-.162,-.01,.162,-.985,-.062,0,-.063,.998);
			es = "Linear";
			ed = "In";
		};
		["Head"] = {
			tm = .0330;
			cf = cfr(-.006,0,.077,.998,0,-.068,0,1,0,.068,0,.998);
			es = "Linear";
			ed = "In";
		};
		["Left Arm"] = {
			tm = .0330;
			cf = cfr(0,0,0,1,0,0,0,.974,.225,0,-.225,.974);
			es = "Linear";
			ed = "In";
		};
		["Left Leg"] = {
			tm = .0330;
			cf = cfr(0,0,0,1,0,0,0,.995,.098,0,-.098,.995);
			es = "Linear";
			ed = "In";
		};
		["Right Leg"] = {
			tm = .0330;
			cf = cfr(0,-.086,-.006,.992,.093,-.083,-.097,.994,-.044,.078,.052,.996);
			es = "Linear";
			ed = "In";
		};
	};
	{
		tm = .75;
		["Torso"] = {
			tm = .0330;
			cf = cfr(.081,0,.115,.996,0,.086,0,1,0,-.086,0,.996);
			es = "Linear";
			ed = "In";
		};
		["Right Arm"] = {
			tm = .0330;
			cf = cfr(0,.835,-.033,-.987,-.162,-.009,.162,-.985,-.056,0,-.056,.998);
			es = "Linear";
			ed = "In";
		};
		["Head"] = {
			tm = .0330;
			cf = cfr(-.006,0,.077,.998,0,-.068,0,1,0,.068,0,.998);
			es = "Linear";
			ed = "In";
		};
		["Left Arm"] = {
			tm = .0330;
			cf = cfr(0,0,0,1,0,0,0,.975,.224,0,-.224,.975);
			es = "Linear";
			ed = "In";
		};
		["Left Leg"] = {
			tm = .0330;
			cf = cfr(0,0,0,1,0,0,0,.995,.097,0,-.097,.995);
			es = "Linear";
			ed = "In";
		};
		["Right Leg"] = {
			tm = .0330;
			cf = cfr(0,-.085,-.006,.992,.093,-.083,-.097,.994,-.044,.078,.052,.996);
			es = "Linear";
			ed = "In";
		};
	};
	{
		tm = .783;
		["Torso"] = {
			tm = .0319;
			cf = cfr(.081,0,.115,.996,0,.086,0,1,0,-.086,0,.996);
			es = "Linear";
			ed = "In";
		};
		["Right Arm"] = {
			tm = .0319;
			cf = cfr(0,.834,-.013,-.986,-.163,-.018,.164,-.981,-.101,-.001,-.102,.995);
			es = "Linear";
			ed = "In";
		};
		["Head"] = {
			tm = .0319;
			cf = cfr(-.006,0,.076,.998,0,-.067,0,1,0,.067,0,.998);
			es = "Linear";
			ed = "In";
		};
		["Left Arm"] = {
			tm = .0319;
			cf = cfr(0,0,0,1,0,0,0,.975,.223,0,-.223,.975);
			es = "Linear";
			ed = "In";
		};
		["Left Leg"] = {
			tm = .0319;
			cf = cfr(0,0,0,1,0,0,0,.995,.097,0,-.097,.995);
			es = "Linear";
			ed = "In";
		};
		["Right Leg"] = {
			tm = .0319;
			cf = cfr(0,-.085,-.006,.992,.093,-.082,-.097,.994,-.044,.078,.052,.996);
			es = "Linear";
			ed = "In";
		};
	};
	{
		tm = .815;
		["Torso"] = {
			tm = .0330;
			cf = cfr(.08,0,.114,.996,0,.086,0,1,0,-.086,0,.996);
			es = "Linear";
			ed = "In";
		};
		["Right Arm"] = {
			tm = .0330;
			cf = cfr(0,.831,.032,-.986,-.164,-.036,.168,-.965,-.204,-.002,-.207,.978);
			es = "Linear";
			ed = "In";
		};
		["Head"] = {
			tm = .0330;
			cf = cfr(-.005,0,.075,.998,0,-.066,0,1,0,.066,0,.998);
			es = "Linear";
			ed = "In";
		};
		["Left Arm"] = {
			tm = .0330;
			cf = cfr(0,0,0,1,0,0,0,.975,.222,0,-.222,.975);
			es = "Linear";
			ed = "In";
		};
		["Left Leg"] = {
			tm = .0330;
			cf = cfr(0,0,0,1,0,0,0,.995,.097,0,-.097,.995);
			es = "Linear";
			ed = "In";
		};
		["Right Leg"] = {
			tm = .0330;
			cf = cfr(0,-.085,-.006,.992,.093,-.082,-.096,.994,-.044,.077,.051,.996);
			es = "Linear";
			ed = "In";
		};
	};
	{
		tm = .848;
		["Torso"] = {
			tm = .0320;
			cf = cfr(.08,0,.113,.996,0,.085,0,1,0,-.085,0,.996);
			es = "Linear";
			ed = "In";
		};
		["Right Arm"] = {
			tm = .0320;
			cf = cfr(0,.826,.094,-.986,-.158,-.06,.169,-.925,-.342,-.002,-.347,.938);
			es = "Linear";
			ed = "In";
		};
		["Head"] = {
			tm = .0320;
			cf = cfr(-.005,0,.074,.998,0,-.065,0,1,0,.065,0,.998);
			es = "Linear";
			ed = "In";
		};
		["Left Arm"] = {
			tm = .0320;
			cf = cfr(0,0,0,1,0,0,0,.975,.221,0,-.221,.975);
			es = "Linear";
			ed = "In";
		};
		["Left Leg"] = {
			tm = .0320;
			cf = cfr(0,0,0,1,0,0,0,.995,.096,0,-.096,.995);
			es = "Linear";
			ed = "In";
		};
		["Right Leg"] = {
			tm = .0320;
			cf = cfr(0,-.084,-.006,.992,.092,-.082,-.096,.994,-.044,.077,.051,.996);
			es = "Linear";
			ed = "In";
		};
	};
	{
		tm = .88;
		["Torso"] = {
			tm = .0330;
			cf = cfr(.079,0,.112,.996,0,.084,0,1,0,-.084,0,.996);
			es = "Linear";
			ed = "In";
		};
		["Right Arm"] = {
			tm = .0330;
			cf = cfr(0,.822,.154,-.986,-.146,-.08,.166,-.868,-.468,-.001,-.475,.88);
			es = "Linear";
			ed = "In";
		};
		["Head"] = {
			tm = .0330;
			cf = cfr(-.005,0,.073,.998,0,-.064,0,1,0,.064,0,.998);
			es = "Linear";
			ed = "In";
		};
		["Left Arm"] = {
			tm = .0330;
			cf = cfr(0,0,0,1,0,0,0,.976,.219,0,-.219,.976);
			es = "Linear";
			ed = "In";
		};
		["Left Leg"] = {
			tm = .0330;
			cf = cfr(0,0,0,1,0,0,0,.995,.095,0,-.095,.995);
			es = "Linear";
			ed = "In";
		};
		["Right Leg"] = {
			tm = .0330;
			cf = cfr(0,-.084,-.006,.993,.091,-.081,-.095,.995,-.043,.077,.051,.996);
			es = "Linear";
			ed = "In";
		};
	};
	{
		tm = .913;
		["Torso"] = {
			tm = .0329;
			cf = cfr(.078,0,.111,.997,0,.083,0,1,0,-.083,0,.997);
			es = "Linear";
			ed = "In";
		};
		["Right Arm"] = {
			tm = .0329;
			cf = cfr(0,.82,.181,-.987,-.138,-.087,.163,-.836,-.524,0,-.531,.847);
			es = "Linear";
			ed = "In";
		};
		["Head"] = {
			tm = .0329;
			cf = cfr(-.005,0,.072,.998,0,-.063,0,1,0,.063,0,.998);
			es = "Linear";
			ed = "In";
		};
		["Left Arm"] = {
			tm = .0329;
			cf = cfr(0,0,0,1,0,0,0,.976,.217,0,-.217,.976);
			es = "Linear";
			ed = "In";
		};
		["Left Leg"] = {
			tm = .0329;
			cf = cfr(0,0,0,1,0,0,0,.996,.095,0,-.095,.996);
			es = "Linear";
			ed = "In";
		};
		["Right Leg"] = {
			tm = .0329;
			cf = cfr(0,-.083,-.006,.993,.091,-.08,-.094,.995,-.043,.076,.05,.996);
			es = "Linear";
			ed = "In";
		};
	};
	{
		tm = .946;
		["Torso"] = {
			tm = .0320;
			cf = cfr(.077,0,.11,.997,0,.082,0,1,0,-.082,0,.997);
			es = "Linear";
			ed = "In";
		};
		["Right Arm"] = {
			tm = .0320;
			cf = cfr(0,.822,.157,-.986,-.143,-.08,.164,-.863,-.478,-.001,-.485,.875);
			es = "Linear";
			ed = "In";
		};
		["Head"] = {
			tm = .0320;
			cf = cfr(-.005,0,.07,.998,0,-.062,0,1,0,.062,0,.998);
			es = "Linear";
			ed = "In";
		};
		["Left Arm"] = {
			tm = .0320;
			cf = cfr(0,0,0,1,0,0,0,.977,.214,0,-.214,.977);
			es = "Linear";
			ed = "In";
		};
		["Left Leg"] = {
			tm = .0320;
			cf = cfr(0,0,0,1,0,0,0,.996,.094,0,-.094,.996);
			es = "Linear";
			ed = "In";
		};
		["Right Leg"] = {
			tm = .0320;
			cf = cfr(0,-.082,-.006,.993,.09,-.079,-.093,.995,-.042,.075,.05,.996);
			es = "Linear";
			ed = "In";
		};
	};
	{
		tm = .978;
		["Torso"] = {
			tm = .0329;
			cf = cfr(.076,0,.109,.997,0,.081,0,1,0,-.081,0,.997);
			es = "Linear";
			ed = "In";
		};
		["Right Arm"] = {
			tm = .0329;
			cf = cfr(0,.827,.076,-.986,-.158,-.054,.167,-.935,-.313,-.001,-.318,.948);
			es = "Linear";
			ed = "In";
		};
		["Head"] = {
			tm = .0329;
			cf = cfr(-.005,0,.069,.998,0,-.061,0,1,0,.061,0,.998);
			es = "Linear";
			ed = "In";
		};
		["Left Arm"] = {
			tm = .0329;
			cf = cfr(0,0,0,1,0,0,0,.977,.212,0,-.212,.977);
			es = "Linear";
			ed = "In";
		};
		["Left Leg"] = {
			tm = .0329;
			cf = cfr(0,0,0,1,0,0,0,.996,.093,0,-.093,.996);
			es = "Linear";
			ed = "In";
		};
		["Right Leg"] = {
			tm = .0329;
			cf = cfr(0,-.081,-.006,.993,.089,-.079,-.092,.995,-.042,.074,.049,.996);
			es = "Linear";
			ed = "In";
		};
	};
	{
		tm = 1.011;
		["Torso"] = {
			tm = .0320;
			cf = cfr(.075,0,.107,.997,0,.08,0,1,0,-.08,0,.997);
			es = "Linear";
			ed = "In";
		};
		["Right Arm"] = {
			tm = .0320;
			cf = cfr(0,.833,-.003,-.987,-.162,-.023,.164,-.977,-.136,0,-.138,.99);
			es = "Linear";
			ed = "In";
		};
		["Head"] = {
			tm = .0320;
			cf = cfr(-.005,0,.068,.998,0,-.06,0,1,0,.06,0,.998);
			es = "Linear";
			ed = "In";
		};
		["Left Arm"] = {
			tm = .0320;
			cf = cfr(0,0,0,1,0,0,0,.978,.208,0,-.208,.978);
			es = "Linear";
			ed = "In";
		};
		["Left Leg"] = {
			tm = .0320;
			cf = cfr(0,0,0,1,0,0,0,.996,.091,0,-.091,.996);
			es = "Linear";
			ed = "In";
		};
		["Right Leg"] = {
			tm = .0320;
			cf = cfr(0,-.08,-.006,.993,.088,-.078,-.091,.995,-.041,.074,.048,.996);
			es = "Linear";
			ed = "In";
		};
	};
	{
		tm = 1.043;
		["Torso"] = {
			tm = .0330;
			cf = cfr(.074,0,.105,.997,0,.079,0,1,0,-.079,0,.997);
			es = "Linear";
			ed = "In";
		};
		["Right Arm"] = {
			tm = .0330;
			cf = cfr(0,.835,-.025,-.987,-.162,-.013,.163,-.984,-.075,0,-.076,.997);
			es = "Linear";
			ed = "In";
		};
		["Head"] = {
			tm = .0330;
			cf = cfr(-.005,0,.066,.998,0,-.058,0,1,0,.058,0,.998);
			es = "Linear";
			ed = "In";
		};
		["Left Arm"] = {
			tm = .0330;
			cf = cfr(0,0,0,1,0,0,0,.979,.205,0,-.205,.979);
			es = "Linear";
			ed = "In";
		};
		["Left Leg"] = {
			tm = .0330;
			cf = cfr(0,0,0,1,0,0,0,.996,.09,0,-.09,.996);
			es = "Linear";
			ed = "In";
		};
		["Right Leg"] = {
			tm = .0330;
			cf = cfr(0,-.079,-.006,.993,.086,-.076,-.09,.995,-.041,.072,.047,.996);
			es = "Linear";
			ed = "In";
		};
	};
	{
		tm = 1.076;
		["Torso"] = {
			tm = .0329;
			cf = cfr(.072,0,.103,.997,0,.077,0,1,0,-.077,0,.997);
			es = "Linear";
			ed = "In";
		};
		["Right Arm"] = {
			tm = .0329;
			cf = cfr(0,.842,-.032,-.989,-.148,-.006,.148,-.987,-.059,.003,-.059,.998);
			es = "Linear";
			ed = "In";
		};
		["Head"] = {
			tm = .0329;
			cf = cfr(-.005,0,.065,.998,0,-.057,0,1,0,.057,0,.998);
			es = "Linear";
			ed = "In";
		};
		["Left Arm"] = {
			tm = .0329;
			cf = cfr(0,0,0,1,0,0,0,.98,.201,0,-.201,.98);
			es = "Linear";
			ed = "In";
		};
		["Left Leg"] = {
			tm = .0329;
			cf = cfr(0,0,0,1,0,0,0,.996,.089,0,-.089,.996);
			es = "Linear";
			ed = "In";
		};
		["Right Leg"] = {
			tm = .0329;
			cf = cfr(0,-.078,-.006,.994,.085,-.075,-.088,.995,-.04,.071,.047,.996);
			es = "Linear";
			ed = "In";
		};
	};
	{
		tm = 1.109;
		["Torso"] = {
			tm = .0320;
			cf = cfr(.071,0,.101,.997,0,.076,0,1,0,-.076,0,.997);
			es = "Linear";
			ed = "In";
		};
		["Right Arm"] = {
			tm = .0320;
			cf = cfr(0,.845,-.011,-.99,-.141,-.012,.142,-.983,-.114,.004,-.115,.993);
			es = "Linear";
			ed = "In";
		};
		["Head"] = {
			tm = .0320;
			cf = cfr(-.005,0,.063,.998,0,-.055,0,1,0,.055,0,.998);
			es = "Linear";
			ed = "In";
		};
		["Left Arm"] = {
			tm = .0320;
			cf = cfr(0,0,0,1,0,0,0,.98,.197,0,-.197,.98);
			es = "Linear";
			ed = "In";
		};
		["Left Leg"] = {
			tm = .0320;
			cf = cfr(0,0,0,1,0,0,0,.996,.087,0,-.087,.996);
			es = "Linear";
			ed = "In";
		};
		["Right Leg"] = {
			tm = .0320;
			cf = cfr(0,-.076,-.006,.994,.084,-.074,-.087,.995,-.039,.07,.046,.996);
			es = "Linear";
			ed = "In";
		};
	};
	{
		tm = 1.141;
		["Torso"] = {
			tm = .0329;
			cf = cfr(.069,0,.099,.997,0,.074,0,1,0,-.074,0,.997);
			es = "Linear";
			ed = "In";
		};
		["Right Arm"] = {
			tm = .0329;
			cf = cfr(0,.857,.083,-.993,-.109,-.04,.116,-.951,-.287,-.006,-.29,.957);
			es = "Linear";
			ed = "In";
		};
		["Head"] = {
			tm = .0329;
			cf = cfr(-.004,0,.061,.999,0,-.054,0,1,0,.054,0,.999);
			es = "Linear";
			ed = "In";
		};
		["Left Arm"] = {
			tm = .0329;
			cf = cfr(0,0,0,1,0,0,0,.982,.191,0,-.191,.982);
			es = "Linear";
			ed = "In";
		};
		["Left Leg"] = {
			tm = .0329;
			cf = cfr(0,0,0,1,0,0,0,.996,.085,0,-.085,.996);
			es = "Linear";
			ed = "In";
		};
		["Right Leg"] = {
			tm = .0329;
			cf = cfr(0,-.075,-.005,.994,.082,-.072,-.085,.996,-.039,.069,.045,.997);
			es = "Linear";
			ed = "In";
		};
	};
	{
		tm = 1.174;
		["Torso"] = {
			tm = .0330;
			cf = cfr(.068,0,.096,.997,0,.072,0,1,0,-.072,0,.997);
			es = "Linear";
			ed = "In";
		};
		["Right Arm"] = {
			tm = .0330;
			cf = cfr(0,.863,.226,-.995,-.063,-.077,.095,-.835,-.542,-.03,-.546,.837);
			es = "Linear";
			ed = "In";
		};
		["Head"] = {
			tm = .0330;
			cf = cfr(-.004,0,.059,.999,0,-.052,0,1,0,.052,0,.999);
			es = "Linear";
			ed = "In";
		};
		["Left Arm"] = {
			tm = .0330;
			cf = cfr(0,0,0,1,0,0,0,.983,.183,0,-.183,.983);
			es = "Linear";
			ed = "In";
		};
		["Left Leg"] = {
			tm = .0330;
			cf = cfr(0,0,0,1,0,0,0,.997,.083,0,-.083,.997);
			es = "Linear";
			ed = "In";
		};
		["Right Leg"] = {
			tm = .0330;
			cf = cfr(0,-.073,-.005,.994,.08,-.071,-.083,.996,-.038,.067,.043,.997);
			es = "Linear";
			ed = "In";
		};
	};
	{
		tm = 1.207;
		["Torso"] = {
			tm = .0320;
			cf = cfr(.065,0,.092,.998,0,.069,0,1,0,-.069,0,.998);
			es = "Linear";
			ed = "In";
		};
		["Right Arm"] = {
			tm = .0320;
			cf = cfr(0,.816,.335,-.988,-.108,-.113,.156,-.703,-.694,-.005,-.703,.711);
			es = "Linear";
			ed = "In";
		};
		["Head"] = {
			tm = .0320;
			cf = cfr(-.004,0,.058,.999,0,-.051,0,1,0,.051,0,.999);
			es = "Linear";
			ed = "In";
		};
		["Left Arm"] = {
			tm = .0320;
			cf = cfr(0,0,0,1,0,0,0,.985,.171,0,-.171,.985);
			es = "Linear";
			ed = "In";
		};
		["Left Leg"] = {
			tm = .0320;
			cf = cfr(0,0,0,1,0,0,0,.997,.082,0,-.082,.997);
			es = "Linear";
			ed = "In";
		};
		["Right Leg"] = {
			tm = .0320;
			cf = cfr(0,-.071,-.005,.995,.078,-.069,-.081,.996,-.037,.066,.042,.997);
			es = "Linear";
			ed = "In";
		};
	};
	{
		tm = 1.239;
		["Torso"] = {
			tm = .0329;
			cf = cfr(.061,0,.087,.998,0,.065,0,1,0,-.065,0,.998);
			es = "Linear";
			ed = "In";
		};
		["Right Arm"] = {
			tm = .0329;
			cf = cfr(0,.665,.336,-.92,-.346,-.186,.38,-.66,-.648,.102,-.667,.738);
			es = "Linear";
			ed = "In";
		};
		["Head"] = {
			tm = .0329;
			cf = cfr(-.004,0,.055,.999,0,-.048,0,1,0,.048,0,.999);
			es = "Linear";
			ed = "In";
		};
		["Left Arm"] = {
			tm = .0329;
			cf = cfr(0,0,0,1,0,0,0,.988,.156,0,-.156,.988);
			es = "Linear";
			ed = "In";
		};
		["Left Leg"] = {
			tm = .0329;
			cf = cfr(0,0,0,1,0,0,0,.997,.078,0,-.078,.997);
			es = "Linear";
			ed = "In";
		};
		["Right Leg"] = {
			tm = .0329;
			cf = cfr(0,-.068,-.005,.995,.075,-.066,-.078,.996,-.035,.063,.04,.997);
			es = "Linear";
			ed = "In";
		};
	};
	{
		tm = 1.272;
		["Torso"] = {
			tm = .0320;
			cf = cfr(.056,0,.079,.998,0,.06,0,1,0,-.06,0,.998);
			es = "Linear";
			ed = "In";
		};
		["Right Arm"] = {
			tm = .0320;
			cf = cfr(0,.467,.299,-.721,-.627,-.296,.671,-.525,-.523,.172,-.576,.799);
			es = "Linear";
			ed = "In";
		};
		["Head"] = {
			tm = .0320;
			cf = cfr(-.004,0,.051,.999,0,-.045,0,1,0,.045,0,.999);
			es = "Linear";
			ed = "In";
		};
		["Left Arm"] = {
			tm = .0320;
			cf = cfr(0,0,0,1,0,0,0,.99,.139,0,-.139,.99);
			es = "Linear";
			ed = "In";
		};
		["Left Leg"] = {
			tm = .0320;
			cf = cfr(0,0,0,1,0,0,0,.997,.072,0,-.072,.997);
			es = "Linear";
			ed = "In";
		};
		["Right Leg"] = {
			tm = .0320;
			cf = cfr(0,-.063,-.005,.996,.07,-.061,-.072,.997,-.033,.059,.037,.998);
			es = "Linear";
			ed = "In";
		};
	};
	{
		tm = 1.304;
		["Torso"] = {
			tm = .0329;
			cf = cfr(.05,0,.071,.999,0,.053,0,1,0,-.053,0,.999);
			es = "Linear";
			ed = "In";
		};
		["Right Arm"] = {
			tm = .0329;
			cf = cfr(0,.257,.247,-.371,-.831,-.415,.907,-.229,-.353,.198,-.508,.838);
			es = "Linear";
			ed = "In";
		};
		["Head"] = {
			tm = .0329;
			cf = cfr(-.003,0,.045,.999,0,-.039,0,1,0,.039,0,.999);
			es = "Linear";
			ed = "In";
		};
		["Left Arm"] = {
			tm = .0329;
			cf = cfr(0,0,0,1,0,0,0,.993,.12,0,-.12,.993);
			es = "Linear";
			ed = "In";
		};
		["Left Leg"] = {
			tm = .0329;
			cf = cfr(0,0,0,1,0,0,0,.998,.064,0,-.064,.998);
			es = "Linear";
			ed = "In";
		};
		["Right Leg"] = {
			tm = .0329;
			cf = cfr(0,-.056,-.004,.997,.062,-.054,-.064,.998,-.029,.052,.032,.998);
			es = "Linear";
			ed = "In";
		};
	};
	{
		tm = 1.337;
		["Torso"] = {
			tm = .0330;
			cf = cfr(.043,0,.061,.999,0,.046,0,1,0,-.046,0,.999);
			es = "Linear";
			ed = "In";
		};
		["Right Arm"] = {
			tm = .0330;
			cf = cfr(0,.064,.189,.057,-.86,-.506,.971,.165,-.172,.232,-.482,.845);
			es = "Linear";
			ed = "In";
		};
		["Head"] = {
			tm = .0330;
			cf = cfr(-.003,0,.038,.999,0,-.033,0,1,0,.033,0,.999);
			es = "Linear";
			ed = "In";
		};
		["Left Arm"] = {
			tm = .0330;
			cf = cfr(0,0,0,1,0,0,0,.995,.1,0,-.1,.995);
			es = "Linear";
			ed = "In";
		};
		["Left Leg"] = {
			tm = .0330;
			cf = cfr(0,0,0,1,0,0,0,.999,.054,0,-.054,.999);
			es = "Linear";
			ed = "In";
		};
		["Right Leg"] = {
			tm = .0330;
			cf = cfr(0,-.047,-.003,.998,.053,-.046,-.054,.998,-.025,.045,.027,.999);
			es = "Linear";
			ed = "In";
		};
	};
	{
		tm = 1.37;
		["Torso"] = {
			tm = .0319;
			cf = cfr(.036,0,.051,.999,0,.038,0,1,0,-.038,0,.999);
			es = "Linear";
			ed = "In";
		};
		["Right Arm"] = {
			tm = .0319;
			cf = cfr(0,-.079,.139,.419,-.73,-.54,.856,.516,-.032,.302,-.449,.841);
			es = "Linear";
			ed = "In";
		};
		["Head"] = {
			tm = .0319;
			cf = cfr(-.002,0,.03,1,0,-.027,0,1,0,.027,0,1);
			es = "Linear";
			ed = "In";
		};
		["Left Arm"] = {
			tm = .0319;
			cf = cfr(0,0,0,1,0,0,0,.997,.079,0,-.079,.997);
			es = "Linear";
			ed = "In";
		};
		["Left Leg"] = {
			tm = .0319;
			cf = cfr(0,0,0,1,0,0,0,.999,.043,0,-.043,.999);
			es = "Linear";
			ed = "In";
		};
		["Right Leg"] = {
			tm = .0319;
			cf = cfr(0,-.038,-.003,.998,.042,-.037,-.043,.999,-.02,.036,.021,.999);
			es = "Linear";
			ed = "In";
		};
	};
	{
		tm = 1.402;
		["Torso"] = {
			tm = .0330;
			cf = cfr(.028,0,.04,1,0,.03,0,1,0,-.03,0,1);
			es = "Linear";
			ed = "In";
		};
		["Right Arm"] = {
			tm = .0330;
			cf = cfr(0,-.129,.101,.663,-.57,-.484,.663,.748,.028,.347,-.34,.874);
			es = "Linear";
			ed = "In";
		};
		["Head"] = {
			tm = .0330;
			cf = cfr(-.002,0,.022,1,0,-.02,0,1,0,.02,0,1);
			es = "Linear";
			ed = "In";
		};
		["Left Arm"] = {
			tm = .0330;
			cf = cfr(0,0,0,1,0,0,0,.998,.058,0,-.058,.998);
			es = "Linear";
			ed = "In";
		};
		["Left Leg"] = {
			tm = .0330;
			cf = cfr(0,0,0,1,0,0,0,.999,.032,0,-.032,.999);
			es = "Linear";
			ed = "In";
		};
		["Right Leg"] = {
			tm = .0330;
			cf = cfr(0,-.028,-.002,.999,.031,-.027,-.032,.999,-.014,.027,.015,1);
			es = "Linear";
			ed = "In";
		};
	};
	{
		tm = 1.435;
		["Torso"] = {
			tm = .0320;
			cf = cfr(.021,0,.03,1,0,.022,0,1,0,-.022,0,1);
			es = "Linear";
			ed = "In";
		};
		["Right Arm"] = {
			tm = .0320;
			cf = cfr(0,-.107,.067,.839,-.414,-.353,.454,.891,.033,.301,-.188,.935);
			es = "Linear";
			ed = "In";
		};
		["Head"] = {
			tm = .0320;
			cf = cfr(-.001,0,.014,1,0,-.013,0,1,0,.013,0,1);
			es = "Linear";
			ed = "In";
		};
		["Left Arm"] = {
			tm = .0320;
			cf = cfr(0,0,0,1,0,0,0,.999,.038,0,-.038,.999);
			es = "Linear";
			ed = "In";
		};
		["Left Leg"] = {
			tm = .0320;
			cf = cfr(0,0,0,1,0,0,0,1,.021,0,-.021,1);
			es = "Linear";
			ed = "In";
		};
		["Right Leg"] = {
			tm = .0320;
			cf = cfr(0,-.018,-.001,1,.02,-.018,-.021,1,-.009,.017,.01,1);
			es = "Linear";
			ed = "In";
		};
	};
	{
		tm = 1.467;
		["Torso"] = {
			tm = .0329;
			cf = cfr(.014,0,.019,1,0,.014,0,1,0,-.014,0,1);
			es = "Linear";
			ed = "In";
		};
		["Right Arm"] = {
			tm = .0329;
			cf = cfr(0,-.05,.034,.957,-.229,-.176,.235,.972,.014,.168,-.055,.984);
			es = "Linear";
			ed = "In";
		};
		["Head"] = {
			tm = .0329;
			cf = cfr(-.001,0,.007,1,0,-.006,0,1,0,.006,0,1);
			es = "Linear";
			ed = "In";
		};
		["Left Arm"] = {
			tm = .0329;
			cf = cfr(0,0,0,1,0,0,0,1,.018,0,-.018,1);
			es = "Linear";
			ed = "In";
		};
		["Left Leg"] = {
			tm = .0329;
			cf = cfr(0,0,0,1,0,0,0,1,.01,0,-.01,1);
			es = "Linear";
			ed = "In";
		};
		["Right Leg"] = {
			tm = .0329;
			cf = cfr(0,-.009,-.001,1,.01,-.008,-.01,1,-.004,.008,.005,1);
			es = "Linear";
			ed = "In";
		};
	};
	{
		tm = 1.5;
		["Torso"] = {
			tm = 0;
			cf = cfr(.007,0,.009,1,0,.007,0,1,0,-.007,0,1);
			es = "Linear";
			ed = "In";
		};
		["Right Arm"] = {
			tm = 0;
			cf = cfr(0,0,0,1,0,0,0,1,0,0,0,1);
			es = "Linear";
			ed = "In";
		};
		["Head"] = {
			tm = 0;
			cf = cfr(0,0,0,1,0,0,0,1,0,0,0,1);
			es = "Linear";
			ed = "In";
		};
		["Left Arm"] = {
			tm = 0;
			cf = cfr(0,0,0,1,0,0,0,1,0,0,0,1);
			es = "Linear";
			ed = "In";
		};
		["Left Leg"] = {
			tm = 0;
			cf = cfr(0,0,0,1,0,0,0,1,0,0,0,1);
			es = "Linear";
			ed = "In";
		};
		["Right Leg"] = {
			tm = 0;
			cf = cfr(0,0,0,1,0,0,0,1,0,0,0,1);
			es = "Linear";
			ed = "In";
		};
	};
}
